-4.30078125
-4.19140625
-4.19140625
-4.265625
-4.265625
-4.265625
-4.265625
-4.15625
-4.15625
-3.8359375
-3.8359375
0.28125
0.28125
0.28125
0.28125
-0.56640625
-0.56640625
-1.91796875
-1.91796875
-1.953125
-1.953125
-2.23828125
-2.23828125
-1.8125
-1.8125
-1.98828125
-1.98828125
-1.3828125
-1.3828125
-1.84765625
-1.84765625
-2.05859375
-2.05859375
-2.1328125
-2.1328125
-2.48828125
-2.48828125
-2.4140625
-2.4140625
-2.09375
-2.09375
-2.44921875
-2.44921875
-2.1328125
-2.1328125
-2.1328125
-2.1328125
-2.4140625
-2.4140625
-2.4140625
-2.4140625
-2.59375
-2.59375
-2.55859375
-2.55859375
-2.55859375
-2.55859375
-2.87890625
-2.87890625
-2.59375
-2.59375
-3.0546875
-3.0546875
-3.234375
-3.234375
-3.234375
-3.234375
-2.76953125
-2.76953125
-2.87890625
-2.87890625
-3.125
-3.125
-2.9140625
-2.9140625
-2.84375
-2.84375
-2.84375
-2.84375
-2.2734375
-2.2734375
-2.2734375
-2.2734375
-2.76953125
-2.76953125
-2.59375
-2.59375
-2.59375
-2.59375
-2.55859375
-2.55859375
-2.44921875
-2.44921875
-2.44921875
-2.44921875
-2.203125
-2.203125
-2.37890625
-2.37890625
-2.05859375
-2.05859375
-2.05859375
-2.05859375
-2.05859375
-2.05859375
-1.91796875
-1.91796875
-1.91796875
-1.91796875
-2.0234375
-2.0234375
-2.09375
-2.09375
-2.16796875
-2.16796875
-1.84765625
-1.84765625
-2.09375
-2.09375
-1.77734375
-1.77734375
-1.953125
-1.953125
-1.953125
-1.953125
-2.09375
-2.09375
-1.703125
-1.703125
-1.703125
-1.703125
-1.77734375
-1.77734375
-1.8125
-1.8125
-1.52734375
-1.52734375
-1.6328125
-1.6328125
-1.8828125
-1.8828125
-1.3125
-1.3125
-1.45703125
-1.45703125
-1.45703125
-1.45703125
-1.421875
-1.421875
-1.4921875
-1.4921875
-1.5625
-1.5625
-1.2421875
-1.2421875
-0.88671875
-0.88671875
-0.921875
-0.921875
-0.921875
-0.921875
-0.74609375
-0.74609375
-0.88671875
-0.88671875
-0.95703125
-0.95703125
-0.35546875
-0.35546875
-0.6015625
-0.6015625
-0.140625
-0.140625
-0.31640625
-0.31640625
-0.4609375
-0.4609375
-0.24609375
-0.24609375
-0.4609375
-0.4609375
-0.140625
-0.140625
-0.28125
-0.28125
-0.28125
-0.28125
-0.140625
-0.140625
-0.140625
-0.140625
-0.24609375
-0.24609375
-0.31640625
-0.31640625
-0.31640625
-0.31640625
-0.49609375
-0.49609375
-0.49609375
-0.49609375
-0.4609375
-0.4609375
-0.74609375
-0.74609375
-0.74609375
-0.74609375
-0.7109375
-0.7109375
-0.7109375
-0.7109375
-0.81640625
-0.81640625
-0.81640625
-0.81640625
-0.81640625
-0.81640625
-0.9921875
-0.9921875
-0.88671875
-0.88671875
-0.921875
-0.921875
-0.921875
-0.921875
-0.56640625
-0.56640625
-0.81640625
-0.81640625
-0.53125
-0.53125
-0.53125
-0.53125
-0.56640625
-0.56640625
-0.7109375
-0.7109375
-0.4609375
-0.4609375
-0.42578125
-0.42578125
-0.49609375
-0.49609375
-0.49609375
-0.49609375
-0.53125
-0.53125
-0.390625
-0.390625
-0.53125
-0.53125
-0.28125
-0.28125
-0.28125
-0.28125
-0.140625
-0.140625
-0.140625
-0.140625
-0.140625
-0.140625
0
0
-0.390625
-0.390625
-0.390625
-0.390625
0
0
-0.24609375
-0.24609375
-0.03515625
-0.03515625
0.0703125
0.0703125
-0.140625
-0.140625
-0.31640625
-0.31640625
-0.140625
-0.140625
-0.10546875
-0.10546875
-0.0703125
-0.0703125
0
0
0.2109375
0.2109375
0.2109375
0.2109375
0.24609375
0.24609375
0.24609375
0.24609375
-0.140625
-0.140625
-0.140625
-0.140625
-0.28125
-0.28125
-0.42578125
-0.42578125
-0.140625
-0.140625
-0.17578125
-0.17578125
-0.4609375
-0.4609375
-0.6015625
-0.6015625
-0.390625
-0.390625
-0.24609375
-0.24609375
-0.24609375
-0.24609375
-0.140625
-0.140625
-0.140625
-0.140625
-0.10546875
-0.10546875
-0.390625
-0.390625
-0.49609375
-0.49609375
-0.28125
-0.28125
-0.2109375
-0.2109375
0.0703125
0.0703125
-0.35546875
-0.35546875
-0.140625
-0.140625
-0.0703125
-0.0703125
-0.0703125
-0.0703125
-0.140625
-0.140625
-0.03515625
-0.03515625
-0.0703125
-0.0703125
0.35546875
0.35546875
0.24609375
0.24609375
0.24609375
0.24609375
0.28125
0.28125
0.28125
0.28125
0.390625
0.390625
0.53125
0.53125
0.63671875
0.63671875
0.671875
0.671875
0.53125
0.53125
0.671875
0.671875
0.7109375
0.7109375
0.81640625
0.81640625
0.6015625
0.6015625
0.9921875
0.9921875
0.9921875
0.9921875
1.20703125
1.20703125
0.921875
0.921875
0.921875
0.921875
0.56640625
0.56640625
0.7109375
0.7109375
0.49609375
0.49609375
0.49609375
0.49609375
0.7109375
0.7109375
0.42578125
0.42578125
0.42578125
0.42578125
0.2109375
0.2109375
0
0
0.03515625
0
0
0
0
0
0
0
0
0
0
0
0
0
0
0
0
0
0
0
0
0
0
0
0
0
0
0
0
0
0
0
0
0
0
0
