9.953125
9.453125
9.453125
9.55859375
9.55859375
9.55859375
9.55859375
9.55859375
9.55859375
9.87890625
9.87890625
19.65625
19.65625
19.65625
19.65625
15.0703125
15.0703125
13.8984375
13.8984375
14.359375
14.359375
13.54296875
13.54296875
12.97265625
12.97265625
14.46484375
14.46484375
14.5
14.5
13.54296875
13.54296875
12.4765625
12.4765625
10.91015625
10.91015625
10.8046875
10.8046875
10.4140625
10.4140625
11.41015625
11.41015625
10.875
10.875
10.4140625
10.4140625
10.4140625
10.4140625
8.88671875
8.88671875
8.88671875
8.88671875
6.71484375
6.71484375
5.86328125
5.86328125
5.86328125
5.86328125
5.1875
5.1875
3.5546875
3.5546875
3.87109375
3.87109375
3.4453125
3.4453125
3.4453125
3.4453125
2.76953125
2.76953125
2.62890625
2.62890625
2.8046875
2.8046875
2.1328125
2.1328125
2.203125
2.203125
2.203125
2.203125
3.01953125
3.01953125
3.01953125
3.01953125
3.48046875
3.48046875
3.41015625
3.41015625
3.41015625
3.41015625
4.2265625
4.2265625
4.69140625
4.69140625
4.69140625
4.69140625
4.90234375
4.90234375
5.4375
5.4375
5.72265625
5.72265625
5.7578125
5.7578125
5.7578125
5.7578125
6.2890625
6.2890625
6.25390625
6.25390625
6.859375
6.859375
6.21875
6.21875
6.2890625
6.2890625
6.57421875
6.57421875
6.359375
6.359375
7
7
6.57421875
6.57421875
6.57421875
6.57421875
6.7890625
6.7890625
6.5390625
6.5390625
6.359375
6.359375
6.04296875
6.04296875
5.79296875
5.79296875
5.828125
5.828125
5.79296875
5.79296875
6.18359375
6.18359375
5.6484375
5.6484375
5.3671875
5.3671875
5.29296875
5.29296875
4.7265625
4.7265625
5.1875
5.1875
4.62109375
4.62109375
4.3359375
4.3359375
4.69140625
4.69140625
4.0859375
4.0859375
4.0859375
4.0859375
3.98046875
3.98046875
3.66015625
3.66015625
3.4453125
3.4453125
3.3046875
3.3046875
3.19921875
3.19921875
3.0546875
3.0546875
2.984375
2.984375
3.01953125
3.01953125
2.59375
2.59375
2.30859375
2.30859375
2.37890625
2.37890625
2.2734375
2.2734375
2.2734375
2.2734375
1.8125
1.8125
1.8125
1.8125
1.73828125
1.73828125
1.171875
1.171875
0.78125
0.78125
0.31640625
0.31640625
0.31640625
0.31640625
0.17578125
0.17578125
0.4609375
0.4609375
0.4609375
0.4609375
0
0
0
0
0.03515625
0.03515625
0.140625
0.140625
0.140625
0.140625
0
0
-0.7109375
-0.7109375
-1.4921875
-1.4921875
-1.4921875
-1.4921875
-1.171875
-1.171875
-1.4921875
-1.4921875
-1.52734375
-1.52734375
-1.91796875
-1.91796875
-1.66796875
-1.66796875
-2.2734375
-2.2734375
-1.953125
-1.953125
-1.953125
-1.953125
-2.37890625
-2.37890625
-2.0234375
-2.0234375
-2.5234375
-2.5234375
-2.6640625
-2.6640625
-2.4140625
-2.4140625
-2.984375
-2.984375
-2.55859375
-2.55859375
-3.16015625
-3.16015625
-3.16015625
-3.16015625
-3.58984375
-3.58984375
-3.91015625
-3.91015625
-4.015625
-4.015625
-4.015625
-4.015625
-4.19140625
-4.19140625
-4.015625
-4.015625
-4.265625
-4.265625
-4.44140625
-4.44140625
-4.51171875
-4.51171875
-4.546875
-4.546875
-4.44140625
-4.44140625
-4.15625
-4.15625
-4.9765625
-4.9765625
-4.9375
-4.9375
-4.4765625
-4.4765625
-4.4765625
-4.4765625
-4.3359375
-4.3359375
-4.3359375
-4.3359375
-5.3671875
-5.3671875
-5.3671875
-5.3671875
-5.40234375
-5.40234375
-5.3671875
-5.3671875
-5.3671875
-5.3671875
-5.1171875
-5.1171875
-5.72265625
-5.72265625
-6.21875
-6.21875
-6.82421875
-6.82421875
-5.86328125
-5.86328125
-6.3984375
-6.3984375
-6.57421875
-6.57421875
-6.57421875
-6.57421875
-5.6875
-5.6875
-6.2890625
-6.2890625
-6.11328125
-6.11328125
-6.32421875
-6.32421875
-7.5703125
-7.5703125
-6.609375
-6.609375
-6.3984375
-6.3984375
-6.82421875
-6.82421875
-6.9296875
-6.9296875
-7.42578125
-7.42578125
-7.0703125
-7.0703125
-6.32421875
-6.32421875
-7.78125
-7.78125
-7.7109375
-7.7109375
-7.67578125
-7.67578125
-6.89453125
-6.89453125
-7.46484375
-7.46484375
-7.46484375
-7.46484375
-6.3984375
-6.3984375
-7.109375
-7.109375
-8.53125
-8.53125
-7.0703125
-7.0703125
-8.03125
-8.03125
-7
-7
-7.890625
-7.890625
-6.57421875
-6.57421875
-6.50390625
-6.50390625
-6.43359375
-6.43359375
-6.43359375
-6.43359375
-6.609375
-6.609375
-6.7890625
-6.7890625
-6.7890625
-6.7890625
-5.828125
-5.828125
-6.6796875
-6.6796875
-5.40234375
-5.40234375
-5.40234375
-5.40234375
-4.44140625
-4.44140625
-3.16015625
-3.16015625
-3.16015625
-3.16015625
-2.9140625
-2.9140625
-3.01953125
-3.01953125
-2.984375
0
0
0
0
0
0
0
0
0
0
0
0
0
0
0
0
0
0
0
0
0
0
0
0
0
0
0
0
0
0
0
0
0
0
0
