0.17578125
0.03515625
0.03515625
1.02734375
1.02734375
1.52734375
1.52734375
2.203125
2.203125
2.48828125
2.48828125
2.48828125
2.48828125
8.31640625
8.31640625
7.109375
7.109375
4.83203125
4.83203125
4.83203125
4.83203125
4.62109375
4.62109375
4.62109375
4.62109375
3.41015625
3.41015625
3.19921875
3.19921875
2.44921875
2.44921875
1.4921875
1.4921875
2.0234375
2.0234375
7.5703125
7.5703125
8.7421875
8.7421875
9.98828125
9.98828125
9.27734375
9.27734375
7.42578125
7.42578125
5.1171875
5.1171875
5.1171875
5.1171875
4.51171875
4.51171875
-1.34765625
-1.34765625
-2.48828125
-2.48828125
-1.13671875
-1.13671875
-4.40625
-4.40625
-5.2578125
-5.2578125
-5.2578125
-5.2578125
-6.25390625
-6.25390625
-7.3203125
-7.3203125
-8.671875
-8.671875
-9.2421875
-9.2421875
-9.2421875
-9.2421875
-8.921875
-8.921875
-7.74609375
-7.74609375
-6.46875
-6.46875
-5.47265625
-5.47265625
-2.87890625
-2.87890625
-3.26953125
-3.26953125
-1.02734375
-1.02734375
0
0
0
0
0.42578125
0.42578125
0.17578125
0.17578125
0.81640625
0.81640625
0.78125
0.78125
2.0234375
2.0234375
2.984375
2.984375
2.984375
2.984375
2.69921875
2.69921875
3.515625
3.515625
3.01953125
3.01953125
3.4453125
3.4453125
3.4453125
3.4453125
3.625
3.625
3.9453125
3.9453125
3.9453125
3.9453125
4.12109375
4.12109375
4.2265625
4.2265625
4.30078125
4.30078125
4.30078125
4.30078125
4.2265625
4.2265625
4.62109375
4.62109375
4.62109375
4.62109375
4.65625
4.65625
5.01171875
5.01171875
4.62109375
4.62109375
4.546875
4.546875
4.3359375
4.3359375
4.3359375
4.3359375
3.765625
3.765625
3.8359375
3.8359375
3.58984375
3.58984375
3.58984375
3.58984375
2.8046875
2.8046875
2.48828125
2.48828125
2.6640625
2.6640625
2.6640625
2.6640625
2.30859375
2.30859375
2.5234375
2.5234375
2.34375
2.34375
2.16796875
2.16796875
2.34375
2.34375
2.34375
2.34375
2.1328125
2.1328125
2.2734375
2.2734375
2.2734375
2.2734375
2.44921875
2.44921875
2.34375
2.34375
2.34375
2.34375
2.37890625
2.37890625
2.4140625
2.4140625
2.09375
2.09375
2.30859375
2.30859375
2.30859375
2.30859375
2.1328125
2.1328125
2.23828125
2.23828125
2.55859375
2.55859375
2.37890625
2.37890625
2.16796875
2.16796875
2.5234375
2.5234375
2.09375
2.09375
2.4140625
2.4140625
2.4140625
2.4140625
2.62890625
2.62890625
2.44921875
2.44921875
2.4140625
2.4140625
2.734375
2.734375
2.87890625
2.87890625
2.59375
2.59375
2.55859375
2.55859375
2.734375
2.734375
2.734375
2.734375
2.62890625
2.62890625
2.62890625
2.62890625
2.6640625
2.6640625
2.6640625
2.6640625
2.69921875
2.69921875
2.6640625
2.6640625
2.76953125
2.76953125
2.76953125
3.19921875
2.984375
2.984375
3.08984375
3.08984375
3.08984375
3.08984375
3.16015625
3.16015625
3.125
3.125
3.125
3.125
3.48046875
3.48046875
3.41015625
3.41015625
3.4453125
3.4453125
3.66015625
3.66015625
3.98046875
3.98046875
3.73046875
3.73046875
3.73046875
3.73046875
3.80078125
3.80078125
3.73046875
3.73046875
3.73046875
3.80078125
3.80078125
3.80078125
3.98046875
3.98046875
4.05078125
4.05078125
3.9453125
3.9453125
3.91015625
3.91015625
3.8359375
3.8359375
3.91015625
3.91015625
3.91015625
3.91015625
3.8359375
3.8359375
3.98046875
3.98046875
4.2265625
4.2265625
3.9453125
3.9453125
4.19140625
4.19140625
4.19140625
4.19140625
4.015625
4.0859375
4.0859375
4.0859375
3.9453125
3.9453125
4.4765625
4.4765625
3.91015625
3.91015625
4.4765625
4.4765625
4.4765625
4.4765625
4.12109375
4.12109375
4.2265625
4.2265625
4.3359375
4.3359375
4.2265625
4.2265625
4.2265625
4.2265625
4.2265625
4.2265625
4.2265625
4.2265625
4.44140625
4.44140625
4.265625
4.265625
4.2265625
4.2265625
4.2265625
4.12109375
4.0859375
4.0859375
4.015625
4.015625
4.19140625
4.19140625
4.05078125
4.05078125
4.05078125
4.05078125
4.15625
4.15625
4.265625
4.265625
4.546875
4.546875
4.15625
4.15625
4.58203125
4.58203125
4.4765625
4.4765625
4.4765625
4.4765625
4.15625
4.15625
4.15625
4.15625
4.265625
4.265625
4.19140625
4.19140625
4.19140625
4.19140625
4.2265625
4.2265625
4.2265625
4.2265625
4.12109375
4.12109375
4.19140625
4.19140625
4.30078125
4.30078125
4.30078125
4.30078125
4.30078125
4.30078125
3.98046875
3.98046875
4.2265625
4.2265625
4.37109375
4.37109375
4.58203125
4.58203125
4.546875
4.546875
4.37109375
4.37109375
4.37109375
4.37109375
4.265625
4.265625
4.265625
4.265625
4.58203125
4.58203125
4.44140625
4.44140625
4.2265625
4.2265625
4.19140625
4.19140625
4.40625
4.40625
4.40625
4.40625
4.51171875
4.51171875
4.30078125
4.30078125
4.30078125
4.30078125
4.19140625
4.19140625
3.73046875
3.73046875
3.66015625
3.66015625
3.5546875
3.5546875
3.125
3.125
3.125
3.33984375
3.33984375
3.33984375
3.33984375
3.33984375
3.48046875
3.48046875
3.125
3.125
3.234375
3.234375
3.375
3.375
3.33984375
3.33984375
3.3046875
3.3046875
3.8359375
3.8359375
3.66015625
3.66015625
3.765625
3.765625
3.91015625
3.91015625
3.98046875
3.98046875
4.19140625
4.19140625
4.15625
4.546875
0
0
0
0
0
0
0
0
0
0
0
0
0
0
0
0
0
0
0
0
0
0
0
0
0
0
0
0
0
0
0
0
0
0
0
0
0
0
0
0
0
0
0
0
0
0
0
0
