0.78125
0.390625
0.390625
0.140625
0.140625
-0.42578125
-0.42578125
-0.2109375
-0.2109375
-0.390625
-0.390625
-0.390625
-0.390625
-3.3046875
-3.3046875
-2.37890625
-2.37890625
-0.95703125
-0.95703125
-0.95703125
-0.95703125
-1.953125
-1.953125
-1.953125
-1.953125
-0.671875
-0.671875
0.74609375
0.74609375
7.60546875
7.60546875
15
15
15.2109375
15.2109375
15.56640625
15.56640625
13.578125
13.578125
12.65234375
12.65234375
12.12109375
12.12109375
12.6875
12.6875
12.4765625
12.4765625
12.4765625
12.4765625
12.65234375
12.65234375
11.69140625
11.69140625
11.0546875
11.0546875
11.515625
11.515625
11.41015625
11.41015625
13.0078125
13.0078125
13.0078125
13.0078125
12.8671875
12.8671875
12.7578125
12.7578125
13.1875
13.1875
11.515625
11.515625
11.515625
11.515625
11.48046875
11.48046875
10.12890625
10.12890625
8.6015625
8.6015625
7.0703125
7.0703125
6.04296875
6.04296875
5.8984375
5.8984375
4.9765625
4.9765625
4.37109375
4.37109375
4.37109375
4.37109375
3.48046875
3.48046875
3.5546875
3.5546875
3.375
3.375
3.375
3.375
2.84375
2.84375
1.8125
1.8125
1.8125
1.8125
2.55859375
2.55859375
1.91796875
1.91796875
2.1328125
2.1328125
2.203125
2.203125
2.203125
2.203125
2.4140625
2.4140625
2.30859375
2.30859375
2.30859375
2.30859375
2.6640625
2.6640625
2.5234375
2.5234375
2.2734375
2.2734375
2.2734375
2.2734375
2.34375
2.34375
2.6640625
2.6640625
2.6640625
2.6640625
2.05859375
2.05859375
2.0234375
2.0234375
1.77734375
1.77734375
1.703125
1.703125
2.05859375
2.05859375
2.05859375
2.05859375
1.73828125
1.73828125
1.953125
1.953125
1.84765625
1.84765625
1.84765625
1.84765625
1.77734375
1.77734375
2.0234375
2.0234375
1.6328125
1.6328125
1.6328125
1.6328125
1.8125
1.8125
1.91796875
1.91796875
1.703125
1.703125
1.8828125
1.8828125
2.09375
2.09375
2.09375
2.09375
2.16796875
2.16796875
2.23828125
2.23828125
2.23828125
2.23828125
2.44921875
2.44921875
2.44921875
2.44921875
2.44921875
2.44921875
2.0234375
2.0234375
2.16796875
2.16796875
2.23828125
2.23828125
2.4140625
2.4140625
2.4140625
2.4140625
2.44921875
2.44921875
2.44921875
2.44921875
2.55859375
2.55859375
2.30859375
2.30859375
2.62890625
2.62890625
2.59375
2.59375
2.59375
2.59375
2.69921875
2.69921875
2.69921875
2.69921875
2.59375
2.59375
2.984375
2.984375
2.87890625
2.87890625
2.8046875
2.8046875
2.44921875
2.44921875
2.984375
2.984375
2.8046875
2.8046875
2.59375
2.59375
2.59375
2.59375
2.59375
2.59375
2.59375
2.59375
2.84375
2.84375
2.84375
2.84375
2.8046875
2.8046875
2.76953125
2.76953125
2.984375
2.984375
2.984375
3.125
2.76953125
2.76953125
3.01953125
3.01953125
3.01953125
3.01953125
3.19921875
3.19921875
3.234375
3.234375
3.234375
3.234375
3.33984375
3.33984375
3.0546875
3.0546875
3.234375
3.234375
3.0546875
3.0546875
3.4453125
3.4453125
3.3046875
3.3046875
3.3046875
3.3046875
3.58984375
3.58984375
3.375
3.375
3.375
3.80078125
3.80078125
3.80078125
3.6953125
3.6953125
3.8359375
3.8359375
3.6953125
3.6953125
3.80078125
3.80078125
3.98046875
3.98046875
3.4453125
3.4453125
3.80078125
3.80078125
3.9453125
3.9453125
3.91015625
3.91015625
4.05078125
4.05078125
4.05078125
4.05078125
3.98046875
3.98046875
3.98046875
3.98046875
3.9453125
4.015625
4.015625
4.015625
4.015625
4.015625
4.015625
4.015625
4.015625
4.015625
3.80078125
3.80078125
3.80078125
3.80078125
4.37109375
4.37109375
3.87109375
3.87109375
4.015625
4.015625
4.15625
4.15625
4.15625
4.15625
4.2265625
4.2265625
4.2265625
4.2265625
3.98046875
3.98046875
4.0859375
4.0859375
3.9453125
3.9453125
3.9453125
4.05078125
4.265625
4.265625
4.19140625
4.19140625
4.265625
4.265625
4.12109375
4.12109375
4.12109375
4.12109375
4.37109375
4.37109375
4.0859375
4.0859375
4.2265625
4.2265625
4.15625
4.15625
4.2265625
4.2265625
4.05078125
4.05078125
4.05078125
4.05078125
4.30078125
4.30078125
4.30078125
4.30078125
4.12109375
4.12109375
4.0859375
4.0859375
4.0859375
4.0859375
4.12109375
4.12109375
4.12109375
4.12109375
4.19140625
4.19140625
3.80078125
3.80078125
4.30078125
4.30078125
4.30078125
4.30078125
4.2265625
4.2265625
4.2265625
4.2265625
3.8359375
3.8359375
4.05078125
4.05078125
4.4765625
4.4765625
4.15625
4.15625
4.3359375
4.3359375
4.3359375
4.3359375
4.12109375
4.12109375
4.12109375
4.12109375
4.58203125
4.58203125
4.0859375
4.0859375
4.0859375
4.0859375
4.2265625
4.2265625
4.15625
4.15625
4.15625
4.15625
4.05078125
4.05078125
4.05078125
4.05078125
4.05078125
4.05078125
4.015625
4.015625
3.6953125
3.6953125
3.87109375
3.87109375
3.98046875
3.98046875
3.91015625
3.91015625
3.91015625
3.91015625
3.91015625
3.91015625
3.9453125
3.9453125
4.15625
4.15625
3.87109375
3.87109375
3.8359375
3.8359375
3.9453125
3.9453125
4.30078125
4.30078125
4.265625
4.265625
3.98046875
3.98046875
3.98046875
3.98046875
4.40625
4.40625
4.3359375
4.3359375
4.265625
4.265625
4.44140625
4.44140625
4.19140625
4.30078125
0
0
0
0
0
0
0
0
0
0
0
0
0
0
0
0
0
0
0
0
0
0
0
0
0
0
0
0
0
0
0
0
0
0
0
0
0
0
0
0
0
0
0
0
0
0
0
0
