11.265625
11.30078125
11.30078125
11.375
11.375
11.375
11.375
11.55078125
11.55078125
11.4453125
11.4453125
5.93359375
5.93359375
5.93359375
5.93359375
8.77734375
8.77734375
8.70703125
8.70703125
9.16796875
9.16796875
8.70703125
8.70703125
8.4921875
8.4921875
8.63671875
8.63671875
9.1328125
9.1328125
9.2421875
9.2421875
10.09375
10.09375
10.734375
10.734375
10.625
10.625
11.08984375
11.08984375
11.3359375
11.3359375
11.80078125
11.80078125
12.15625
12.15625
12.15625
12.15625
13.54296875
13.54296875
13.54296875
13.54296875
13.93359375
13.93359375
13.82421875
13.82421875
13.82421875
13.82421875
13.68359375
13.68359375
13.5078125
13.5078125
14.32421875
14.32421875
14.109375
14.109375
14.109375
14.109375
14.14453125
14.14453125
14.07421875
14.07421875
14.00390625
14.00390625
13.3984375
13.3984375
12.6171875
12.6171875
12.6171875
12.6171875
12.546875
12.546875
12.546875
12.546875
12.65234375
12.65234375
12.58203125
12.58203125
12.58203125
12.58203125
12.3671875
12.3671875
12.12109375
12.12109375
12.12109375
12.12109375
11.9765625
11.9765625
11.8359375
11.8359375
11.69140625
11.69140625
11.01953125
11.01953125
10.8046875
10.8046875
10.91015625
10.91015625
10.58984375
10.58984375
10.30859375
10.30859375
9.953125
9.953125
9.98828125
9.98828125
9.7734375
9.7734375
9.7734375
9.7734375
9.55859375
9.55859375
9.02734375
9.02734375
9.02734375
9.02734375
9.0625
9.0625
8.4921875
8.4921875
8.4921875
8.4921875
8.2109375
8.2109375
7.7109375
7.7109375
7.99609375
7.99609375
7.390625
7.390625
7.25
7.25
7.03515625
7.03515625
6.859375
6.859375
6.50390625
6.50390625
6.50390625
6.50390625
6.32421875
6.32421875
6.21875
6.21875
6.00390625
6.00390625
6.18359375
6.18359375
5.6484375
5.6484375
5.6484375
5.6484375
5.15234375
5.15234375
5.046875
5.046875
4.7265625
4.7265625
4.4765625
4.4765625
4.30078125
4.30078125
3.91015625
3.91015625
3.6953125
3.6953125
3.66015625
3.66015625
3.41015625
3.41015625
3.375
3.375
3.08984375
3.08984375
3.08984375
3.08984375
3.08984375
3.08984375
2.734375
2.734375
2.734375
2.734375
2.62890625
2.62890625
2.44921875
2.44921875
2.34375
2.34375
2.23828125
2.23828125
2.23828125
2.23828125
2.0234375
2.0234375
2.1328125
2.1328125
2.1328125
2.1328125
2.37890625
2.37890625
2.37890625
2.37890625
2.2734375
2.2734375
2.5234375
2.5234375
2.5234375
2.5234375
2.59375
2.59375
2.62890625
2.62890625
2.9140625
2.9140625
2.9140625
2.9140625
2.62890625
2.62890625
2.734375
2.734375
2.30859375
2.30859375
2.203125
2.203125
2.05859375
2.05859375
2.0234375
2.0234375
1.8125
1.8125
1.8125
1.8125
1.59765625
1.59765625
1.66796875
1.66796875
1.4921875
1.4921875
1.2421875
1.2421875
1.171875
1.171875
0.95703125
0.95703125
0.8515625
0.8515625
0.671875
0.671875
0.671875
0.671875
0.78125
0.78125
0.42578125
0.42578125
0.03515625
0.03515625
0.03515625
0.03515625
1.06640625
1.06640625
0.56640625
0.56640625
0.56640625
0.56640625
0.78125
0.78125
1.1015625
1.1015625
0.49609375
0.49609375
0.49609375
0.49609375
0.49609375
0.49609375
0
0
-0.0703125
-0.0703125
0.42578125
0.42578125
0.42578125
0.42578125
0
0
0
0
0.31640625
0.31640625
0.31640625
0.31640625
-0.03515625
-0.03515625
0.921875
0.921875
0.2109375
0.2109375
0.95703125
0.95703125
-0.0703125
-0.0703125
0.03515625
0.03515625
0.6015625
0.6015625
0.7109375
0.7109375
0.53125
0.53125
0.95703125
0.95703125
0.95703125
0.95703125
0.63671875
0.63671875
0.53125
0.53125
0.88671875
0.88671875
0.88671875
0.88671875
0.671875
0.671875
0.88671875
0.88671875
1.20703125
1.20703125
1.171875
1.171875
1.421875
1.421875
1.421875
1.421875
0.49609375
0.49609375
1.3125
1.3125
1.20703125
1.20703125
0.31640625
0.31640625
1.98828125
1.98828125
1.84765625
1.84765625
0.671875
0.671875
0.671875
0.671875
0
0
-0.17578125
-0.17578125
0.78125
0.78125
0.81640625
0.81640625
0.9921875
0.9921875
1.77734375
1.77734375
0.2109375
0.2109375
-0.9921875
-0.9921875
0.17578125
0.17578125
-1.02734375
-1.02734375
-1.02734375
-1.02734375
-0.8515625
-0.8515625
0
0
0
0
-0.0703125
-0.0703125
-0.31640625
-0.31640625
-1.3828125
-1.3828125
-1.3828125
-1.3828125
-0.921875
-0.921875
0.17578125
0.17578125
0.17578125
0.17578125
-0.24609375
-0.24609375
0.28125
0.28125
1.1015625
0
0
0
0
0
0
0
0
0
0
0
0
0
0
0
0
0
0
0
0
0
0
0
0
0
0
0
0
0
0
0
0
0
0
0
