-0.78125
-0.53125
-0.53125
-0.88671875
-0.88671875
-0.53125
-0.53125
-0.56640625
-0.56640625
-0.390625
-0.390625
-0.390625
-0.390625
-0.24609375
-0.24609375
0.6015625
0.6015625
1.953125
1.953125
1.953125
1.953125
2.5234375
2.5234375
2.5234375
2.5234375
8.9921875
8.9921875
17.55859375
17.55859375
22.5703125
22.5703125
27.2265625
27.2265625
24.453125
24.453125
19.94140625
19.94140625
17.984375
17.984375
16.91796875
16.91796875
17.203125
17.203125
17.1328125
17.1328125
17.7734375
17.7734375
17.7734375
17.7734375
16.1015625
16.1015625
15.17578125
15.17578125
13.71875
13.71875
14.1796875
14.1796875
13.04296875
13.04296875
12.9375
12.9375
12.9375
12.9375
11.9765625
11.9765625
10.30859375
10.30859375
9.203125
9.203125
8.3515625
8.3515625
8.3515625
8.3515625
7.5703125
7.5703125
7.14453125
7.14453125
7.0703125
7.0703125
7.25
7.25
6.609375
6.609375
6.57421875
6.57421875
6.46875
6.46875
5.8984375
5.8984375
5.8984375
5.8984375
5.3671875
5.3671875
5.1171875
5.1171875
4.76171875
4.76171875
4.30078125
4.30078125
4.58203125
4.58203125
4.265625
4.265625
4.265625
4.265625
4.546875
4.546875
4.9765625
4.9765625
4.546875
4.546875
4.0859375
4.0859375
4.0859375
4.0859375
4.51171875
4.51171875
4.19140625
4.19140625
4.19140625
4.19140625
3.91015625
3.91015625
4.0859375
4.0859375
4.12109375
4.12109375
4.12109375
4.12109375
4.2265625
4.2265625
3.765625
3.765625
3.765625
3.765625
3.80078125
3.80078125
3.9453125
3.9453125
3.91015625
3.91015625
4.05078125
4.05078125
4.2265625
4.2265625
4.2265625
4.2265625
4.37109375
4.37109375
4.4765625
4.4765625
5.33203125
5.33203125
5.33203125
5.33203125
5.6875
5.6875
5.4375
5.4375
5.7578125
5.7578125
5.7578125
5.7578125
5.86328125
5.86328125
5.578125
5.578125
5.61328125
5.61328125
5.86328125
5.86328125
5.93359375
5.93359375
5.93359375
5.93359375
5.86328125
5.86328125
6.078125
6.078125
6.078125
6.078125
6.04296875
6.04296875
6.1484375
6.1484375
6.1484375
6.1484375
6.2890625
6.2890625
6.5390625
6.5390625
6.609375
6.609375
6.3984375
6.3984375
6.3984375
6.3984375
6.6796875
6.6796875
6.64453125
6.64453125
6.3984375
6.3984375
6.50390625
6.50390625
6.5390625
6.5390625
6.71484375
6.71484375
6.64453125
6.64453125
6.7890625
6.7890625
6.7890625
6.7890625
6.71484375
6.71484375
6.75390625
6.75390625
6.6796875
6.6796875
6.96484375
6.96484375
6.7890625
6.7890625
6.609375
6.609375
6.6796875
6.6796875
6.64453125
6.64453125
6.64453125
6.64453125
6.71484375
6.71484375
6.71484375
6.71484375
6.50390625
6.50390625
6.50390625
6.50390625
6.3984375
6.3984375
6.64453125
6.64453125
6.57421875
6.57421875
6.57421875
6.6796875
6.64453125
6.64453125
6.75390625
6.75390625
6.75390625
6.75390625
6.50390625
6.50390625
6.50390625
6.50390625
6.50390625
6.50390625
6.64453125
6.64453125
6.6796875
6.6796875
6.43359375
6.43359375
6.64453125
6.64453125
6.5390625
6.5390625
6.57421875
6.57421875
6.57421875
6.57421875
6.57421875
6.57421875
6.75390625
6.75390625
6.75390625
6.5390625
6.5390625
6.5390625
6.75390625
6.75390625
6.46875
6.46875
6.5390625
6.5390625
6.7890625
6.7890625
6.57421875
6.57421875
6.50390625
6.50390625
6.6796875
6.6796875
6.609375
6.609375
6.5390625
6.5390625
6.50390625
6.50390625
6.46875
6.46875
6.71484375
6.71484375
6.71484375
6.71484375
6.50390625
6.609375
6.609375
6.609375
6.57421875
6.57421875
6.859375
6.859375
6.75390625
6.75390625
6.9296875
6.9296875
6.9296875
6.9296875
6.7890625
6.7890625
7.14453125
7.14453125
6.7890625
6.7890625
7.1796875
7.1796875
7.1796875
7.1796875
7.03515625
7.03515625
7.03515625
7.03515625
6.96484375
6.96484375
7.03515625
7.03515625
6.7890625
6.7890625
6.7890625
7
6.96484375
6.96484375
7.0703125
7.0703125
6.89453125
6.89453125
7.0703125
7.0703125
7.0703125
7.0703125
7.109375
7.109375
7
7
7.28515625
7.28515625
7.03515625
7.03515625
7.0703125
7.0703125
7.03515625
7.03515625
7.03515625
7.03515625
7.0703125
7.0703125
7.0703125
7.0703125
7.1796875
7.1796875
7.03515625
7.03515625
7.03515625
7.03515625
7.0703125
7.0703125
7.0703125
7.0703125
7.35546875
7.35546875
7.03515625
7.03515625
7.14453125
7.14453125
7.14453125
7.14453125
7.14453125
7.14453125
7.35546875
7.35546875
7.1796875
7.1796875
7.1796875
7.1796875
7.1796875
7.1796875
7.35546875
7.35546875
7.25
7.25
7.25
7.25
7
7
7
7
7.67578125
7.67578125
7.7109375
7.7109375
7.890625
7.890625
7.99609375
7.99609375
7.92578125
7.92578125
7.92578125
7.92578125
5.79296875
5.79296875
5.6484375
5.6484375
5.6484375
5.6484375
3.01953125
3.01953125
4.0859375
4.0859375
5.40234375
5.40234375
6.7890625
6.7890625
6.2890625
6.2890625
6.2890625
6.5390625
6.5390625
6.5390625
7.0703125
7.0703125
7.890625
7.890625
7.67578125
7.67578125
7.85546875
7.85546875
7.7109375
7.7109375
7.7109375
7.7109375
7.74609375
7.74609375
7.85546875
7.85546875
7.99609375
7.99609375
7.8203125
7.8203125
8.1015625
8.1015625
7.99609375
7.99609375
8.1015625
8.1015625
7.9609375
8.06640625
0
0
0
0
0
0
0
0
0
0
0
0
0
0
0
0
0
0
0
0
0
0
0
0
0
0
0
0
0
0
0
0
0
0
0
0
0
0
0
0
0
0
0
0
0
0
0
0
