4.62109375
4.62109375
4.62109375
4.76171875
4.76171875
4.76171875
4.76171875
4.65625
4.65625
4.44140625
4.44140625
-2.69921875
-2.69921875
-2.69921875
-2.69921875
1.34765625
1.34765625
3.0546875
3.0546875
2.4140625
2.4140625
2.1328125
2.1328125
2.30859375
2.30859375
2.203125
2.203125
2.44921875
2.44921875
3.125
3.125
3.625
3.625
4.44140625
4.44140625
4.12109375
4.12109375
5.046875
5.046875
4.8671875
4.8671875
5.72265625
5.72265625
5.79296875
5.79296875
5.79296875
5.79296875
6.89453125
6.89453125
6.89453125
6.89453125
8.4921875
8.4921875
8.63671875
8.63671875
8.63671875
8.63671875
9.34765625
9.34765625
8.56640625
8.56640625
9.953125
9.953125
10.5546875
10.5546875
10.5546875
10.5546875
10.5546875
10.5546875
11.23046875
11.23046875
11.8359375
11.8359375
11.9765625
11.9765625
11.80078125
11.80078125
11.80078125
11.80078125
11.55078125
11.55078125
11.55078125
11.55078125
11.9765625
11.9765625
12.19140625
12.19140625
12.19140625
12.19140625
12.296875
12.296875
12.546875
12.546875
12.546875
12.546875
12.58203125
12.58203125
12.8671875
12.8671875
13.04296875
13.04296875
12.97265625
12.97265625
12.8671875
12.8671875
12.9375
12.9375
12.796875
12.796875
13.0078125
13.0078125
12.546875
12.546875
12.51171875
12.51171875
12.3671875
12.3671875
12.046875
12.046875
12.12109375
12.12109375
11.765625
11.765625
11.765625
11.765625
11.62109375
11.62109375
11.62109375
11.62109375
11.375
11.375
11.01953125
11.01953125
10.5546875
10.5546875
10.0234375
10.0234375
9.98828125
9.98828125
9.84375
9.84375
9.55859375
9.55859375
9.3828125
9.3828125
9.6328125
9.6328125
9.203125
9.203125
9.3125
9.3125
8.8125
8.8125
8.671875
8.671875
8.70703125
8.70703125
8.2109375
8.2109375
8.2109375
8.2109375
7.92578125
7.92578125
7.85546875
7.85546875
7.5703125
7.5703125
6.89453125
6.89453125
7.25
7.25
6.64453125
6.64453125
6.46875
6.46875
6.25390625
6.25390625
5.93359375
5.93359375
6.11328125
6.11328125
5.578125
5.578125
5.22265625
5.22265625
5.22265625
5.22265625
5.3671875
5.3671875
5.3671875
5.3671875
4.76171875
4.76171875
4.3359375
4.3359375
4.58203125
4.58203125
3.91015625
3.91015625
3.91015625
3.91015625
4.015625
4.015625
3.87109375
3.87109375
3.87109375
3.87109375
3.48046875
3.48046875
3.48046875
3.48046875
3.58984375
3.58984375
3.3046875
3.3046875
3.3046875
3.3046875
3.48046875
3.48046875
3.26953125
3.26953125
3.5546875
3.5546875
3.5546875
3.5546875
3.48046875
3.48046875
3.48046875
3.48046875
3.66015625
3.66015625
3.16015625
3.16015625
2.94921875
2.94921875
2.984375
2.984375
2.9140625
2.9140625
3.08984375
3.08984375
2.76953125
2.76953125
2.94921875
2.94921875
3.01953125
3.01953125
2.5234375
2.5234375
2.55859375
2.55859375
2.48828125
2.48828125
2.16796875
2.16796875
2.0234375
2.0234375
2.0234375
2.0234375
1.8125
1.8125
1.6328125
1.6328125
1.4921875
1.4921875
1.4921875
1.4921875
1.34765625
1.34765625
1.2421875
1.2421875
1.5625
1.5625
1.66796875
1.66796875
1.06640625
1.06640625
0.921875
0.921875
1.5625
1.5625
1.3125
1.3125
0.53125
0.53125
1.421875
1.421875
1.06640625
1.06640625
1.06640625
1.06640625
1.3125
1.3125
1.3125
1.3125
1.91796875
1.91796875
1.91796875
1.91796875
0.9921875
0.9921875
1.98828125
1.98828125
1.6328125
1.6328125
1.52734375
1.52734375
1.703125
1.703125
1.84765625
1.84765625
1.953125
1.953125
2.30859375
2.30859375
1.77734375
1.77734375
2.2734375
2.2734375
2.2734375
2.2734375
2.76953125
2.76953125
2.84375
2.84375
2.48828125
2.48828125
3.48046875
3.48046875
2.16796875
2.16796875
4.40625
4.40625
3.87109375
3.87109375
3.765625
3.765625
3.765625
3.765625
4.015625
4.015625
3.66015625
3.66015625
3.66015625
3.66015625
3.5546875
3.5546875
3.4453125
3.4453125
4.51171875
4.51171875
2.55859375
2.55859375
2.55859375
2.55859375
2.55859375
2.55859375
2.05859375
2.05859375
2.203125
2.203125
3.0546875
3.0546875
2.8046875
2.8046875
1.91796875
1.91796875
1.1015625
1.1015625
1.20703125
1.20703125
3.41015625
3.41015625
1.59765625
1.59765625
1.91796875
1.91796875
1.91796875
1.91796875
1.20703125
1.20703125
1.20703125
1.20703125
1.20703125
1.20703125
0.88671875
0.88671875
-0.140625
-0.140625
1.3125
1.3125
1.3125
1.3125
-0.8515625
-0.8515625
-0.56640625
-0.56640625
-0.56640625
-0.56640625
0.10546875
0.10546875
-1.3125
-1.3125
-0.63671875
0
0
0
0
0
0
0
0
0
0
0
0
0
0
0
0
0
0
0
0
0
0
0
0
0
0
0
0
0
0
0
0
0
0
0
