-1.4921875
-1.27734375
-1.27734375
-1.4921875
-1.4921875
-1.4921875
-1.4921875
-1.34765625
-1.34765625
-1.3125
-1.3125
11.265625
11.265625
11.265625
11.265625
7.74609375
7.74609375
5.6875
5.6875
4.0859375
4.0859375
6.00390625
6.00390625
5.6875
5.6875
4.90234375
4.90234375
6.18359375
6.18359375
5.3671875
5.3671875
5.7578125
5.7578125
5.6875
5.6875
5.54296875
5.54296875
5.8984375
5.8984375
6.00390625
6.00390625
7.46484375
7.46484375
6.359375
6.359375
6.359375
6.359375
7.5
7.5
7.5
7.5
6.64453125
6.64453125
6.18359375
6.18359375
6.18359375
6.18359375
6.6796875
6.6796875
7.0703125
7.0703125
6.82421875
6.82421875
6.6796875
6.6796875
6.6796875
6.6796875
6.25390625
6.25390625
6.359375
6.359375
6.46875
6.46875
6.50390625
6.50390625
6.18359375
6.18359375
6.18359375
6.18359375
6.859375
6.859375
6.859375
6.859375
7.92578125
7.92578125
8.45703125
8.45703125
8.45703125
8.45703125
7.890625
7.890625
8.31640625
8.31640625
8.31640625
8.31640625
8.70703125
8.70703125
8.2109375
8.2109375
8.03125
8.03125
8.421875
8.421875
8.17578125
8.17578125
8.17578125
8.17578125
8.671875
8.671875
7.640625
7.640625
8.06640625
8.06640625
7.85546875
7.85546875
7.53515625
7.53515625
8.31640625
8.31640625
7.53515625
7.53515625
7.42578125
7.42578125
7.42578125
7.42578125
7.46484375
7.46484375
7.3203125
7.3203125
6.64453125
6.64453125
6.3984375
6.3984375
6.32421875
6.32421875
6.3984375
6.3984375
6.11328125
6.11328125
6.00390625
6.00390625
5.2578125
5.2578125
5.6875
5.6875
5.15234375
5.15234375
4.83203125
4.83203125
5.4375
5.4375
3.8359375
3.8359375
4.44140625
4.44140625
4.015625
4.015625
4.015625
4.015625
4.015625
4.015625
4.05078125
4.05078125
4.30078125
4.30078125
3.5546875
3.5546875
4.15625
4.15625
4.15625
4.15625
2.734375
2.734375
3.80078125
3.80078125
3.80078125
3.80078125
3.19921875
3.19921875
3.16015625
3.16015625
2.94921875
2.94921875
3.26953125
3.26953125
3.26953125
3.26953125
2.6640625
2.6640625
2.6640625
2.6640625
2.0234375
2.0234375
1.84765625
1.84765625
1.59765625
1.59765625
1.59765625
1.59765625
1.59765625
1.59765625
1.02734375
1.02734375
1.171875
1.171875
1.171875
1.171875
0.7109375
0.7109375
0.7109375
0.7109375
0.671875
0.671875
0
0
0
0
0.03515625
0.03515625
-0.10546875
-0.10546875
-0.35546875
-0.35546875
-0.35546875
-0.35546875
-0.390625
-0.390625
0.0703125
0.0703125
-0.28125
-0.28125
-0.42578125
-0.42578125
-0.53125
-0.53125
-1.1015625
-1.1015625
-1.4921875
-1.4921875
-1.3125
-1.3125
-1.3125
-1.3125
-1.5625
-1.5625
-1.66796875
-1.66796875
-2.16796875
-2.16796875
-1.8828125
-1.8828125
-1.8828125
-1.8828125
-1.77734375
-1.77734375
-1.8828125
-1.8828125
-1.8828125
-1.8828125
-2.1328125
-2.1328125
-2.44921875
-2.44921875
-2.34375
-2.34375
-2.34375
-2.34375
-2.87890625
-2.87890625
-3.16015625
-3.16015625
-3.234375
-3.234375
-3.01953125
-3.01953125
-3.19921875
-3.19921875
-3.515625
-3.515625
-3.48046875
-3.48046875
-3.3046875
-3.3046875
-4.05078125
-4.05078125
-3.8359375
-3.8359375
-3.625
-3.625
-3.625
-3.625
-3.80078125
-3.80078125
-3.80078125
-3.80078125
-3.87109375
-3.87109375
-3.87109375
-3.87109375
-4.65625
-4.65625
-4.30078125
-4.30078125
-4.90234375
-4.90234375
-4.546875
-4.546875
-5.01171875
-5.01171875
-4.62109375
-4.62109375
-5.3671875
-5.3671875
-5.33203125
-5.33203125
-5.828125
-5.828125
-5.3671875
-5.3671875
-5.3671875
-5.3671875
-5.61328125
-5.61328125
-5.54296875
-5.54296875
-5.4375
-5.4375
-6.3984375
-6.3984375
-7.1796875
-7.1796875
-5.7578125
-5.7578125
-6.21875
-6.21875
-6.3984375
-6.3984375
-6.18359375
-6.18359375
-6.11328125
-6.11328125
-6.5390625
-6.5390625
-6.82421875
-6.82421875
-6.75390625
-6.75390625
-6.11328125
-6.11328125
-6.11328125
-6.11328125
-7.109375
-7.109375
-6.7890625
-6.7890625
-6.7890625
-6.7890625
-5.828125
-5.828125
-6.04296875
-6.04296875
-6.9296875
-6.9296875
-6.57421875
-6.57421875
-7.5
-7.5
-6.609375
-6.609375
-7.640625
-7.640625
-5.72265625
-5.72265625
-6.25390625
-6.25390625
-6.5390625
-6.5390625
-6.5390625
-6.5390625
-5.578125
-5.578125
-5.86328125
-5.86328125
-5.86328125
-5.86328125
-7.5
-7.5
-5.828125
-5.828125
-6.00390625
-6.00390625
-6.00390625
-6.00390625
-6.00390625
-6.00390625
-7.92578125
-7.92578125
-7.92578125
-7.92578125
-5.96875
-5.96875
-6.04296875
-6.04296875
-2.76953125
0
0
0
0
0
0
0
0
0
0
0
0
0
0
0
0
0
0
0
0
0
0
0
0
0
0
0
0
0
0
0
0
0
0
0
