0.35546875
0.7109375
0.7109375
0.78125
0.78125
1.703125
1.703125
1.59765625
1.59765625
1.45703125
1.45703125
1.45703125
1.45703125
8.921875
8.921875
8.17578125
8.17578125
6.82421875
6.82421875
6.82421875
6.82421875
6.96484375
6.96484375
6.96484375
6.96484375
4.44140625
4.44140625
3.375
3.375
1.171875
1.171875
-0.9921875
-0.9921875
1.77734375
1.77734375
4.05078125
4.05078125
4.37109375
4.37109375
6.7890625
6.7890625
9.7734375
9.7734375
9.953125
9.953125
10.09375
10.09375
10.09375
10.09375
9.3125
9.3125
3.515625
3.515625
1.5625
1.5625
3.125
3.125
-0.31640625
-0.31640625
-0.28125
-0.28125
-0.28125
-0.28125
2.87890625
2.87890625
2.9140625
2.9140625
3.19921875
3.19921875
2.23828125
2.23828125
2.23828125
2.23828125
2.23828125
2.23828125
1.98828125
1.98828125
3.625
3.625
3.66015625
3.66015625
3.4453125
3.4453125
4.265625
4.265625
5.61328125
5.61328125
6.04296875
6.04296875
6.04296875
6.04296875
6.82421875
6.82421875
6.6796875
6.6796875
6.6796875
6.6796875
6.25390625
6.25390625
5.96875
5.96875
5.15234375
5.15234375
5.15234375
5.15234375
4.69140625
4.69140625
3.9453125
3.9453125
3.5546875
3.5546875
3.80078125
3.80078125
3.80078125
3.80078125
3.98046875
3.98046875
4.3359375
4.3359375
4.3359375
4.3359375
4.58203125
4.58203125
4.76171875
4.76171875
4.44140625
4.44140625
4.44140625
4.44140625
4.15625
4.15625
4.30078125
4.30078125
4.30078125
4.30078125
4.40625
4.40625
4.265625
4.265625
4.796875
4.796875
5.1171875
5.1171875
4.9765625
4.9765625
4.9765625
4.9765625
4.796875
4.796875
4.7265625
4.7265625
4.44140625
4.44140625
4.44140625
4.44140625
4.015625
4.015625
3.73046875
3.73046875
3.73046875
3.73046875
3.73046875
3.73046875
3.48046875
3.48046875
3.41015625
3.41015625
3.26953125
3.26953125
3.48046875
3.48046875
3.01953125
3.01953125
3.01953125
3.01953125
3.48046875
3.48046875
3.48046875
3.48046875
3.48046875
3.48046875
3.26953125
3.26953125
3.26953125
3.26953125
3.26953125
3.26953125
3.3046875
3.3046875
3.375
3.375
3.375
3.375
3.4453125
3.4453125
3.4453125
3.4453125
3.375
3.375
3.5546875
3.5546875
3.8359375
3.8359375
3.6953125
3.6953125
3.58984375
3.58984375
3.515625
3.515625
3.625
3.625
3.8359375
3.8359375
3.8359375
3.8359375
3.80078125
3.80078125
3.98046875
3.98046875
3.5546875
3.5546875
3.80078125
3.80078125
3.765625
3.765625
3.91015625
3.91015625
3.8359375
3.8359375
3.6953125
3.6953125
3.6953125
3.6953125
3.8359375
3.8359375
3.8359375
3.8359375
3.73046875
3.73046875
3.73046875
3.73046875
3.87109375
3.87109375
3.8359375
3.8359375
3.625
3.625
3.625
3.48046875
3.48046875
3.48046875
3.765625
3.765625
3.765625
3.765625
3.66015625
3.66015625
3.80078125
3.80078125
3.80078125
3.80078125
3.58984375
3.58984375
3.625
3.625
3.625
3.625
3.4453125
3.4453125
3.5546875
3.5546875
3.5546875
3.5546875
3.5546875
3.5546875
3.5546875
3.5546875
3.48046875
3.48046875
3.48046875
3.26953125
3.26953125
3.26953125
3.6953125
3.6953125
3.80078125
3.80078125
3.4453125
3.4453125
3.87109375
3.87109375
3.58984375
3.58984375
3.66015625
3.66015625
3.48046875
3.48046875
3.41015625
3.41015625
3.26953125
3.26953125
3.375
3.375
3.6953125
3.6953125
3.6953125
3.6953125
3.6953125
3.6953125
3.8359375
3.4453125
3.4453125
3.4453125
3.5546875
3.5546875
3.73046875
3.73046875
3.58984375
3.58984375
3.5546875
3.5546875
3.5546875
3.5546875
3.5546875
3.5546875
3.41015625
3.41015625
3.33984375
3.33984375
3.19921875
3.19921875
3.19921875
3.19921875
3.41015625
3.41015625
3.41015625
3.41015625
3.41015625
3.41015625
3.125
3.125
3.26953125
3.26953125
3.26953125
3.4453125
3.41015625
3.41015625
3.26953125
3.26953125
3.41015625
3.41015625
3.4453125
3.4453125
3.4453125
3.4453125
3.16015625
3.16015625
3.6953125
3.6953125
3.125
3.125
3.765625
3.765625
3.08984375
3.08984375
3.375
3.375
3.375
3.375
3.625
3.625
3.625
3.625
3.08984375
3.08984375
3.0546875
3.0546875
3.0546875
3.0546875
3.375
3.375
3.375
3.375
2.94921875
2.94921875
3.125
3.125
3.0546875
3.0546875
3.0546875
3.0546875
2.94921875
2.94921875
3.3046875
3.3046875
2.8046875
2.8046875
3.234375
3.234375
2.84375
2.84375
3.26953125
3.26953125
3.375
3.375
3.375
3.375
2.87890625
2.87890625
2.87890625
2.87890625
2.84375
2.84375
2.5234375
2.5234375
2.16796875
2.16796875
2.09375
2.09375
2.48828125
2.48828125
2.48828125
2.48828125
5.54296875
5.54296875
5.1171875
5.1171875
5.1171875
5.1171875
10.6640625
10.6640625
8.7421875
8.7421875
6.21875
6.21875
2.984375
2.984375
2.0234375
2.0234375
2.0234375
0.31640625
0.31640625
0.31640625
-0.35546875
-0.35546875
1.703125
1.703125
2.5234375
2.5234375
2.6640625
2.6640625
2.30859375
2.30859375
2.37890625
2.37890625
1.77734375
1.77734375
1.6328125
1.6328125
1.45703125
1.45703125
1.52734375
1.52734375
1.703125
1.703125
1.98828125
1.98828125
2.203125
2.203125
2.30859375
2.55859375
0
0
0
0
0
0
0
0
0
0
0
0
0
0
0
0
0
0
0
0
0
0
0
0
0
0
0
0
0
0
0
0
0
0
0
0
0
0
0
0
0
0
0
0
0
0
0
0
