0.24609375
0.63671875
0.63671875
0.74609375
0.74609375
0.78125
0.78125
0.35546875
0.35546875
0.17578125
0.17578125
0.17578125
0.17578125
-1.73828125
-1.73828125
-1.59765625
-1.59765625
-1.171875
-1.171875
-1.171875
-1.171875
-1.953125
-1.953125
-1.953125
-1.953125
-5.61328125
-5.61328125
-9.41796875
-9.41796875
-12.796875
-12.796875
-13.328125
-13.328125
-9.5234375
-9.5234375
-5.2578125
-5.2578125
-1.52734375
-1.52734375
-1.77734375
-1.77734375
-4.0859375
-4.0859375
-4.8671875
-4.8671875
-6.64453125
-6.64453125
-6.64453125
-6.64453125
-7.390625
-7.390625
-8.8125
-8.8125
-9.09765625
-9.09765625
-7.46484375
-7.46484375
-10.37890625
-10.37890625
-18.01953125
-18.01953125
-18.01953125
-18.01953125
-16.91796875
-16.91796875
-13.43359375
-13.43359375
-13.86328125
-13.86328125
-14.53515625
-14.53515625
-14.53515625
-14.53515625
-15.42578125
-15.42578125
-16.27734375
-16.27734375
-16.8125
-16.8125
-16.59765625
-16.59765625
-17.0625
-17.0625
-16.38671875
-16.38671875
-15.28515625
-15.28515625
-14.6796875
-14.6796875
-14.6796875
-14.6796875
-12.7578125
-12.7578125
-13.36328125
-13.36328125
-11.4453125
-11.4453125
-11.3359375
-11.3359375
-9.41796875
-9.41796875
-8.31640625
-8.31640625
-8.31640625
-8.31640625
-7.5
-7.5
-6.11328125
-6.11328125
-5.046875
-5.046875
-3.73046875
-3.73046875
-3.73046875
-3.73046875
-3.08984375
-3.08984375
-3.26953125
-3.26953125
-3.26953125
-3.26953125
-1.91796875
-1.91796875
-1.91796875
-1.91796875
-1.703125
-1.703125
-1.703125
-1.703125
-1.59765625
-1.59765625
-1.3125
-1.3125
-1.3125
-1.3125
-1.3125
-1.3125
-1.6328125
-1.6328125
-1.703125
-1.703125
-1.73828125
-1.73828125
-1.6328125
-1.6328125
-1.6328125
-1.6328125
-1.8125
-1.8125
-1.3125
-1.3125
-1.3828125
-1.3828125
-1.3828125
-1.3828125
-1.171875
-1.171875
-1.06640625
-1.06640625
-0.9921875
-0.9921875
-0.9921875
-0.9921875
-1.02734375
-1.02734375
-0.81640625
-0.81640625
-0.9921875
-0.9921875
-0.81640625
-0.81640625
-0.921875
-0.921875
-0.921875
-0.921875
-0.8515625
-0.8515625
-0.78125
-0.78125
-0.78125
-0.78125
-0.95703125
-0.95703125
-0.78125
-0.78125
-0.78125
-0.78125
-0.78125
-0.78125
-0.8515625
-0.8515625
-1.02734375
-1.02734375
-1.3828125
-1.3828125
-1.3828125
-1.3828125
-1.13671875
-1.13671875
-1.3125
-1.3125
-1.13671875
-1.13671875
-1.421875
-1.421875
-1.59765625
-1.59765625
-1.73828125
-1.73828125
-1.703125
-1.703125
-1.59765625
-1.59765625
-1.59765625
-1.59765625
-1.8828125
-1.8828125
-1.77734375
-1.77734375
-1.421875
-1.421875
-1.703125
-1.703125
-1.8828125
-1.8828125
-1.73828125
-1.73828125
-1.8125
-1.8125
-1.5625
-1.5625
-1.5625
-1.5625
-1.3828125
-1.3828125
-1.3828125
-1.3828125
-1.20703125
-1.20703125
-1.20703125
-1.20703125
-1.171875
-1.171875
-1.13671875
-1.13671875
-0.9921875
-0.9921875
-0.9921875
-1.02734375
-1.02734375
-1.02734375
-1.02734375
-1.02734375
-1.02734375
-1.02734375
-0.95703125
-0.95703125
-0.921875
-0.921875
-0.921875
-0.921875
-0.921875
-0.921875
-0.95703125
-0.95703125
-0.95703125
-0.95703125
-0.9921875
-0.9921875
-0.63671875
-0.63671875
-0.74609375
-0.74609375
-0.74609375
-0.74609375
-0.390625
-0.390625
-0.63671875
-0.63671875
-0.63671875
-0.390625
-0.390625
-0.390625
-0.49609375
-0.49609375
-0.49609375
-0.49609375
-0.63671875
-0.63671875
-0.81640625
-0.81640625
-0.63671875
-0.63671875
-0.921875
-0.921875
-0.4609375
-0.4609375
-0.6015625
-0.6015625
-0.4609375
-0.4609375
-0.49609375
-0.49609375
-0.49609375
-0.49609375
-0.74609375
-0.74609375
-0.74609375
-0.74609375
-0.74609375
-0.49609375
-0.49609375
-0.49609375
-0.56640625
-0.56640625
-0.42578125
-0.42578125
-0.63671875
-0.63671875
-0.4609375
-0.4609375
-0.4609375
-0.4609375
-0.2109375
-0.2109375
-0.7109375
-0.7109375
-0.74609375
-0.74609375
-0.53125
-0.53125
-0.53125
-0.53125
-0.671875
-0.671875
-0.671875
-0.671875
-0.63671875
-0.63671875
-0.7109375
-0.7109375
-0.6015625
-0.6015625
-0.6015625
-0.671875
-0.56640625
-0.56640625
-0.4609375
-0.4609375
-0.53125
-0.53125
-0.390625
-0.390625
-0.390625
-0.390625
-0.42578125
-0.42578125
-0.6015625
-0.6015625
-0.42578125
-0.42578125
-0.390625
-0.390625
-0.42578125
-0.42578125
-0.42578125
-0.42578125
-0.42578125
-0.42578125
-0.49609375
-0.49609375
-0.49609375
-0.49609375
-0.2109375
-0.2109375
-0.49609375
-0.49609375
-0.49609375
-0.49609375
-0.49609375
-0.49609375
-0.49609375
-0.49609375
-0.390625
-0.390625
-0.35546875
-0.35546875
-0.31640625
-0.31640625
-0.31640625
-0.31640625
-0.4609375
-0.4609375
-0.7109375
-0.7109375
-0.63671875
-0.63671875
-0.4609375
-0.4609375
-0.671875
-0.671875
-0.6015625
-0.6015625
-0.42578125
-0.42578125
-0.42578125
-0.42578125
-0.31640625
-0.31640625
-0.31640625
-0.31640625
-0.6015625
-0.6015625
-0.35546875
-0.35546875
-0.31640625
-0.31640625
-0.42578125
-0.42578125
-0.42578125
-0.42578125
-0.42578125
-0.42578125
-0.0703125
-0.0703125
-0.49609375
-0.49609375
-0.49609375
-0.49609375
-0.2109375
-0.2109375
-0.671875
-0.671875
-1.20703125
-1.20703125
-0.9921875
-0.9921875
-1.171875
-1.171875
-1.171875
-1.3125
-1.3125
-1.3125
-1.421875
-1.421875
-1.20703125
-1.20703125
-1.171875
-1.171875
-1.06640625
-1.06640625
-1.20703125
-1.20703125
-1.59765625
-1.59765625
-1.27734375
-1.27734375
-0.9921875
-0.9921875
-0.921875
-0.921875
-1.13671875
-1.13671875
-0.7109375
-0.7109375
-0.53125
-0.53125
-0.63671875
-0.63671875
-0.49609375
-0.28125
0
0
0
0
0
0
0
0
0
0
0
0
0
0
0
0
0
0
0
0
0
0
0
0
0
0
0
0
0
0
0
0
0
0
0
0
0
0
0
0
0
0
0
0
0
0
0
0
