1.8125
1.73828125
1.73828125
2.23828125
2.23828125
2.23828125
2.23828125
1.52734375
1.52734375
1.98828125
1.98828125
0.35546875
0.35546875
0.35546875
0.35546875
1.13671875
1.13671875
1.8828125
1.8828125
1.45703125
1.45703125
1.3828125
1.3828125
1.73828125
1.73828125
1.52734375
1.52734375
1.2421875
1.2421875
1.91796875
1.91796875
1.91796875
1.91796875
1.8828125
1.8828125
2.1328125
2.1328125
2.16796875
2.16796875
1.6328125
1.6328125
1.953125
1.953125
2.30859375
2.30859375
2.30859375
2.30859375
1.66796875
1.66796875
1.66796875
1.66796875
1.34765625
1.34765625
1.2421875
1.2421875
1.2421875
1.2421875
0.8515625
0.8515625
0.81640625
0.81640625
0.7109375
0.7109375
0.31640625
0.31640625
0.31640625
0.31640625
0.49609375
0.49609375
0.49609375
0.49609375
0.42578125
0.42578125
0.63671875
0.63671875
0.35546875
0.35546875
0.35546875
0.35546875
0.2109375
0.2109375
0.2109375
0.2109375
0.4609375
0.4609375
0.31640625
0.31640625
0.31640625
0.31640625
0.49609375
0.49609375
0.53125
0.53125
0.53125
0.53125
0.7109375
0.7109375
0.28125
0.28125
0.671875
0.671875
0.4609375
0.4609375
0.49609375
0.49609375
0.49609375
0.49609375
1.06640625
1.06640625
0.74609375
0.74609375
0.6015625
0.6015625
0.78125
0.78125
0.7109375
0.7109375
0.81640625
0.81640625
0.49609375
0.49609375
0.24609375
0.24609375
0.24609375
0.24609375
0.28125
0.28125
0.2109375
0.2109375
0
0
-0.10546875
-0.10546875
-0.31640625
-0.31640625
-0.17578125
-0.17578125
-0.390625
-0.390625
-0.28125
-0.28125
-0.28125
-0.28125
-0.2109375
-0.2109375
-0.4609375
-0.4609375
-0.56640625
-0.56640625
-0.24609375
-0.24609375
-0.56640625
-0.56640625
-0.74609375
-0.74609375
-1.20703125
-1.20703125
-1.1015625
-1.1015625
-1.1015625
-1.1015625
-0.9921875
-0.9921875
-1.02734375
-1.02734375
-0.81640625
-0.81640625
-1.1015625
-1.1015625
-0.9921875
-0.9921875
-1.02734375
-1.02734375
-1.06640625
-1.06640625
-0.81640625
-0.81640625
-0.81640625
-0.81640625
-0.42578125
-0.42578125
-0.81640625
-0.81640625
-0.921875
-0.921875
-0.921875
-0.921875
-0.671875
-0.671875
-0.671875
-0.671875
-0.88671875
-0.88671875
-0.4609375
-0.4609375
-0.671875
-0.671875
-0.390625
-0.390625
-0.390625
-0.390625
-0.4609375
-0.4609375
-0.390625
-0.390625
-0.390625
-0.390625
0
0
0
0
-0.03515625
-0.03515625
0.31640625
0.31640625
0.31640625
0.31640625
0.42578125
0.42578125
0.671875
0.671875
1.5625
1.5625
1.5625
1.5625
1.5625
1.5625
2.62890625
2.62890625
2.87890625
2.87890625
3.0546875
3.0546875
3.58984375
3.58984375
3.98046875
3.98046875
4.83203125
4.83203125
4.7265625
4.7265625
5.1171875
5.1171875
5.6484375
5.6484375
5.61328125
5.61328125
5.6875
5.6875
6.57421875
6.57421875
7
7
6.6796875
6.6796875
6.9296875
6.9296875
6.9296875
6.9296875
7.92578125
7.92578125
8.38671875
8.38671875
8.70703125
8.70703125
8.70703125
8.70703125
10.30859375
10.30859375
10.51953125
10.51953125
10.875
10.875
11.375
11.375
11.4453125
11.4453125
11.41015625
11.41015625
11.48046875
11.48046875
11.73046875
11.73046875
11.30078125
11.30078125
11.5859375
11.5859375
12.8671875
12.8671875
12.8671875
12.8671875
13.36328125
13.36328125
13.36328125
13.36328125
14.9296875
14.9296875
14.9296875
14.9296875
13.93359375
13.93359375
15.74609375
15.74609375
14.8203125
14.8203125
15.67578125
15.67578125
15.67578125
15.67578125
15.42578125
15.42578125
15.640625
15.640625
16.5625
16.5625
16.27734375
16.27734375
16.59765625
16.59765625
16.59765625
16.59765625
17.16796875
17.16796875
17.41796875
17.41796875
17.41796875
17.41796875
19.65625
19.65625
17.34375
17.34375
18.375
18.375
19.1953125
19.1953125
19.30078125
19.30078125
18.33984375
18.33984375
19.90625
19.90625
18.12890625
18.12890625
18.58984375
18.58984375
17.6640625
17.6640625
18.6953125
18.6953125
19.265625
19.265625
20.08203125
20.08203125
18.765625
18.765625
18.765625
18.765625
21.57421875
21.57421875
16.8125
16.8125
19.30078125
19.30078125
18.9453125
18.9453125
18.4453125
18.4453125
15.35546875
15.35546875
18.19921875
18.19921875
15.95703125
15.95703125
15.99609375
15.99609375
14.609375
14.609375
14.609375
14.609375
14.07421875
14.07421875
13.43359375
13.43359375
13.43359375
13.43359375
11.55078125
11.55078125
11.515625
11.515625
10.30859375
10.30859375
10.30859375
10.30859375
10.4140625
10.4140625
8.56640625
8.56640625
8.56640625
8.56640625
8.56640625
8.56640625
9.02734375
9.02734375
7.28515625
0
0
0
0
0
0
0
0
0
0
0
0
0
0
0
0
0
0
0
0
0
0
0
0
0
0
0
0
0
0
0
0
0
0
0
