-0.24609375
-0.0703125
-0.0703125
-0.78125
-0.78125
-3.41015625
-3.41015625
-4.15625
-4.15625
-4.30078125
-4.30078125
-4.30078125
-4.30078125
-2.62890625
-2.62890625
-2.734375
-2.734375
-2.69921875
-2.69921875
-2.69921875
-2.69921875
-3.125
-3.125
-3.125
-3.125
-9.27734375
-9.27734375
-15.81640625
-15.81640625
-19.7265625
-19.7265625
-14.109375
-14.109375
-13.6484375
-13.6484375
-12.26171875
-12.26171875
-11.1953125
-11.1953125
-9.16796875
-9.16796875
-9.453125
-9.453125
-12.19140625
-12.19140625
-14.53515625
-14.53515625
-14.53515625
-14.53515625
-12.51171875
-12.51171875
-11.515625
-11.515625
-11.08984375
-11.08984375
-10.234375
-10.234375
-9.41796875
-9.41796875
-11.375
-11.375
-11.375
-11.375
-11.9765625
-11.9765625
-9.1328125
-9.1328125
-9.1328125
-9.1328125
-7.5
-7.5
-7.5
-7.5
-6.64453125
-6.64453125
-5.828125
-5.828125
-5.72265625
-5.72265625
-5.6875
-5.6875
-5.5078125
-5.5078125
-4.9375
-4.9375
-4.90234375
-4.90234375
-4.3359375
-4.3359375
-4.3359375
-4.3359375
-4.44140625
-4.44140625
-4.44140625
-4.44140625
-3.375
-3.375
-2.87890625
-2.87890625
-2.48828125
-2.48828125
-1.84765625
-1.84765625
-1.84765625
-1.84765625
-1.8125
-1.8125
-1.703125
-1.703125
-1.5625
-1.5625
-1.45703125
-1.45703125
-1.45703125
-1.45703125
-0.921875
-0.921875
-1.13671875
-1.13671875
-1.13671875
-1.13671875
-1.02734375
-1.02734375
-0.49609375
-0.49609375
-0.49609375
-0.49609375
-0.49609375
-0.49609375
-0.53125
-0.53125
-0.35546875
-0.35546875
-0.35546875
-0.35546875
-0.74609375
-0.74609375
-0.31640625
-0.31640625
-0.53125
-0.53125
-0.17578125
-0.17578125
-0.390625
-0.390625
-0.390625
-0.390625
-0.140625
-0.140625
-0.2109375
-0.2109375
-0.4609375
-0.4609375
-0.4609375
-0.4609375
-0.390625
-0.390625
-0.31640625
-0.31640625
-0.28125
-0.28125
-0.28125
-0.28125
-0.17578125
-0.17578125
-0.42578125
-0.42578125
-0.17578125
-0.17578125
-0.140625
-0.140625
-0.35546875
-0.35546875
-0.35546875
-0.35546875
-0.42578125
-0.42578125
-0.53125
-0.53125
-0.53125
-0.53125
-0.35546875
-0.35546875
-0.671875
-0.671875
-0.671875
-0.671875
-0.81640625
-0.81640625
-0.63671875
-0.63671875
-0.671875
-0.671875
-0.56640625
-0.56640625
-0.56640625
-0.56640625
-0.6015625
-0.6015625
-0.24609375
-0.24609375
-0.63671875
-0.63671875
-0.88671875
-0.88671875
-1.1015625
-1.1015625
-0.921875
-0.921875
-0.8515625
-0.8515625
-0.9921875
-0.9921875
-0.9921875
-0.9921875
-0.95703125
-0.95703125
-1.171875
-1.171875
-0.95703125
-0.95703125
-1.1015625
-1.1015625
-1.06640625
-1.06640625
-1.1015625
-1.1015625
-1.59765625
-1.59765625
-1.421875
-1.421875
-1.421875
-1.421875
-1.27734375
-1.27734375
-1.27734375
-1.27734375
-1.2421875
-1.2421875
-1.2421875
-1.2421875
-1.4921875
-1.4921875
-1.52734375
-1.52734375
-1.5625
-1.5625
-1.5625
-1.3125
-1.703125
-1.703125
-1.52734375
-1.52734375
-1.52734375
-1.52734375
-1.5625
-1.5625
-1.27734375
-1.27734375
-1.27734375
-1.27734375
-1.3828125
-1.3828125
-1.45703125
-1.45703125
-1.45703125
-1.45703125
-1.59765625
-1.59765625
-1.66796875
-1.66796875
-1.5625
-1.5625
-1.5625
-1.5625
-1.5625
-1.5625
-1.4921875
-1.4921875
-1.4921875
-1.3125
-1.3125
-1.3125
-1.52734375
-1.52734375
-1.66796875
-1.66796875
-1.73828125
-1.73828125
-1.77734375
-1.77734375
-1.45703125
-1.45703125
-1.59765625
-1.59765625
-1.52734375
-1.52734375
-1.421875
-1.421875
-1.59765625
-1.59765625
-1.66796875
-1.66796875
-1.66796875
-1.66796875
-1.6328125
-1.6328125
-1.6328125
-1.6328125
-1.52734375
-1.2421875
-1.2421875
-1.2421875
-1.421875
-1.421875
-1.66796875
-1.66796875
-1.66796875
-1.66796875
-1.4921875
-1.4921875
-1.4921875
-1.4921875
-1.73828125
-1.73828125
-1.52734375
-1.52734375
-1.421875
-1.421875
-1.66796875
-1.66796875
-1.66796875
-1.66796875
-1.6328125
-1.6328125
-1.6328125
-1.6328125
-1.8125
-1.8125
-1.421875
-1.421875
-1.73828125
-1.73828125
-1.73828125
-1.66796875
-1.73828125
-1.73828125
-1.34765625
-1.34765625
-1.703125
-1.703125
-1.77734375
-1.77734375
-1.77734375
-1.77734375
-1.421875
-1.421875
-1.5625
-1.5625
-1.73828125
-1.73828125
-1.4921875
-1.4921875
-2.16796875
-2.16796875
-1.6328125
-1.6328125
-1.6328125
-1.6328125
-1.421875
-1.421875
-1.421875
-1.421875
-1.52734375
-1.52734375
-1.52734375
-1.52734375
-1.52734375
-1.52734375
-2.05859375
-2.05859375
-2.05859375
-2.05859375
-1.77734375
-1.77734375
-1.59765625
-1.59765625
-1.73828125
-1.73828125
-1.73828125
-1.73828125
-1.5625
-1.5625
-1.66796875
-1.66796875
-1.5625
-1.5625
-1.6328125
-1.6328125
-1.8125
-1.8125
-1.73828125
-1.73828125
-1.52734375
-1.52734375
-1.52734375
-1.52734375
-1.8125
-1.8125
-1.8125
-1.8125
-1.5625
-1.5625
-1.8828125
-1.8828125
-1.66796875
-1.66796875
-1.421875
-1.421875
-1.3828125
-1.3828125
-1.3828125
-1.3828125
-1.4921875
-1.4921875
-1.5625
-1.5625
-1.5625
-1.5625
-1.45703125
-1.45703125
-1.52734375
-1.52734375
-1.3125
-1.3125
-1.5625
-1.5625
-1.45703125
-1.45703125
-1.45703125
-1.77734375
-1.77734375
-1.77734375
-1.5625
-1.5625
-1.3828125
-1.3828125
-1.6328125
-1.6328125
-1.84765625
-1.84765625
-1.5625
-1.5625
-1.6328125
-1.6328125
-1.2421875
-1.2421875
-2.09375
-2.09375
-1.703125
-1.703125
-1.8125
-1.8125
-1.77734375
-1.77734375
-1.34765625
-1.34765625
-1.703125
-1.703125
-1.59765625
-1.6328125
0
0
0
0
0
0
0
0
0
0
0
0
0
0
0
0
0
0
0
0
0
0
0
0
0
0
0
0
0
0
0
0
0
0
0
0
0
0
0
0
0
0
0
0
0
0
0
0
