7.890625
7.8203125
7.8203125
7.640625
7.640625
7.640625
7.640625
7.9609375
7.9609375
7.92578125
7.92578125
3.73046875
3.73046875
3.73046875
3.73046875
3.48046875
3.48046875
3.125
3.125
3.91015625
3.91015625
3.33984375
3.33984375
3.625
3.625
3.48046875
3.48046875
3.08984375
3.08984375
2.1328125
2.1328125
1.77734375
1.77734375
1.98828125
1.98828125
2.16796875
2.16796875
2.48828125
2.48828125
2.37890625
2.37890625
2.37890625
2.37890625
1.77734375
1.77734375
1.77734375
1.77734375
2.30859375
2.30859375
2.30859375
2.30859375
1.98828125
1.98828125
2.44921875
2.44921875
2.44921875
2.44921875
2.2734375
2.2734375
1.703125
1.703125
2.09375
2.09375
1.91796875
1.91796875
1.91796875
1.91796875
2.34375
2.34375
2.48828125
2.48828125
2.48828125
2.48828125
2.05859375
2.05859375
2.23828125
2.23828125
2.23828125
2.23828125
1.98828125
1.98828125
1.98828125
1.98828125
1.5625
1.5625
1.4921875
1.4921875
1.4921875
1.4921875
1.45703125
1.45703125
1.59765625
1.59765625
1.59765625
1.59765625
1.59765625
1.59765625
1.45703125
1.45703125
0.8515625
0.8515625
1.34765625
1.34765625
1.06640625
1.06640625
1.06640625
1.06640625
1.2421875
1.2421875
1.171875
1.171875
0.95703125
0.95703125
0.4609375
0.4609375
0.6015625
0.6015625
0.8515625
0.8515625
0.4609375
0.4609375
0.671875
0.671875
0.671875
0.671875
0.6015625
0.6015625
0.56640625
0.56640625
0.56640625
0.56640625
0.7109375
0.7109375
0.56640625
0.56640625
0.78125
0.78125
0.63671875
0.63671875
1.02734375
1.02734375
0.74609375
0.74609375
0.921875
0.921875
0.9921875
0.9921875
0.921875
0.921875
0.81640625
0.81640625
0.74609375
0.74609375
1.02734375
1.02734375
1.02734375
1.02734375
1.13671875
1.13671875
1.13671875
1.13671875
1.02734375
1.02734375
1.06640625
1.06640625
1.13671875
1.13671875
0.78125
0.78125
0.7109375
0.7109375
0.95703125
0.95703125
1.02734375
1.02734375
0.921875
0.921875
1.2421875
1.2421875
1.2421875
1.2421875
1.2421875
1.2421875
1.13671875
1.13671875
1.13671875
1.13671875
1.34765625
1.34765625
1.34765625
1.34765625
1.3125
1.3125
1.3125
1.3125
1.34765625
1.34765625
1.3125
1.3125
1.3125
1.3125
1.02734375
1.02734375
1.06640625
1.06640625
1.06640625
1.06640625
1.171875
1.171875
1.171875
1.171875
0.88671875
0.88671875
1.02734375
1.02734375
1.02734375
1.02734375
1.20703125
1.20703125
1.1015625
1.1015625
1.3828125
1.3828125
1.3828125
1.3828125
1.171875
1.171875
0.81640625
0.81640625
1.1015625
1.1015625
0.63671875
0.63671875
1.13671875
1.13671875
1.13671875
1.13671875
1.34765625
1.34765625
1.3125
1.3125
1.13671875
1.13671875
1.06640625
1.06640625
0.78125
0.78125
1.13671875
1.13671875
0.95703125
0.95703125
1.02734375
1.02734375
1.2421875
1.2421875
1.171875
1.171875
1.171875
1.171875
1.02734375
1.02734375
1.13671875
1.13671875
0.8515625
0.8515625
0.8515625
0.8515625
0.56640625
0.56640625
0.74609375
0.74609375
0.78125
0.78125
0.28125
0.28125
-0.140625
-0.140625
0.42578125
0.42578125
0.35546875
0.35546875
0.24609375
0.24609375
0.24609375
0.24609375
-0.0703125
-0.0703125
-0.0703125
-0.0703125
-0.0703125
-0.0703125
-0.03515625
-0.03515625
-0.03515625
-0.03515625
-0.03515625
-0.03515625
-0.03515625
-0.03515625
0.140625
0.140625
0.03515625
0.03515625
0.03515625
0.03515625
0.0703125
0.0703125
-0.10546875
-0.10546875
-0.10546875
-0.10546875
-0.140625
-0.140625
-0.10546875
-0.10546875
-0.2109375
-0.2109375
-0.35546875
-0.35546875
-0.35546875
-0.35546875
-0.49609375
-0.49609375
-0.671875
-0.671875
-0.95703125
-0.95703125
-0.88671875
-0.88671875
-1.1015625
-1.1015625
-0.9921875
-0.9921875
-1.34765625
-1.34765625
-1.20703125
-1.20703125
-1.59765625
-1.59765625
-1.73828125
-1.73828125
-1.52734375
-1.52734375
-1.4921875
-1.4921875
-1.59765625
-1.59765625
-1.98828125
-1.98828125
-1.73828125
-1.73828125
-1.84765625
-1.84765625
-1.5625
-1.5625
-1.5625
-1.5625
-2.09375
-2.09375
-2.0234375
-2.0234375
-2.203125
-2.203125
-2.203125
-2.203125
-2.23828125
-2.23828125
-2.5234375
-2.5234375
-2.44921875
-2.44921875
-2.1328125
-2.1328125
-2.69921875
-2.69921875
-2.5234375
-2.5234375
-2.5234375
-2.5234375
-2.37890625
-2.37890625
-2.23828125
-2.23828125
-2.23828125
-2.23828125
-2.30859375
-2.30859375
-2.34375
-2.34375
-1.98828125
-1.98828125
-1.98828125
-1.98828125
-2.09375
-2.09375
-1.6328125
-1.6328125
-1.6328125
-1.6328125
-1.06640625
-1.06640625
-0.921875
-0.921875
-1.52734375
0
0
0
0
0
0
0
0
0
0
0
0
0
0
0
0
0
0
0
0
0
0
0
0
0
0
0
0
0
0
0
0
0
0
0
