-0.2109375
-0.53125
-0.53125
-0.2109375
-0.2109375
-0.24609375
-0.24609375
-0.42578125
-0.42578125
-0.24609375
-0.24609375
-0.24609375
-0.24609375
-0.03515625
-0.03515625
0.81640625
0.81640625
1.20703125
1.20703125
1.20703125
1.20703125
1.3828125
1.3828125
1.3828125
1.3828125
2.16796875
2.16796875
10.6640625
10.6640625
16.5625
16.5625
28.5078125
28.5078125
32.09765625
32.09765625
31.52734375
31.52734375
29.2890625
29.2890625
25.0234375
25.0234375
21.36328125
21.36328125
19.4765625
19.4765625
18.234375
18.234375
18.234375
18.234375
15.24609375
15.24609375
15.6015625
15.6015625
16.38671875
16.38671875
14.25390625
14.25390625
20.01171875
20.01171875
20.93359375
20.93359375
20.93359375
20.93359375
19.8671875
19.8671875
23.140625
23.140625
23.03125
23.03125
22.99609375
22.99609375
22.99609375
22.99609375
21.64453125
21.64453125
14.07421875
14.07421875
13.2578125
13.2578125
12.8671875
12.8671875
11.23046875
11.23046875
10.09375
10.09375
9.66796875
9.66796875
9.1328125
9.1328125
9.1328125
9.1328125
8.7421875
8.7421875
8.2109375
8.2109375
7.5703125
7.5703125
7.3203125
7.3203125
6.82421875
6.82421875
6.7890625
6.7890625
6.7890625
6.7890625
6.82421875
6.82421875
6.89453125
6.89453125
6.7890625
6.7890625
7.640625
7.640625
7.640625
7.640625
7.14453125
7.14453125
7.14453125
7.14453125
7.14453125
7.14453125
7
7
7.21484375
7.21484375
6.609375
6.609375
6.609375
6.609375
6.32421875
6.32421875
5.6484375
5.6484375
5.6484375
5.6484375
5.96875
5.96875
5.22265625
5.22265625
4.83203125
4.83203125
4.65625
4.65625
3.80078125
3.80078125
3.80078125
3.80078125
3.6953125
3.6953125
3.765625
3.765625
3.08984375
3.08984375
3.08984375
3.08984375
2.34375
2.34375
2.16796875
2.16796875
2.203125
2.203125
2.203125
2.203125
2.30859375
2.30859375
2.16796875
2.16796875
2.05859375
2.05859375
2.05859375
2.05859375
1.703125
1.703125
1.703125
1.703125
1.84765625
1.84765625
1.73828125
1.73828125
1.73828125
1.73828125
2.1328125
2.1328125
1.73828125
1.73828125
1.73828125
1.73828125
1.73828125
1.73828125
2.203125
2.203125
1.6328125
1.6328125
1.66796875
1.66796875
1.66796875
1.66796875
1.8828125
1.8828125
1.77734375
1.77734375
1.953125
1.953125
2.05859375
2.05859375
1.73828125
1.73828125
1.8125
1.8125
1.59765625
1.59765625
2.1328125
2.1328125
2.1328125
2.1328125
2.23828125
2.23828125
2.05859375
2.05859375
1.98828125
1.98828125
2.05859375
2.05859375
2.16796875
2.16796875
1.98828125
1.98828125
2.34375
2.34375
2.23828125
2.23828125
2.23828125
2.23828125
2.37890625
2.37890625
2.37890625
2.37890625
2.5234375
2.5234375
2.5234375
2.5234375
2.55859375
2.55859375
2.4140625
2.4140625
2.69921875
2.69921875
2.69921875
2.76953125
2.94921875
2.94921875
2.62890625
2.62890625
2.62890625
2.62890625
3.08984375
3.08984375
2.984375
2.984375
2.984375
2.984375
2.87890625
2.87890625
2.984375
2.984375
3.125
3.125
2.734375
2.734375
2.84375
2.84375
2.734375
2.734375
2.734375
2.734375
2.734375
2.734375
2.76953125
2.76953125
2.76953125
2.984375
2.984375
2.984375
2.84375
2.84375
2.62890625
2.62890625
2.6640625
2.6640625
2.55859375
2.55859375
2.734375
2.734375
2.37890625
2.37890625
2.76953125
2.76953125
2.59375
2.59375
2.8046875
2.8046875
2.59375
2.59375
2.4140625
2.4140625
2.9140625
2.9140625
2.9140625
2.9140625
2.55859375
2.55859375
2.55859375
2.55859375
2.6640625
2.6640625
2.5234375
2.5234375
2.94921875
2.94921875
2.55859375
2.55859375
2.55859375
2.55859375
2.69921875
2.69921875
2.4140625
2.4140625
2.55859375
2.55859375
2.4140625
2.4140625
2.4140625
2.4140625
2.76953125
2.76953125
2.76953125
2.76953125
2.6640625
2.6640625
2.44921875
2.44921875
2.48828125
2.48828125
2.48828125
2.4140625
2.62890625
2.62890625
2.59375
2.59375
2.4140625
2.4140625
2.1328125
2.1328125
2.1328125
2.1328125
2.37890625
2.37890625
2.44921875
2.44921875
2.37890625
2.37890625
2.44921875
2.44921875
2.37890625
2.37890625
2.05859375
2.05859375
2.05859375
2.05859375
2.16796875
2.16796875
2.16796875
2.16796875
2.1328125
2.1328125
2.34375
2.34375
2.34375
2.34375
2.44921875
2.44921875
2.44921875
2.44921875
2.69921875
2.69921875
2.203125
2.203125
2.2734375
2.2734375
2.2734375
2.2734375
2.55859375
2.55859375
2.203125
2.203125
2.2734375
2.2734375
2.34375
2.34375
2.09375
2.09375
2.30859375
2.30859375
2.09375
2.09375
2.09375
2.09375
2.203125
2.203125
2.203125
2.203125
2.1328125
2.1328125
2.203125
2.203125
2.203125
2.203125
1.8828125
1.8828125
2.203125
2.203125
2.203125
2.203125
2.37890625
2.37890625
2.44921875
2.44921875
2.44921875
2.44921875
2.16796875
2.16796875
1.953125
1.953125
1.953125
1.953125
1.77734375
1.77734375
2.203125
2.203125
2.203125
1.91796875
1.91796875
1.91796875
1.77734375
1.77734375
1.8125
1.8125
1.98828125
1.98828125
1.77734375
1.77734375
1.66796875
1.66796875
1.4921875
1.4921875
1.73828125
1.73828125
1.77734375
1.77734375
1.84765625
1.84765625
1.59765625
1.59765625
1.8125
1.8125
1.77734375
1.77734375
2.09375
2.09375
1.98828125
2.1328125
0
0
0
0
0
0
0
0
0
0
0
0
0
0
0
0
0
0
0
0
0
0
0
0
0
0
0
0
0
0
0
0
0
0
0
0
0
0
0
0
0
0
0
0
0
0
0
0
