4.9375
5.22265625
5.22265625
5.01171875
5.01171875
5.01171875
5.01171875
4.76171875
4.76171875
5.01171875
5.01171875
4.3359375
4.3359375
4.3359375
4.3359375
4.65625
4.65625
4.69140625
4.69140625
4.76171875
4.76171875
4.83203125
4.83203125
4.546875
4.546875
4.76171875
4.76171875
5.1875
5.1875
5.1875
5.1875
5.15234375
5.15234375
5.5078125
5.5078125
5.54296875
5.54296875
5.578125
5.578125
5.86328125
5.86328125
5.4375
5.4375
5.54296875
5.54296875
5.54296875
5.54296875
5.1875
5.1875
5.1875
5.1875
4.546875
4.546875
4.30078125
4.30078125
4.30078125
4.30078125
3.91015625
3.91015625
3.73046875
3.73046875
3.375
3.375
3.26953125
3.26953125
3.26953125
3.26953125
3.19921875
3.19921875
3.125
3.125
3.08984375
3.08984375
3.3046875
3.3046875
3.08984375
3.08984375
3.08984375
3.08984375
3.16015625
3.16015625
3.16015625
3.16015625
3.80078125
3.80078125
3.41015625
3.41015625
3.41015625
3.41015625
4.2265625
4.2265625
4.05078125
4.05078125
4.05078125
4.05078125
3.87109375
3.87109375
4.15625
4.15625
3.8359375
3.8359375
4.15625
4.15625
3.87109375
3.87109375
3.80078125
3.80078125
3.765625
3.765625
3.73046875
3.73046875
3.73046875
3.73046875
3.375
3.375
3.41015625
3.41015625
3.3046875
3.3046875
3.0546875
3.0546875
2.94921875
2.94921875
2.94921875
2.94921875
2.94921875
2.94921875
2.76953125
2.76953125
2.55859375
2.55859375
2.5234375
2.5234375
2.203125
2.203125
2.30859375
2.30859375
2.16796875
2.16796875
1.8125
1.8125
1.421875
1.421875
1.4921875
1.4921875
1.52734375
1.52734375
1.3828125
1.3828125
1.20703125
1.20703125
1.27734375
1.27734375
1.06640625
1.06640625
0.88671875
0.88671875
0.921875
0.921875
0.921875
0.921875
0.49609375
0.49609375
0.24609375
0.24609375
0.35546875
0.35546875
0.390625
0.390625
0.49609375
0.49609375
0.03515625
0.03515625
-0.31640625
-0.31640625
-0.0703125
-0.0703125
-0.03515625
-0.03515625
0.17578125
0.17578125
0.03515625
0.03515625
0.24609375
0.24609375
0.24609375
0.24609375
0.140625
0.140625
0.140625
0.140625
0.4609375
0.4609375
0.8515625
0.8515625
0.8515625
0.8515625
0.63671875
0.63671875
0.63671875
0.63671875
0.9921875
0.9921875
1.13671875
1.13671875
1.13671875
1.13671875
1.27734375
1.27734375
1.27734375
1.27734375
1.52734375
1.52734375
1.91796875
1.91796875
1.91796875
1.91796875
1.91796875
1.91796875
2.16796875
2.16796875
3.0546875
3.0546875
3.0546875
3.0546875
2.87890625
2.87890625
3.5546875
3.5546875
3.73046875
3.73046875
4.015625
4.015625
4.15625
4.15625
4.51171875
4.51171875
4.90234375
4.90234375
5.22265625
5.22265625
5.3671875
5.3671875
5.8984375
5.8984375
5.6484375
5.6484375
5.96875
5.96875
6.6796875
6.6796875
7.109375
7.109375
7.28515625
7.28515625
7.67578125
7.67578125
7.67578125
7.67578125
8.4921875
8.4921875
8.63671875
8.63671875
8.8125
8.8125
8.8125
8.8125
9.98828125
9.98828125
9.87890625
9.87890625
9.953125
9.953125
10.37890625
10.37890625
10.69921875
10.69921875
10.09375
10.09375
10.8046875
10.8046875
10.875
10.875
10.875
10.875
11.765625
11.765625
12.51171875
12.51171875
12.51171875
12.51171875
12.33203125
12.33203125
12.33203125
12.33203125
12.83203125
12.83203125
12.83203125
12.83203125
12.4765625
12.4765625
14.21875
14.21875
13.1875
13.1875
13.578125
13.578125
13.93359375
13.93359375
13.61328125
13.61328125
14.359375
14.359375
15.42578125
15.42578125
14.85546875
14.85546875
15
15
15
15
15.49609375
15.49609375
14.9296875
14.9296875
16.5625
16.5625
16.77734375
16.77734375
17.2734375
17.2734375
16.8125
16.8125
19.12109375
19.12109375
16.52734375
16.52734375
18.98046875
18.98046875
17.453125
17.453125
17.6640625
17.6640625
18.01953125
18.01953125
17.09765625
17.09765625
17.7734375
17.7734375
15.78125
15.78125
16.84765625
16.84765625
18.4453125
18.4453125
18.4453125
18.4453125
16.953125
16.953125
17.6640625
17.6640625
19.5859375
19.5859375
17.94921875
17.94921875
16.20703125
16.20703125
16.5625
16.5625
16.06640625
16.06640625
15.53125
15.53125
16.421875
16.421875
15.03515625
15.03515625
15.03515625
15.03515625
15.390625
15.390625
13.61328125
13.61328125
13.61328125
13.61328125
14.53515625
14.53515625
14.07421875
14.07421875
12.046875
12.046875
12.046875
12.046875
11.90625
11.90625
9.98828125
9.98828125
9.98828125
9.98828125
8.31640625
8.31640625
7.5
7.5
7.28515625
0
0
0
0
0
0
0
0
0
0
0
0
0
0
0
0
0
0
0
0
0
0
0
0
0
0
0
0
0
0
0
0
0
0
0
