-0.24609375
-0.671875
-0.671875
-0.24609375
-0.24609375
-0.28125
-0.28125
-0.17578125
-0.17578125
-0.17578125
-0.17578125
-0.17578125
-0.17578125
3.01953125
3.01953125
4.265625
4.265625
5.86328125
5.86328125
5.86328125
5.86328125
19.05078125
19.05078125
19.05078125
19.05078125
37.14453125
37.14453125
37.109375
37.109375
35.828125
35.828125
36.43359375
36.43359375
38.10546875
38.10546875
37.46484375
37.46484375
37.14453125
37.14453125
30.81640625
30.81640625
31.70703125
31.70703125
36.859375
36.859375
36.078125
36.078125
36.078125
36.078125
35.79296875
35.79296875
36.43359375
36.43359375
30.21484375
30.21484375
26.765625
26.765625
25.05859375
25.05859375
25.8046875
25.8046875
25.8046875
25.8046875
26.94140625
26.94140625
26.01953125
26.01953125
23.4609375
23.4609375
20.7578125
20.7578125
20.7578125
20.7578125
18.01953125
18.01953125
16.171875
16.171875
15.49609375
15.49609375
14.57421875
14.57421875
13.7890625
13.7890625
13.1875
13.1875
12.7578125
12.7578125
12.546875
12.546875
12.546875
12.546875
12.72265625
12.72265625
12.3671875
12.3671875
11.73046875
11.73046875
11.55078125
11.55078125
10.05859375
10.05859375
9.27734375
9.27734375
9.27734375
9.27734375
8.671875
8.671875
7.74609375
7.74609375
7.60546875
7.60546875
7.25
7.25
7.25
7.25
6.50390625
6.50390625
6.00390625
6.00390625
6.00390625
6.00390625
4.83203125
4.83203125
5.01171875
5.01171875
4.83203125
4.83203125
4.83203125
4.83203125
4.12109375
4.12109375
4.015625
4.015625
4.015625
4.015625
4.015625
4.015625
3.80078125
3.80078125
3.6953125
3.6953125
3.765625
3.765625
3.98046875
3.98046875
3.98046875
3.98046875
3.48046875
3.48046875
3.19921875
3.19921875
3.08984375
3.08984375
3.08984375
3.08984375
2.94921875
2.94921875
2.76953125
2.76953125
2.59375
2.59375
2.59375
2.59375
2.48828125
2.48828125
2.2734375
2.2734375
1.84765625
1.84765625
2.09375
2.09375
2.05859375
2.05859375
2.05859375
2.05859375
2.0234375
2.0234375
2.62890625
2.62890625
2.62890625
2.62890625
2.37890625
2.37890625
2.48828125
2.48828125
2.48828125
2.48828125
2.44921875
2.44921875
2.734375
2.734375
2.37890625
2.37890625
3.08984375
3.08984375
3.08984375
3.08984375
2.9140625
2.9140625
3.125
3.125
3.58984375
3.58984375
3.66015625
3.66015625
3.9453125
3.9453125
3.91015625
3.91015625
3.6953125
3.6953125
3.9453125
3.9453125
3.9453125
3.9453125
4.30078125
4.30078125
4.265625
4.265625
4.37109375
4.37109375
4.51171875
4.51171875
4.4765625
4.4765625
4.2265625
4.2265625
4.4765625
4.4765625
4.51171875
4.51171875
4.51171875
4.51171875
4.3359375
4.3359375
4.3359375
4.3359375
4.546875
4.546875
4.546875
4.546875
4.44140625
4.44140625
4.62109375
4.62109375
4.37109375
4.37109375
4.37109375
4.7265625
4.15625
4.15625
4.2265625
4.2265625
4.2265625
4.2265625
4.19140625
4.19140625
4.3359375
4.3359375
4.3359375
4.3359375
4.44140625
4.44140625
4.15625
4.15625
4.30078125
4.30078125
4.30078125
4.30078125
4.2265625
4.2265625
4.3359375
4.3359375
4.3359375
4.3359375
4.37109375
4.37109375
4.19140625
4.19140625
4.19140625
4.265625
4.265625
4.265625
4.37109375
4.37109375
3.87109375
3.87109375
4.19140625
4.19140625
3.87109375
3.87109375
3.91015625
3.91015625
4.265625
4.265625
4.4765625
4.4765625
4.30078125
4.30078125
3.9453125
3.9453125
4.15625
4.15625
4.58203125
4.58203125
4.0859375
4.0859375
4.0859375
4.0859375
4.05078125
4.4765625
4.4765625
4.4765625
4.2265625
4.2265625
4.15625
4.15625
4.44140625
4.44140625
3.98046875
3.98046875
3.98046875
3.98046875
4.30078125
4.30078125
4.44140625
4.44140625
4.40625
4.40625
4.2265625
4.2265625
4.2265625
4.2265625
4.3359375
4.3359375
4.3359375
4.3359375
4.30078125
4.30078125
4.30078125
4.30078125
4.265625
4.265625
4.265625
3.91015625
4.05078125
4.05078125
3.98046875
3.98046875
4.3359375
4.3359375
3.91015625
3.91015625
3.91015625
3.91015625
4.0859375
4.0859375
3.91015625
3.91015625
4.05078125
4.05078125
4.15625
4.15625
4.0859375
4.0859375
3.87109375
3.87109375
3.87109375
3.87109375
4.37109375
4.37109375
4.37109375
4.37109375
4.015625
4.015625
3.91015625
3.91015625
3.91015625
3.91015625
4.12109375
4.12109375
4.12109375
4.12109375
4.265625
4.265625
4.0859375
4.0859375
3.6953125
3.6953125
3.6953125
3.6953125
3.80078125
3.80078125
4.0859375
4.0859375
4.44140625
4.44140625
4.12109375
4.12109375
4.19140625
4.19140625
4.15625
4.15625
4.015625
4.015625
4.015625
4.015625
4.2265625
4.2265625
4.2265625
4.2265625
4.0859375
4.0859375
4.015625
4.015625
4.015625
4.015625
4.2265625
4.2265625
4.0859375
4.0859375
4.0859375
4.0859375
4.19140625
4.19140625
4.30078125
4.30078125
4.30078125
4.30078125
4.0859375
4.0859375
4.015625
4.015625
3.66015625
3.66015625
3.515625
3.515625
3.765625
3.765625
3.765625
3.515625
3.515625
3.515625
3.41015625
3.41015625
3.58984375
3.58984375
3.33984375
3.33984375
3.41015625
3.41015625
3.58984375
3.58984375
3.41015625
3.41015625
3.73046875
3.73046875
3.765625
3.765625
3.765625
3.765625
3.58984375
3.58984375
3.8359375
3.8359375
4.265625
4.265625
4.12109375
4.12109375
4.19140625
4.19140625
0
0
0
0
0
0
0
0
0
0
0
0
0
0
0
0
0
0
0
0
0
0
0
0
0
0
0
0
0
0
0
0
0
0
0
0
0
0
0
0
0
0
0
0
0
0
0
0
