0.140625
-0.88671875
-0.88671875
-7.99609375
-7.99609375
-10.44921875
-10.44921875
-10.34375
-10.34375
-10.37890625
-10.37890625
-10.37890625
-10.37890625
-4.2265625
-4.2265625
-5.046875
-5.046875
-4.44140625
-4.44140625
-4.44140625
-4.44140625
-1.84765625
-1.84765625
-1.84765625
-1.84765625
-1.66796875
-1.66796875
-0.6015625
-0.6015625
0
0
1.27734375
1.27734375
2.0234375
2.0234375
3.6953125
3.6953125
2.62890625
2.62890625
8.4921875
8.4921875
7.99609375
7.99609375
5.15234375
5.15234375
2.734375
2.734375
2.734375
2.734375
-0.81640625
-0.81640625
-5.93359375
-5.93359375
-6.5390625
-6.5390625
-8.421875
-8.421875
-5.6875
-5.6875
-2.30859375
-2.30859375
-2.30859375
-2.30859375
3.234375
3.234375
2.1328125
2.1328125
1.421875
1.421875
3.73046875
3.73046875
3.73046875
3.73046875
0.9921875
0.9921875
-0.31640625
-0.31640625
-1.52734375
-1.52734375
-1.171875
-1.171875
-2.34375
-2.34375
-1.6328125
-1.6328125
-1.4921875
-1.4921875
-1.703125
-1.703125
-1.703125
-1.703125
-1.3828125
-1.3828125
-1.8828125
-1.8828125
0.35546875
0.35546875
0.31640625
0.31640625
0.74609375
0.74609375
1.06640625
1.06640625
1.06640625
1.06640625
0.921875
0.921875
2.5234375
2.5234375
3.08984375
3.08984375
4.2265625
4.2265625
4.2265625
4.2265625
4.44140625
4.44140625
4.76171875
4.76171875
4.76171875
4.76171875
5.54296875
5.54296875
5.4375
5.4375
5.3671875
5.3671875
5.3671875
5.3671875
5.40234375
5.40234375
5.4375
5.4375
5.4375
5.4375
5.08203125
5.08203125
4.9765625
4.9765625
5.046875
5.046875
4.58203125
4.58203125
4.7265625
4.7265625
4.7265625
4.7265625
4.4765625
4.4765625
4.44140625
4.44140625
3.98046875
3.98046875
3.98046875
3.98046875
3.6953125
3.6953125
3.48046875
3.48046875
3.26953125
3.26953125
3.26953125
3.26953125
3.125
3.125
3.0546875
3.0546875
2.87890625
2.87890625
3.0546875
3.0546875
3.01953125
3.01953125
3.01953125
3.01953125
2.76953125
2.76953125
2.8046875
2.8046875
2.8046875
2.8046875
2.69921875
2.69921875
2.69921875
2.69921875
2.69921875
2.69921875
2.59375
2.59375
2.55859375
2.55859375
2.4140625
2.4140625
2.5234375
2.5234375
2.5234375
2.5234375
2.55859375
2.55859375
2.5234375
2.5234375
2.6640625
2.6640625
2.59375
2.59375
2.48828125
2.48828125
2.5234375
2.5234375
2.9140625
2.9140625
2.94921875
2.94921875
2.94921875
2.94921875
3.01953125
3.01953125
2.94921875
2.94921875
2.94921875
2.94921875
3.0546875
3.0546875
3.26953125
3.26953125
3.01953125
3.01953125
3.16015625
3.16015625
3.125
3.125
3.125
3.125
3.08984375
3.08984375
3.08984375
3.08984375
2.94921875
2.94921875
2.94921875
2.94921875
3.0546875
3.0546875
3.234375
3.234375
3.125
3.125
3.125
3.375
3.19921875
3.19921875
3.375
3.375
3.375
3.375
3.234375
3.234375
3.16015625
3.16015625
3.16015625
3.16015625
3.234375
3.234375
3.3046875
3.3046875
2.9140625
2.9140625
3.41015625
3.41015625
3.234375
3.234375
2.87890625
2.87890625
2.87890625
2.87890625
2.94921875
2.94921875
3.0546875
3.0546875
3.0546875
2.84375
2.84375
2.84375
3.01953125
3.01953125
2.87890625
2.87890625
2.87890625
2.87890625
2.9140625
2.9140625
2.9140625
2.9140625
2.87890625
2.87890625
2.94921875
2.94921875
2.8046875
2.8046875
2.94921875
2.94921875
2.8046875
2.8046875
2.87890625
2.87890625
2.8046875
2.8046875
2.8046875
2.8046875
2.5234375
2.984375
2.984375
2.984375
2.84375
2.84375
2.94921875
2.94921875
2.59375
2.59375
2.9140625
2.9140625
2.9140625
2.9140625
2.62890625
2.62890625
2.734375
2.734375
2.8046875
2.8046875
2.69921875
2.69921875
2.69921875
2.69921875
2.5234375
2.5234375
2.5234375
2.5234375
2.84375
2.84375
2.69921875
2.69921875
2.8046875
2.8046875
2.8046875
2.69921875
2.48828125
2.48828125
2.8046875
2.8046875
2.62890625
2.62890625
2.48828125
2.48828125
2.48828125
2.48828125
2.55859375
2.55859375
2.6640625
2.6640625
2.59375
2.59375
2.4140625
2.4140625
2.76953125
2.76953125
2.44921875
2.44921875
2.44921875
2.44921875
2.87890625
2.87890625
2.87890625
2.87890625
2.55859375
2.55859375
2.87890625
2.87890625
2.87890625
2.87890625
2.76953125
2.76953125
2.76953125
2.76953125
2.9140625
2.9140625
2.69921875
2.69921875
3.08984375
3.08984375
3.08984375
3.08984375
2.6640625
2.6640625
3.125
3.125
2.76953125
2.76953125
2.734375
2.734375
2.9140625
2.9140625
3.16015625
3.16015625
3.0546875
3.0546875
3.0546875
3.0546875
3.33984375
3.33984375
3.33984375
3.33984375
3.01953125
3.01953125
2.69921875
2.69921875
2.4140625
2.4140625
1.953125
1.953125
2.4140625
2.4140625
2.4140625
2.4140625
5.29296875
5.29296875
4.796875
4.796875
4.796875
4.796875
10.6640625
10.6640625
8.77734375
8.77734375
5.6875
5.6875
2.734375
2.734375
1.703125
1.703125
1.703125
0.17578125
0.17578125
0.17578125
-0.0703125
-0.0703125
1.91796875
1.91796875
2.984375
2.984375
3.0546875
3.0546875
2.4140625
2.4140625
2.59375
2.59375
2.16796875
2.16796875
1.8125
1.8125
1.2421875
1.2421875
1.52734375
1.52734375
1.66796875
1.66796875
1.91796875
1.91796875
2.0234375
2.0234375
2.34375
2.44921875
0
0
0
0
0
0
0
0
0
0
0
0
0
0
0
0
0
0
0
0
0
0
0
0
0
0
0
0
0
0
0
0
0
0
0
0
0
0
0
0
0
0
0
0
0
0
0
0
