-5.01171875
-5.046875
-5.046875
-4.9375
-4.9375
-4.9375
-4.9375
-5.08203125
-5.08203125
-5.08203125
-5.08203125
0
0
0
0
-0.31640625
-0.31640625
-0.24609375
-0.24609375
-0.17578125
-0.17578125
-1.02734375
-1.02734375
-0.63671875
-0.63671875
-0.6015625
-0.6015625
-0.10546875
-0.10546875
-0.10546875
-0.10546875
-0.140625
-0.140625
0.28125
0.28125
0.6015625
0.6015625
0.390625
0.390625
0.63671875
0.63671875
0.35546875
0.35546875
0.63671875
0.63671875
0.63671875
0.63671875
0.24609375
0.24609375
0.24609375
0.24609375
0.0703125
0.0703125
0
0
0
0
0.28125
0.28125
0
0
0
0
-0.2109375
-0.2109375
-0.2109375
-0.2109375
-0.42578125
-0.42578125
-0.24609375
-0.24609375
-0.0703125
-0.0703125
-0.31640625
-0.31640625
0
0
0
0
-0.42578125
-0.42578125
-0.42578125
-0.42578125
-0.2109375
-0.2109375
-0.28125
-0.28125
-0.28125
-0.28125
-0.31640625
-0.31640625
-0.31640625
-0.31640625
-0.31640625
-0.31640625
-0.390625
-0.390625
-0.03515625
-0.03515625
-0.10546875
-0.10546875
-0.2109375
-0.2109375
-0.2109375
-0.2109375
-0.28125
-0.28125
-0.03515625
-0.03515625
-0.10546875
-0.10546875
-0.28125
-0.28125
-0.31640625
-0.31640625
-0.0703125
-0.0703125
-0.140625
-0.140625
0.0703125
0.0703125
0.0703125
0.0703125
0.0703125
0.0703125
0
0
-0.03515625
-0.03515625
0.10546875
0.10546875
0
0
-0.17578125
-0.17578125
-0.28125
-0.28125
-0.140625
-0.140625
-0.2109375
-0.2109375
0.17578125
0.17578125
0
0
0.03515625
0.03515625
-0.0703125
-0.0703125
0
0
0.03515625
0.03515625
0.0703125
0.0703125
0
0
0
0
0
0
0.28125
0.28125
0.4609375
0.4609375
0.17578125
0.17578125
0.2109375
0.2109375
0.4609375
0.4609375
0.4609375
0.4609375
0.35546875
0.35546875
0.56640625
0.56640625
0.140625
0.140625
0.10546875
0.10546875
0.17578125
0.17578125
0.31640625
0.31640625
0.31640625
0.31640625
0.28125
0.28125
0.28125
0.28125
0.390625
0.390625
0.17578125
0.17578125
0.4609375
0.4609375
0.03515625
0.03515625
0.03515625
0.03515625
0.4609375
0.4609375
0.140625
0.140625
0.140625
0.140625
0.31640625
0.31640625
0.31640625
0.31640625
0.24609375
0.24609375
0.24609375
0.24609375
0.24609375
0.24609375
0.31640625
0.31640625
0.0703125
0.0703125
-1.52734375
-1.52734375
-1.52734375
-1.52734375
-1.02734375
-1.02734375
-1.171875
-1.171875
-1.59765625
-1.59765625
-1.703125
-1.703125
-1.4921875
-1.4921875
-2.09375
-2.09375
-1.953125
-1.953125
-2.16796875
-2.16796875
-2.16796875
-2.16796875
-2.5234375
-2.5234375
-2.5234375
-2.5234375
-2.48828125
-2.48828125
-2.55859375
-2.55859375
-2.76953125
-2.76953125
-2.30859375
-2.30859375
-3.01953125
-3.01953125
-3.01953125
-3.01953125
-2.37890625
-2.37890625
-2.734375
-2.734375
-2.734375
-2.734375
-2.734375
-2.734375
-3.01953125
-3.01953125
-3.01953125
-3.01953125
-2.9140625
-2.9140625
-2.8046875
-2.8046875
-2.8046875
-2.8046875
-2.87890625
-2.87890625
-2.87890625
-2.87890625
-2.734375
-2.734375
-2.87890625
-2.87890625
-2.84375
-2.84375
-2.48828125
-2.48828125
-2.48828125
-2.48828125
-2.37890625
-2.37890625
-2.37890625
-2.37890625
-2.4140625
-2.4140625
-2.4140625
-2.4140625
-2.203125
-2.203125
-1.91796875
-1.91796875
-1.953125
-1.953125
-1.171875
-1.171875
-1.59765625
-1.59765625
-1.171875
-1.171875
-1.13671875
-1.13671875
-1.45703125
-1.45703125
-1.52734375
-1.52734375
-1.52734375
-1.52734375
-1.52734375
-1.52734375
-1.5625
-1.5625
-1.52734375
-1.52734375
-1.27734375
-1.27734375
-0.95703125
-0.95703125
-0.95703125
-0.95703125
-1.13671875
-1.13671875
-0.9921875
-0.9921875
-1.06640625
-1.06640625
-0.78125
-0.78125
-0.63671875
-0.63671875
-0.81640625
-0.81640625
-0.49609375
-0.49609375
-0.4609375
-0.4609375
-0.28125
-0.28125
-0.17578125
-0.17578125
-0.42578125
-0.42578125
-0.28125
-0.28125
-0.28125
-0.28125
0
0
0.4609375
0.4609375
0.35546875
0.35546875
0.74609375
0.74609375
0.8515625
0.8515625
1.421875
1.421875
0.95703125
0.95703125
1.2421875
1.2421875
2.0234375
2.0234375
1.8125
1.8125
1.8125
1.8125
1.8828125
1.8828125
2.48828125
2.48828125
2.48828125
2.48828125
2.6640625
2.6640625
2.8046875
2.8046875
3.125
3.125
3.125
3.125
3.33984375
3.33984375
3.625
3.625
3.625
3.625
3.3046875
3.3046875
3.73046875
3.73046875
2.94921875
0
0
0
0
0
0
0
0
0
0
0
0
0
0
0
0
0
0
0
0
0
0
0
0
0
0
0
0
0
0
0
0
0
0
0
