-0.0703125
0
0
-0.24609375
-0.24609375
-0.35546875
-0.35546875
0
0
0.0703125
0.0703125
0.0703125
0.0703125
1.703125
1.703125
2.6640625
2.6640625
1.3828125
1.3828125
1.3828125
1.3828125
1.66796875
1.66796875
1.66796875
1.66796875
1.8125
1.8125
1.1015625
1.1015625
-0.17578125
-0.17578125
-7.890625
-7.890625
-7.5703125
-7.5703125
-7.8203125
-7.8203125
-5.5078125
-5.5078125
-5.3671875
-5.3671875
-5.01171875
-5.01171875
-3.625
-3.625
-3.91015625
-3.91015625
-3.91015625
-3.91015625
-3.3046875
-3.3046875
-3.41015625
-3.41015625
-3.33984375
-3.33984375
-3.98046875
-3.98046875
-3.58984375
-3.58984375
-2.76953125
-2.76953125
-2.76953125
-2.76953125
-1.91796875
-1.91796875
-1.91796875
-1.91796875
-2.05859375
-2.05859375
-2.09375
-2.09375
-2.09375
-2.09375
-2.48828125
-2.48828125
-1.8125
-1.8125
-1.4921875
-1.4921875
-0.8515625
-0.8515625
-0.4609375
-0.4609375
-0.95703125
-0.95703125
-0.921875
-0.921875
-0.31640625
-0.31640625
-0.31640625
-0.31640625
-0.4609375
-0.4609375
-0.63671875
-0.63671875
-0.6015625
-0.6015625
-0.140625
-0.140625
-0.56640625
-0.56640625
-0.4609375
-0.4609375
-0.4609375
-0.4609375
-0.63671875
-0.63671875
-0.78125
-0.78125
-0.921875
-0.921875
-0.74609375
-0.74609375
-0.74609375
-0.74609375
-0.88671875
-0.88671875
-0.56640625
-0.56640625
-0.56640625
-0.56640625
-0.671875
-0.671875
-0.49609375
-0.49609375
-0.74609375
-0.74609375
-0.74609375
-0.74609375
-0.7109375
-0.7109375
-0.9921875
-0.9921875
-0.9921875
-0.9921875
-0.921875
-0.921875
-0.390625
-0.390625
-0.671875
-0.671875
-0.9921875
-0.9921875
-0.81640625
-0.81640625
-0.81640625
-0.81640625
-0.81640625
-0.81640625
-0.7109375
-0.7109375
-0.921875
-0.921875
-0.921875
-0.921875
-0.81640625
-0.81640625
-1.06640625
-1.06640625
-0.78125
-0.78125
-0.78125
-0.78125
-0.78125
-0.78125
-0.8515625
-0.8515625
-0.9921875
-0.9921875
-0.95703125
-0.95703125
-1.02734375
-1.02734375
-1.02734375
-1.02734375
-1.02734375
-1.02734375
-1.1015625
-1.1015625
-1.1015625
-1.1015625
-0.81640625
-0.81640625
-0.921875
-0.921875
-0.921875
-0.921875
-0.95703125
-0.95703125
-0.81640625
-0.81640625
-0.6015625
-0.6015625
-0.42578125
-0.42578125
-0.42578125
-0.42578125
-0.8515625
-0.8515625
-0.671875
-0.671875
-0.671875
-0.671875
-0.81640625
-0.81640625
-0.6015625
-0.6015625
-0.74609375
-0.74609375
-0.88671875
-0.88671875
-0.671875
-0.671875
-0.671875
-0.671875
-0.671875
-0.671875
-0.671875
-0.671875
-0.63671875
-0.63671875
-0.63671875
-0.63671875
-0.81640625
-0.81640625
-0.74609375
-0.74609375
-0.74609375
-0.74609375
-0.53125
-0.53125
-0.53125
-0.53125
-0.6015625
-0.6015625
-0.6015625
-0.6015625
-0.4609375
-0.4609375
-0.4609375
-0.4609375
-0.63671875
-0.63671875
-0.7109375
-0.7109375
-0.63671875
-0.63671875
-0.63671875
-0.53125
-0.49609375
-0.49609375
-0.88671875
-0.88671875
-0.88671875
-0.88671875
-0.671875
-0.671875
-0.7109375
-0.7109375
-0.7109375
-0.7109375
-0.78125
-0.78125
-0.81640625
-0.81640625
-0.74609375
-0.74609375
-0.42578125
-0.42578125
-0.49609375
-0.49609375
-0.671875
-0.671875
-0.671875
-0.671875
-0.63671875
-0.63671875
-0.63671875
-0.63671875
-0.63671875
-0.74609375
-0.74609375
-0.74609375
-0.78125
-0.78125
-0.7109375
-0.7109375
-0.921875
-0.921875
-0.74609375
-0.74609375
-0.74609375
-0.74609375
-0.8515625
-0.8515625
-1.1015625
-1.1015625
-0.63671875
-0.63671875
-0.8515625
-0.8515625
-0.81640625
-0.81640625
-0.88671875
-0.88671875
-1.2421875
-1.2421875
-1.2421875
-1.2421875
-1.13671875
-1.20703125
-1.20703125
-1.20703125
-0.8515625
-0.8515625
-0.74609375
-0.74609375
-0.95703125
-0.95703125
-0.95703125
-0.95703125
-0.95703125
-0.95703125
-1.02734375
-1.02734375
-0.8515625
-0.8515625
-0.78125
-0.78125
-1.27734375
-1.27734375
-1.27734375
-1.27734375
-1.2421875
-1.2421875
-1.2421875
-1.2421875
-1.1015625
-1.1015625
-1.20703125
-1.20703125
-1.13671875
-1.13671875
-1.13671875
-1.13671875
-0.95703125
-0.95703125
-0.78125
-0.78125
-1.13671875
-1.13671875
-0.9921875
-0.9921875
-0.9921875
-0.9921875
-1.27734375
-1.27734375
-0.95703125
-0.95703125
-0.74609375
-0.74609375
-0.9921875
-0.9921875
-1.02734375
-1.02734375
-1.02734375
-1.02734375
-1.02734375
-1.02734375
-1.02734375
-1.02734375
-1.02734375
-1.02734375
-0.81640625
-0.81640625
-0.88671875
-0.88671875
-0.88671875
-0.88671875
-0.921875
-0.921875
-0.921875
-0.921875
-0.88671875
-0.88671875
-1.13671875
-1.13671875
-1.02734375
-1.02734375
-1.02734375
-1.02734375
-0.81640625
-0.81640625
-1.20703125
-1.20703125
-0.921875
-0.921875
-0.95703125
-0.95703125
-0.7109375
-0.7109375
-1.1015625
-1.1015625
-0.8515625
-0.8515625
-0.8515625
-0.8515625
-0.7109375
-0.7109375
-0.7109375
-0.7109375
-0.74609375
-0.74609375
-0.81640625
-0.81640625
-0.9921875
-0.9921875
-1.02734375
-1.02734375
-0.81640625
-0.81640625
-0.81640625
-0.81640625
-0.95703125
-0.95703125
-0.53125
-0.53125
-0.53125
-0.53125
-0.921875
-0.921875
-0.74609375
-0.74609375
-0.81640625
-0.81640625
-1.06640625
-1.06640625
-1.2421875
-1.2421875
-1.2421875
-1.45703125
-1.45703125
-1.45703125
-0.921875
-0.921875
-1.1015625
-1.1015625
-1.2421875
-1.2421875
-1.34765625
-1.34765625
-1.3828125
-1.3828125
-1.8125
-1.8125
-1.66796875
-1.66796875
-1.703125
-1.703125
-1.27734375
-1.27734375
-1.3125
-1.3125
-1.06640625
-1.06640625
-1.2421875
-1.2421875
-1.34765625
-1.34765625
-1.421875
-1.2421875
0
0
0
0
0
0
0
0
0
0
0
0
0
0
0
0
0
0
0
0
0
0
0
0
0
0
0
0
0
0
0
0
0
0
0
0
0
0
0
0
0
0
0
0
0
0
0
0
