0.10546875
0.140625
0.140625
1.66796875
1.66796875
5.54296875
5.54296875
3.8359375
3.8359375
3.3046875
3.3046875
3.3046875
3.3046875
2.6640625
2.6640625
1.20703125
1.20703125
0.6015625
0.6015625
0.6015625
0.6015625
0.28125
0.28125
0.28125
0.28125
0.24609375
0.24609375
3.5546875
3.5546875
4.69140625
4.69140625
2.09375
2.09375
1.171875
1.171875
2.76953125
2.76953125
4.05078125
4.05078125
4.546875
4.546875
2.734375
2.734375
2.203125
2.203125
3.234375
3.234375
3.234375
3.234375
3.234375
3.234375
3.26953125
3.26953125
2.0234375
2.0234375
1.171875
1.171875
1.02734375
1.02734375
0.671875
0.671875
0.671875
0.671875
0.390625
0.390625
0.10546875
0.10546875
-0.2109375
-0.2109375
0.24609375
0.24609375
0.24609375
0.24609375
0.2109375
0.2109375
0.140625
0.140625
0.0703125
0.0703125
0.35546875
0.35546875
0.42578125
0.42578125
0.49609375
0.49609375
1.703125
1.703125
1.6328125
1.6328125
1.6328125
1.6328125
2.1328125
2.1328125
2.0234375
2.0234375
1.66796875
1.66796875
1.171875
1.171875
0.4609375
0.4609375
0.42578125
0.42578125
0.42578125
0.42578125
0.2109375
0.2109375
0.42578125
0.42578125
0.17578125
0.17578125
0.0703125
0.0703125
0.0703125
0.0703125
0.2109375
0.2109375
-0.0703125
-0.0703125
-0.0703125
-0.0703125
-0.74609375
-0.74609375
-0.31640625
-0.31640625
-0.140625
-0.140625
-0.140625
-0.140625
0.03515625
0.03515625
0.10546875
0.10546875
0.10546875
0.10546875
0.28125
0.28125
0
0
0.0703125
0.0703125
-0.140625
-0.140625
0.03515625
0.03515625
0.03515625
0.03515625
-0.03515625
-0.03515625
0
0
0.24609375
0.24609375
0.24609375
0.24609375
0.2109375
0.2109375
0.28125
0.28125
0.35546875
0.35546875
0.35546875
0.35546875
0.4609375
0.4609375
0.42578125
0.42578125
0.4609375
0.4609375
0.390625
0.390625
0.17578125
0.17578125
0.17578125
0.17578125
0.49609375
0.49609375
0.63671875
0.63671875
0.63671875
0.63671875
0.17578125
0.17578125
0.28125
0.28125
0.28125
0.28125
0.53125
0.53125
0.74609375
0.74609375
0.53125
0.53125
0.390625
0.390625
0.390625
0.390625
0.4609375
0.4609375
0.49609375
0.49609375
0.42578125
0.42578125
0.4609375
0.4609375
0.4609375
0.4609375
0.49609375
0.49609375
0.42578125
0.42578125
0.31640625
0.31640625
0.31640625
0.31640625
0.56640625
0.56640625
0.42578125
0.42578125
0.390625
0.390625
0.49609375
0.49609375
0.53125
0.53125
0.42578125
0.42578125
0.49609375
0.49609375
0.78125
0.78125
0.78125
0.78125
0.63671875
0.63671875
0.63671875
0.63671875
0.6015625
0.6015625
0.6015625
0.6015625
0.4609375
0.4609375
0.28125
0.28125
0.6015625
0.6015625
0.6015625
0.49609375
0.63671875
0.63671875
0.17578125
0.17578125
0.17578125
0.17578125
0.63671875
0.63671875
0.390625
0.390625
0.390625
0.390625
0.4609375
0.4609375
0.7109375
0.7109375
0.24609375
0.24609375
0.390625
0.390625
0.28125
0.28125
0.31640625
0.31640625
0.31640625
0.31640625
0.4609375
0.4609375
0.390625
0.390625
0.390625
0.4609375
0.4609375
0.4609375
0.56640625
0.56640625
0.31640625
0.31640625
0.390625
0.390625
0.49609375
0.49609375
0.24609375
0.24609375
0.53125
0.53125
0.390625
0.390625
0.24609375
0.24609375
0.35546875
0.35546875
0.17578125
0.17578125
0.53125
0.53125
0.2109375
0.2109375
0.2109375
0.2109375
0.24609375
0.56640625
0.56640625
0.56640625
0.24609375
0.24609375
0.28125
0.28125
0.49609375
0.49609375
0.4609375
0.4609375
0.4609375
0.4609375
0.4609375
0.4609375
0.24609375
0.24609375
0.4609375
0.4609375
0.28125
0.28125
0.28125
0.28125
0.17578125
0.17578125
0.17578125
0.17578125
0.35546875
0.35546875
0.24609375
0.24609375
0.31640625
0.31640625
0.31640625
0.4609375
0.390625
0.390625
0.03515625
0.03515625
0.31640625
0.31640625
0.140625
0.140625
0.140625
0.140625
0.49609375
0.49609375
0.390625
0.390625
0.42578125
0.42578125
0.35546875
0.35546875
0.17578125
0.17578125
0.49609375
0.49609375
0.49609375
0.49609375
0.49609375
0.49609375
0.49609375
0.49609375
0.390625
0.390625
0.4609375
0.4609375
0.4609375
0.4609375
0.2109375
0.2109375
0.2109375
0.2109375
0.31640625
0.31640625
0.10546875
0.10546875
0.42578125
0.42578125
0.42578125
0.42578125
0.24609375
0.24609375
0.4609375
0.4609375
0.63671875
0.63671875
0.28125
0.28125
0.31640625
0.31640625
0.4609375
0.4609375
0.42578125
0.42578125
0.42578125
0.42578125
0.671875
0.671875
0.671875
0.671875
0.6015625
0.6015625
0.53125
0.53125
0.2109375
0.2109375
0.42578125
0.42578125
0.390625
0.390625
0.390625
0.390625
0.49609375
0.49609375
0.49609375
0.49609375
0.49609375
0.49609375
0.0703125
0.0703125
-0.2109375
-0.2109375
-0.10546875
-0.10546875
0.28125
0.28125
0.140625
0.140625
0.140625
0.31640625
0.31640625
0.31640625
0.390625
0.390625
0.390625
0.390625
0.35546875
0.35546875
0.88671875
0.88671875
0.81640625
0.81640625
0.7109375
0.7109375
0.8515625
0.8515625
0.42578125
0.42578125
0.17578125
0.17578125
0.140625
0.140625
0.28125
0.28125
0.24609375
0.24609375
0.56640625
0.56640625
0.4609375
0.4609375
0
0
0
0
0
0
0
0
0
0
0
0
0
0
0
0
0
0
0
0
0
0
0
0
0
0
0
0
0
0
0
0
0
0
0
0
0
0
0
0
0
0
0
0
0
0
0
0
