0.28125
0.10546875
0.10546875
0.03515625
0.03515625
0.03515625
0.03515625
-0.0703125
-0.0703125
0.10546875
0.10546875
12.65234375
12.65234375
12.65234375
12.65234375
9.09765625
9.09765625
6.75390625
6.75390625
7.7109375
7.7109375
8.13671875
8.13671875
7.46484375
7.46484375
9.7734375
9.7734375
10.44921875
10.44921875
9.09765625
9.09765625
8.56640625
8.56640625
8.421875
8.421875
7.28515625
7.28515625
6.32421875
6.32421875
6.32421875
6.32421875
6.82421875
6.82421875
5.4375
5.4375
5.4375
5.4375
4.30078125
4.30078125
4.30078125
4.30078125
2.37890625
2.37890625
1.98828125
1.98828125
1.98828125
1.98828125
1.52734375
1.52734375
1.34765625
1.34765625
2.16796875
2.16796875
2.8046875
2.8046875
2.8046875
2.8046875
2.87890625
2.87890625
2.55859375
2.55859375
3.3046875
3.3046875
3.08984375
3.08984375
3.73046875
3.73046875
3.73046875
3.73046875
3.80078125
3.80078125
3.80078125
3.80078125
3.765625
3.765625
3.9453125
3.9453125
3.9453125
3.9453125
4.0859375
4.0859375
4.62109375
4.62109375
4.62109375
4.62109375
4.65625
4.65625
4.30078125
4.30078125
3.625
3.625
4.015625
4.015625
4.58203125
4.58203125
5.1171875
5.1171875
4.9375
4.9375
4.796875
4.796875
5.01171875
5.01171875
5.046875
5.046875
4.51171875
4.51171875
5.40234375
5.40234375
4.76171875
4.76171875
4.015625
4.015625
4.015625
4.015625
3.765625
3.765625
4.2265625
4.2265625
4.62109375
4.62109375
3.87109375
3.87109375
3.375
3.375
3.08984375
3.08984375
3.3046875
3.3046875
2.8046875
2.8046875
3.375
3.375
2.44921875
2.44921875
3.26953125
3.26953125
3.0546875
3.0546875
2.48828125
2.48828125
2.2734375
2.2734375
1.77734375
1.77734375
1.4921875
1.4921875
1.2421875
1.2421875
1.2421875
1.2421875
1.171875
1.171875
1.5625
1.5625
0.8515625
0.8515625
2.09375
2.09375
1.3125
1.3125
0.8515625
0.8515625
1.171875
1.171875
0.81640625
0.81640625
0.6015625
0.6015625
0.42578125
0.42578125
1.3125
1.3125
0.95703125
0.95703125
0.95703125
0.95703125
0.9921875
0.9921875
0.9921875
0.9921875
0.7109375
0.7109375
1.20703125
1.20703125
0.81640625
0.81640625
0.7109375
0.7109375
0.7109375
0.7109375
1.06640625
1.06640625
0.921875
0.921875
0.921875
0.921875
0.28125
0.28125
0.28125
0.28125
-0.03515625
-0.03515625
-0.390625
-0.390625
-0.390625
-0.390625
-0.28125
-0.28125
-1.171875
-1.171875
-1.91796875
-1.91796875
-1.91796875
-1.91796875
-2.37890625
-2.37890625
-2.984375
-2.984375
-3.515625
-3.515625
-4.05078125
-4.05078125
-3.87109375
-3.87109375
-4.37109375
-4.37109375
-4.8671875
-4.8671875
-5.2578125
-5.2578125
-5.8984375
-5.8984375
-6.3984375
-6.3984375
-7.35546875
-7.35546875
-7.640625
-7.640625
-7.7109375
-7.7109375
-7.78125
-7.78125
-8.31640625
-8.31640625
-8.4921875
-8.4921875
-8.4921875
-8.4921875
-9.34765625
-9.34765625
-9.66796875
-9.66796875
-10.09375
-10.09375
-10.09375
-10.09375
-10.83984375
-10.83984375
-11.515625
-11.515625
-11.375
-11.375
-11.80078125
-11.80078125
-12.0859375
-12.0859375
-12.3671875
-12.3671875
-12.51171875
-12.51171875
-12.65234375
-12.65234375
-13.2578125
-13.2578125
-14.14453125
-14.14453125
-14.5
-14.5
-14.5
-14.5
-15.4609375
-15.4609375
-15.4609375
-15.4609375
-16.2421875
-16.2421875
-16.2421875
-16.2421875
-16.84765625
-16.84765625
-16.4921875
-16.4921875
-16.59765625
-16.59765625
-16.171875
-16.171875
-16.8125
-16.8125
-17.0234375
-17.0234375
-16.7421875
-16.7421875
-17.23828125
-17.23828125
-17.55859375
-17.55859375
-17.1328125
-17.1328125
-17.1328125
-17.1328125
-17.62890625
-17.62890625
-18.08984375
-18.08984375
-17.6640625
-17.6640625
-17.453125
-17.453125
-18.51953125
-18.51953125
-17.62890625
-17.62890625
-18.08984375
-18.08984375
-18.33984375
-18.33984375
-18.12890625
-18.12890625
-18.26953125
-18.26953125
-18.01953125
-18.01953125
-17.734375
-17.734375
-17.7734375
-17.7734375
-18.41015625
-18.41015625
-17.37890625
-17.37890625
-18.234375
-18.234375
-18.01953125
-18.01953125
-18.01953125
-18.01953125
-17.34375
-17.34375
-18.12890625
-18.12890625
-18.73046875
-18.73046875
-17.7734375
-17.7734375
-18.51953125
-18.51953125
-20.1875
-20.1875
-18.19921875
-18.19921875
-18.66015625
-18.66015625
-17.6640625
-17.6640625
-17.59375
-17.59375
-17.59375
-17.59375
-17.9140625
-17.9140625
-18.234375
-18.234375
-18.234375
-18.234375
-17.23828125
-17.23828125
-20.40234375
-20.40234375
-17.6640625
-17.6640625
-17.6640625
-17.6640625
-16.84765625
-16.84765625
-17.9140625
-17.9140625
-17.9140625
-17.9140625
-15.03515625
-15.03515625
-14.07421875
-14.07421875
-14.75
0
0
0
0
0
0
0
0
0
0
0
0
0
0
0
0
0
0
0
0
0
0
0
0
0
0
0
0
0
0
0
0
0
0
0
