5.6484375
15.3203125
15.3203125
20.65234375
20.65234375
29.109375
29.109375
34.87109375
34.87109375
34.62109375
34.62109375
34.62109375
34.62109375
32.203125
32.203125
29.0390625
29.0390625
27.19140625
27.19140625
27.19140625
27.19140625
25.734375
25.734375
25.734375
25.734375
25.62890625
25.62890625
26.90625
26.90625
27.2265625
27.2265625
28.5078125
28.5078125
30.81640625
30.81640625
26.6953125
26.6953125
22.21484375
22.21484375
21.68359375
21.68359375
20.40234375
20.40234375
18.66015625
18.66015625
18.41015625
18.41015625
18.41015625
18.41015625
19.4765625
19.4765625
16.77734375
16.77734375
16.45703125
16.45703125
15.140625
15.140625
13.0078125
13.0078125
12.15625
12.15625
12.15625
12.15625
10.12890625
10.12890625
11.1953125
11.1953125
11.87109375
11.87109375
12.15625
12.15625
12.15625
12.15625
10.875
10.875
18.234375
18.234375
18.1640625
18.1640625
17.37890625
17.37890625
19.05078125
19.05078125
19.55078125
19.55078125
18.91015625
18.91015625
18.12890625
18.12890625
18.12890625
18.12890625
16.70703125
16.70703125
15.56640625
15.56640625
13.54296875
13.54296875
13.2578125
13.2578125
11.08984375
11.08984375
10.30859375
10.30859375
10.30859375
10.30859375
10.0234375
10.0234375
9.453125
9.453125
9.703125
9.703125
9.3125
9.3125
9.3125
9.3125
9.453125
9.453125
9.73828125
9.73828125
9.73828125
9.73828125
9.7734375
9.7734375
10.30859375
10.30859375
10.09375
10.09375
10.09375
10.09375
9.59765625
9.59765625
9.27734375
9.27734375
9.27734375
9.27734375
9.3125
9.3125
9.09765625
9.09765625
8.56640625
8.56640625
8.70703125
8.70703125
8.671875
8.671875
8.671875
8.671875
8.421875
8.421875
8.38671875
8.38671875
8.24609375
8.24609375
8.24609375
8.24609375
8.63671875
8.63671875
8.7421875
8.7421875
8.63671875
8.63671875
8.63671875
8.63671875
8.8125
8.8125
8.95703125
8.95703125
8.6015625
8.6015625
8.8125
8.8125
8.53125
8.53125
8.53125
8.53125
9.09765625
9.09765625
8.921875
8.921875
8.921875
8.921875
8.9921875
8.9921875
8.88671875
8.88671875
8.88671875
8.88671875
9.09765625
9.09765625
9.02734375
9.02734375
9.1328125
9.1328125
9.0625
9.0625
9.0625
9.0625
8.9921875
8.9921875
9.09765625
9.09765625
8.77734375
8.77734375
9.1328125
9.1328125
9.0625
9.0625
9.27734375
9.27734375
9.34765625
9.34765625
9.203125
9.203125
9.203125
9.203125
9.3125
9.3125
9.16796875
9.16796875
9.55859375
9.55859375
9.1328125
9.1328125
9.0625
9.0625
9.203125
9.203125
9.34765625
9.34765625
9.09765625
9.09765625
9.09765625
9.09765625
9.3125
9.3125
9.3125
9.3125
9.3828125
9.3828125
9.3828125
9.3828125
9.703125
9.703125
9.703125
9.703125
9.6328125
9.6328125
9.6328125
9.703125
9.9140625
9.9140625
9.3828125
9.3828125
9.3828125
9.3828125
9.66796875
9.66796875
9.73828125
9.73828125
9.73828125
9.73828125
9.73828125
9.73828125
9.66796875
9.66796875
9.9140625
9.9140625
9.87890625
9.87890625
10.19921875
10.19921875
10.30859375
10.30859375
10.30859375
10.30859375
10.34375
10.34375
9.9140625
9.9140625
9.9140625
10.4140625
10.4140625
10.4140625
10.1640625
10.1640625
10.30859375
10.30859375
10.30859375
10.30859375
10.51953125
10.51953125
10.51953125
10.51953125
10.8046875
10.8046875
10.51953125
10.51953125
10.6640625
10.6640625
10.6640625
10.6640625
10.69921875
10.69921875
10.76953125
10.76953125
10.58984375
10.58984375
10.58984375
10.58984375
10.44921875
10.5546875
10.5546875
10.5546875
10.69921875
10.69921875
10.76953125
10.76953125
10.98046875
10.98046875
10.91015625
10.91015625
10.91015625
10.91015625
11.08984375
11.08984375
10.9453125
10.9453125
10.91015625
10.91015625
11.16015625
11.16015625
11.16015625
11.16015625
10.91015625
10.91015625
10.91015625
10.91015625
10.91015625
10.91015625
11.0546875
11.0546875
10.91015625
10.91015625
10.91015625
11.08984375
11.0546875
11.0546875
11.0546875
11.0546875
10.69921875
10.69921875
10.875
10.875
10.875
10.875
11.08984375
11.08984375
11.1953125
11.1953125
11.08984375
11.08984375
11.48046875
11.48046875
11.08984375
11.08984375
11.265625
11.265625
11.265625
11.265625
11.62109375
11.62109375
11.62109375
11.62109375
11.125
11.125
11.375
11.375
11.375
11.375
11.5859375
11.5859375
11.5859375
11.5859375
11.4453125
11.4453125
11.23046875
11.23046875
11.4453125
11.4453125
11.4453125
11.4453125
11.515625
11.515625
11.69140625
11.69140625
11.5859375
11.5859375
11.515625
11.515625
11.65625
11.65625
11.1953125
11.1953125
11.65625
11.65625
11.65625
11.65625
11.265625
11.265625
11.265625
11.265625
11.8359375
11.8359375
12.33203125
12.33203125
12.12109375
12.12109375
11.69140625
11.69140625
11.90625
11.90625
11.90625
11.90625
9.0625
9.0625
9.6328125
9.6328125
9.6328125
9.6328125
4.7265625
4.7265625
5.47265625
5.47265625
7.03515625
7.03515625
9.16796875
9.16796875
7.890625
7.890625
7.890625
9.203125
9.203125
9.203125
10.12890625
10.12890625
10.34375
10.34375
10.875
10.875
11.30078125
11.30078125
11.55078125
11.55078125
11.48046875
11.48046875
11.87109375
11.87109375
11.90625
11.90625
12.15625
12.15625
12.19140625
12.19140625
12.046875
12.046875
12.19140625
12.19140625
12.33203125
12.33203125
12.01171875
11.80078125
0
0
0
0
0
0
0
0
0
0
0
0
0
0
0
0
0
0
0
0
0
0
0
0
0
0
0
0
0
0
0
0
0
0
0
0
0
0
0
0
0
0
0
0
0
0
0
0
