-0.81640625
-0.81640625
-0.81640625
-0.88671875
-0.88671875
-0.88671875
-0.88671875
-1.20703125
-1.20703125
-1.02734375
-1.02734375
9.0625
9.0625
9.0625
9.0625
6.43359375
6.43359375
6.18359375
6.18359375
4.265625
4.265625
5.08203125
5.08203125
4.51171875
4.51171875
4.65625
4.65625
4.4765625
4.4765625
5.046875
5.046875
4.58203125
4.58203125
4.4765625
4.4765625
3.625
3.625
3.0546875
3.0546875
2.23828125
2.23828125
2.4140625
2.4140625
1.77734375
1.77734375
1.77734375
1.77734375
1.06640625
1.06640625
1.06640625
1.06640625
-0.28125
-0.28125
-0.10546875
-0.10546875
-0.10546875
-0.10546875
-0.7109375
-0.7109375
-0.42578125
-0.42578125
-0.49609375
-0.49609375
-0.03515625
-0.03515625
-0.03515625
-0.03515625
0.81640625
0.81640625
0.63671875
0.63671875
1.52734375
1.52734375
1.13671875
1.13671875
0.88671875
0.88671875
0.88671875
0.88671875
1.27734375
1.27734375
1.27734375
1.27734375
0.390625
0.390625
0.74609375
0.74609375
0.74609375
0.74609375
0.63671875
0.63671875
0.8515625
0.8515625
0.8515625
0.8515625
0.7109375
0.7109375
0.671875
0.671875
0.95703125
0.95703125
0.6015625
0.6015625
0.95703125
0.95703125
0.671875
0.671875
1.5625
1.5625
1.421875
1.421875
0.81640625
0.81640625
1.171875
1.171875
1.45703125
1.45703125
1.52734375
1.52734375
1.1015625
1.1015625
1.4921875
1.4921875
1.4921875
1.4921875
1.3125
1.3125
0.9921875
0.9921875
0.81640625
0.81640625
1.02734375
1.02734375
0.671875
0.671875
0.81640625
0.81640625
0.9921875
0.9921875
0.2109375
0.2109375
0.140625
0.140625
0.10546875
0.10546875
0.53125
0.53125
0.7109375
0.7109375
0.0703125
0.0703125
-0.17578125
-0.17578125
-0.03515625
-0.03515625
0.10546875
0.10546875
0.03515625
0.03515625
0.03515625
0.03515625
0.671875
0.671875
-0.28125
-0.28125
0.03515625
0.03515625
-0.390625
-0.390625
-0.31640625
-0.31640625
0
0
0.24609375
0.24609375
0.140625
0.140625
-0.03515625
-0.03515625
-0.17578125
-0.17578125
0.140625
0.140625
-0.53125
-0.53125
-0.53125
-0.53125
0.28125
0.28125
0.28125
0.28125
-0.10546875
-0.10546875
0
0
0.31640625
0.31640625
0.49609375
0.49609375
0.49609375
0.49609375
0.63671875
0.63671875
0.88671875
0.88671875
0.88671875
0.88671875
0.17578125
0.17578125
0.17578125
0.17578125
0.0703125
0.0703125
-0.17578125
-0.17578125
-0.17578125
-0.17578125
-0.31640625
-0.31640625
-2.4140625
-2.4140625
-4.265625
-4.265625
-4.265625
-4.265625
-3.515625
-3.515625
-4.12109375
-4.12109375
-4.15625
-4.15625
-5.1171875
-5.1171875
-5.01171875
-5.01171875
-6.3984375
-6.3984375
-6.50390625
-6.50390625
-7.1796875
-7.1796875
-7.42578125
-7.42578125
-7.35546875
-7.35546875
-8.1015625
-8.1015625
-8.88671875
-8.88671875
-8.8125
-8.8125
-9.87890625
-9.87890625
-10.1640625
-10.1640625
-10.4140625
-10.4140625
-10.4140625
-10.4140625
-11.765625
-11.765625
-11.65625
-11.65625
-11.9765625
-11.9765625
-11.9765625
-11.9765625
-12.546875
-12.546875
-12.33203125
-12.33203125
-12.90234375
-12.90234375
-13.1875
-13.1875
-13.54296875
-13.54296875
-14.07421875
-14.07421875
-14.0390625
-14.0390625
-14.2890625
-14.2890625
-15.03515625
-15.03515625
-15.24609375
-15.24609375
-15.35546875
-15.35546875
-15.35546875
-15.35546875
-17.0234375
-17.0234375
-17.0234375
-17.0234375
-18.0546875
-18.0546875
-18.0546875
-18.0546875
-18.41015625
-18.41015625
-18.625
-18.625
-18.5546875
-18.5546875
-18.1640625
-18.1640625
-18.98046875
-18.98046875
-18.625
-18.625
-18.51953125
-18.51953125
-19.12109375
-19.12109375
-19.30078125
-19.30078125
-19.796875
-19.796875
-19.796875
-19.796875
-19.796875
-19.796875
-20.578125
-20.578125
-21.1484375
-21.1484375
-20.3671875
-20.3671875
-20.86328125
-20.86328125
-20.26171875
-20.26171875
-20.4375
-20.4375
-20.01171875
-20.01171875
-20.3671875
-20.3671875
-19.5859375
-19.5859375
-19.5859375
-19.5859375
-20.046875
-20.046875
-20.01171875
-20.01171875
-19.9765625
-19.9765625
-20.046875
-20.046875
-20.86328125
-20.86328125
-19.796875
-19.796875
-19.796875
-19.796875
-19.15625
-19.15625
-18.875
-18.875
-19.015625
-19.015625
-19.05078125
-19.05078125
-19.4765625
-19.4765625
-19.5859375
-19.5859375
-19.44140625
-19.44140625
-18.91015625
-18.91015625
-19.40625
-19.40625
-19.0859375
-19.0859375
-19.0859375
-19.0859375
-18.6953125
-18.6953125
-19.12109375
-19.12109375
-19.12109375
-19.12109375
-18.26953125
-18.26953125
-17.34375
-17.34375
-16.91796875
-16.91796875
-16.91796875
-16.91796875
-15.921875
-15.921875
-16.13671875
-16.13671875
-16.13671875
-16.13671875
-16.7421875
-16.7421875
-15.42578125
-15.42578125
-15.2109375
0
0
0
0
0
0
0
0
0
0
0
0
0
0
0
0
0
0
0
0
0
0
0
0
0
0
0
0
0
0
0
0
0
0
0
