-1.98828125
-1.91796875
-1.91796875
-1.91796875
-1.91796875
-1.91796875
-1.91796875
-1.91796875
-1.91796875
-2.203125
-2.203125
-2.5234375
-2.5234375
17.84375
17.84375
8.95703125
8.95703125
7.3203125
7.3203125
8.28125
8.28125
4.58203125
4.58203125
2.48828125
2.48828125
2.203125
2.203125
2.203125
2.203125
1.73828125
1.73828125
2.05859375
2.05859375
1.8125
1.8125
1.77734375
1.77734375
2.94921875
2.94921875
2.984375
2.984375
2.48828125
2.48828125
3.625
3.625
3.625
3.625
4.19140625
4.19140625
3.9453125
3.9453125
4.8671875
4.8671875
4.8671875
4.8671875
4.65625
4.65625
4.8671875
4.8671875
5.33203125
5.33203125
5.046875
5.046875
5.046875
5.046875
4.51171875
4.51171875
3.765625
3.765625
3.48046875
3.48046875
3.48046875
3.48046875
3.3046875
3.3046875
3.08984375
3.08984375
3.0546875
3.0546875
2.37890625
2.37890625
2.87890625
2.87890625
2.09375
2.09375
2.34375
2.34375
3.5546875
3.5546875
3.26953125
3.26953125
2.76953125
2.76953125
3.41015625
3.41015625
3.375
3.375
3.3046875
3.3046875
3.16015625
3.16015625
3.0546875
3.0546875
3.19921875
3.19921875
2.87890625
2.87890625
2.94921875
2.94921875
2.76953125
2.76953125
2.48828125
2.48828125
2.55859375
2.55859375
2.94921875
2.94921875
2.34375
2.34375
2.23828125
2.23828125
2.5234375
2.5234375
2.5234375
2.5234375
2.4140625
2.4140625
2.34375
2.34375
2.84375
2.84375
2.69921875
2.69921875
2.48828125
2.48828125
2.48828125
2.48828125
2.34375
2.34375
1.953125
1.953125
1.73828125
1.73828125
2.4140625
2.4140625
2.4140625
2.4140625
1.20703125
1.20703125
2.09375
2.09375
2.4140625
2.4140625
2.4140625
2.4140625
1.73828125
1.73828125
2.0234375
2.0234375
1.8828125
1.8828125
1.59765625
1.59765625
1.2421875
1.2421875
1.3125
1.3125
0.78125
0.78125
0.78125
0.78125
1.06640625
1.06640625
1.4921875
1.4921875
1.73828125
1.73828125
1.2421875
1.2421875
1.06640625
1.06640625
1.13671875
1.13671875
1.27734375
1.27734375
0.671875
0.671875
0.56640625
0.56640625
0.63671875
0.63671875
0.671875
0.671875
0.28125
0.28125
0.10546875
0.10546875
0.8515625
0.8515625
0.35546875
0.35546875
0.10546875
0.10546875
0.24609375
0.24609375
-0.10546875
-0.10546875
-0.140625
-0.140625
0.17578125
0.17578125
-0.31640625
-0.31640625
-0.0703125
-0.0703125
0.140625
0.140625
-0.0703125
-0.0703125
-0.17578125
-0.17578125
-0.49609375
-0.49609375
-0.140625
-0.140625
-0.24609375
-0.24609375
0.140625
0.140625
-0.35546875
-0.35546875
-0.35546875
-0.35546875
-0.140625
-0.140625
-0.49609375
-0.49609375
-0.78125
-0.78125
-0.42578125
-0.42578125
-0.7109375
-0.7109375
-0.35546875
-0.35546875
-0.88671875
-0.88671875
-1.06640625
-1.06640625
-1.20703125
-1.20703125
-1.27734375
-1.27734375
-1.2421875
-1.2421875
-1.421875
-1.421875
-1.52734375
-1.52734375
-1.66796875
-1.66796875
-1.3828125
-1.3828125
-1.421875
-1.421875
-2.0234375
-2.0234375
-1.953125
-1.953125
-2.1328125
-2.1328125
-2.0234375
-2.0234375
-1.98828125
-1.98828125
-2.37890625
-2.37890625
-2.30859375
-2.30859375
-2.6640625
-2.6640625
-2.6640625
-2.6640625
-2.84375
-2.84375
-3.16015625
-3.16015625
-3.19921875
-3.19921875
-3.3046875
-3.3046875
-3.08984375
-3.08984375
-3.125
-3.125
-3.125
-3.125
-3.19921875
-3.19921875
-2.984375
-2.984375
-2.87890625
-2.87890625
-3.26953125
-3.26953125
-3.08984375
-3.08984375
-3.0546875
-3.0546875
-2.69921875
-2.69921875
-2.87890625
-2.87890625
-3.4453125
-3.4453125
-3.4453125
-3.4453125
-2.87890625
-2.87890625
-2.984375
-2.984375
-3.08984375
-3.08984375
-3.08984375
-3.08984375
-3.625
-3.625
-3.234375
-3.234375
-3.234375
-3.234375
-3.515625
-3.515625
-3.6953125
-3.6953125
-3.625
-3.625
-3.515625
-3.515625
-4.3359375
-4.3359375
-3.6953125
-3.58984375
-3.58984375
-3.58984375
-3.625
-3.625
-3.9453125
-3.9453125
-4.37109375
-4.37109375
-2.84375
-2.84375
-3.234375
-3.234375
-3.26953125
-3.26953125
-4.30078125
-4.30078125
-4.2265625
-4.2265625
-3.515625
-3.515625
-3.9453125
-3.9453125
-3.0546875
-3.0546875
-4.62109375
-4.62109375
-4.44140625
-4.44140625
-3.3046875
-3.3046875
-3.8359375
-3.8359375
-4.015625
-4.015625
-3.91015625
-3.91015625
-3.91015625
-3.91015625
-2.9140625
-2.9140625
-4.2265625
-4.2265625
-3.73046875
-3.73046875
-3.41015625
-3.41015625
-4.12109375
-4.12109375
-4.2265625
-4.2265625
-3.66015625
-3.66015625
-4.19140625
-4.19140625
-3.66015625
-3.66015625
-3.08984375
-3.08984375
-5.6484375
-5.6484375
-4.30078125
0
0
0
0
0
0
0
0
0
0
0
0
0
0
0
0
0
0
0
0
0
0
0
0
0
0
0
0
0
0
0
0
0
0
0
