9.6328125
9.27734375
9.27734375
9.27734375
9.41796875
9.41796875
9.41796875
9.203125
9.203125
9.6328125
9.6328125
8.921875
8.921875
15
15
13.22265625
13.22265625
11.8359375
11.8359375
9.09765625
9.09765625
7.67578125
7.67578125
5.578125
5.578125
3.5546875
3.5546875
3.5546875
3.5546875
3.125
3.125
3.08984375
3.08984375
3.01953125
3.01953125
2.6640625
2.6640625
2.87890625
2.87890625
3.08984375
3.08984375
3.375
3.375
4.05078125
4.05078125
4.05078125
4.05078125
3.5546875
3.5546875
3.87109375
3.87109375
3.26953125
3.26953125
3.80078125
3.80078125
2.69921875
2.69921875
2.23828125
2.23828125
2.09375
2.09375
1.4921875
1.4921875
1.4921875
1.4921875
1.06640625
1.06640625
0.35546875
0.35546875
0.53125
0.53125
0.53125
0.53125
0.671875
0.671875
1.13671875
1.13671875
0.4609375
0.4609375
0.2109375
0.2109375
0.4609375
0.4609375
0.63671875
0.63671875
0.390625
0.390625
1.1015625
1.1015625
0.95703125
0.95703125
0.88671875
0.88671875
0.53125
0.53125
0.78125
0.78125
0.74609375
0.74609375
0.8515625
0.8515625
1.20703125
1.20703125
1.421875
1.421875
1.3125
1.3125
0.81640625
0.81640625
1.171875
1.171875
0.9921875
0.9921875
0.8515625
0.8515625
0.63671875
0.63671875
1.3828125
1.3828125
0.8515625
0.8515625
1.06640625
1.06640625
0.78125
0.78125
0.63671875
0.63671875
0.56640625
0.56640625
0.53125
0.53125
0.28125
0.28125
0.6015625
0.6015625
0.6015625
0.6015625
0.390625
0.390625
0.56640625
0.56640625
0.81640625
0.81640625
1.1015625
1.1015625
1.1015625
1.1015625
0.2109375
0.2109375
0.0703125
0.0703125
0.10546875
0.10546875
0.10546875
0.10546875
0.140625
0.140625
0.31640625
0.31640625
0.24609375
0.24609375
0
0
0.390625
0.390625
0
0
0.2109375
0.2109375
0.2109375
0.2109375
-0.0703125
-0.0703125
0.24609375
0.24609375
-0.03515625
-0.03515625
-0.0703125
-0.0703125
0.24609375
0.24609375
-0.0703125
-0.0703125
-0.35546875
-0.35546875
-0.6015625
-0.6015625
-0.56640625
-0.56640625
-0.31640625
-0.31640625
-0.17578125
-0.17578125
-0.56640625
-0.56640625
-0.53125
-0.53125
-0.95703125
-0.95703125
-0.56640625
-0.56640625
-1.1015625
-1.1015625
-1.06640625
-1.06640625
-0.9921875
-0.9921875
-1.02734375
-1.02734375
-1.3125
-1.3125
-1.06640625
-1.06640625
-1.171875
-1.171875
-1.34765625
-1.34765625
-1.66796875
-1.66796875
-1.421875
-1.421875
-1.6328125
-1.6328125
-1.3828125
-1.3828125
-1.45703125
-1.45703125
-1.8828125
-1.8828125
-1.953125
-1.953125
-1.953125
-1.953125
-1.66796875
-1.66796875
-1.5625
-1.5625
-1.8828125
-1.8828125
-1.953125
-1.953125
-1.8828125
-1.8828125
-2.1328125
-2.1328125
-2.09375
-2.09375
-2.16796875
-2.16796875
-2.34375
-2.34375
-2.23828125
-2.23828125
-2.34375
-2.34375
-2.37890625
-2.37890625
-2.30859375
-2.30859375
-2.76953125
-2.76953125
-2.2734375
-2.2734375
-2.55859375
-2.55859375
-2.76953125
-2.76953125
-2.94921875
-2.94921875
-3.3046875
-3.3046875
-3.48046875
-3.48046875
-3.66015625
-3.66015625
-3.765625
-3.765625
-3.9453125
-3.9453125
-3.80078125
-3.80078125
-3.80078125
-3.80078125
-4.44140625
-4.44140625
-3.73046875
-3.73046875
-4.12109375
-4.12109375
-4.12109375
-4.12109375
-3.73046875
-3.73046875
-3.8359375
-3.8359375
-3.8359375
-3.8359375
-3.91015625
-3.91015625
-4.015625
-4.015625
-3.91015625
-3.91015625
-3.98046875
-3.98046875
-3.6953125
-3.6953125
-3.6953125
-3.6953125
-4.0859375
-4.0859375
-4.0859375
-4.0859375
-3.9453125
-3.9453125
-3.9453125
-3.9453125
-4.37109375
-4.37109375
-4.76171875
-4.76171875
-4.3359375
-4.3359375
-4.15625
-4.15625
-4.2265625
-4.2265625
-4.265625
-4.265625
-4.265625
-4.265625
-4.7265625
-4.7265625
-4.15625
-4.15625
-4.546875
-4.546875
-4.44140625
-4.44140625
-4.015625
-4.015625
-4.3359375
-4.546875
-4.546875
-4.546875
-4.546875
-4.546875
-4.8671875
-4.8671875
-5.08203125
-5.08203125
-4.40625
-4.40625
-4.9375
-4.9375
-4.76171875
-4.76171875
-3.625
-3.625
-4.12109375
-4.12109375
-4.19140625
-4.19140625
-5.29296875
-5.29296875
-3.73046875
-3.73046875
-3.125
-3.125
-4.2265625
-4.2265625
-4.265625
-4.265625
-4.015625
-4.015625
-3.9453125
-3.9453125
-4.265625
-4.265625
-4.265625
-4.265625
-4.76171875
-4.76171875
-3.48046875
-3.48046875
-3.9453125
-3.9453125
-3.91015625
-3.91015625
-3.3046875
-3.3046875
-3.765625
-3.765625
-2.984375
-2.984375
-5.2578125
-5.2578125
-4.37109375
-4.37109375
-3.80078125
-3.80078125
-3.234375
-3.234375
-2.6640625
0
0
0
0
0
0
0
0
0
0
0
0
0
0
0
0
0
0
0
0
0
0
0
0
0
0
0
0
0
0
0
0
0
0
0
