1.953125
1.84765625
1.84765625
1.84765625
1.59765625
1.59765625
1.59765625
1.66796875
1.66796875
1.45703125
1.45703125
1.703125
1.703125
1.703125
1.703125
-0.6015625
-0.6015625
0.10546875
0.10546875
0.88671875
0.88671875
1.703125
1.703125
1.2421875
1.2421875
1.703125
1.703125
1.703125
1.703125
1.13671875
1.13671875
1.52734375
1.52734375
1.02734375
1.02734375
1.27734375
1.27734375
1.52734375
1.52734375
1.421875
1.421875
1.59765625
1.59765625
1.6328125
1.6328125
1.6328125
1.6328125
1.77734375
1.77734375
1.8125
1.8125
1.6328125
1.6328125
1.77734375
1.77734375
1.6328125
1.6328125
1.703125
1.703125
1.703125
1.703125
1.4921875
1.4921875
1.4921875
1.4921875
1.6328125
1.6328125
1.4921875
1.4921875
1.421875
1.421875
1.421875
1.421875
1.4921875
1.4921875
1.84765625
1.84765625
1.45703125
1.45703125
1.91796875
1.91796875
1.8828125
1.8828125
1.52734375
1.52734375
1.8828125
1.8828125
2.30859375
2.30859375
1.953125
1.953125
2.1328125
2.1328125
2.2734375
2.2734375
2.2734375
2.2734375
2.05859375
2.05859375
2.48828125
2.48828125
2.59375
2.59375
2.6640625
2.6640625
2.5234375
2.5234375
2.5234375
2.5234375
2.55859375
2.55859375
2.6640625
2.6640625
2.76953125
2.76953125
2.55859375
2.55859375
2.6640625
2.6640625
2.8046875
2.8046875
2.84375
2.84375
2.44921875
2.44921875
2.5234375
2.5234375
2.34375
2.34375
2.37890625
2.37890625
2.48828125
2.48828125
2.37890625
2.37890625
2.37890625
2.37890625
2.4140625
2.4140625
2.5234375
2.5234375
2.55859375
2.55859375
2.44921875
2.44921875
2.44921875
2.44921875
2.34375
2.34375
2.5234375
2.5234375
2.59375
2.59375
2.59375
2.59375
2.37890625
2.37890625
2.6640625
2.6640625
2.59375
2.59375
2.62890625
2.62890625
2.87890625
2.87890625
2.84375
2.84375
3.19921875
3.19921875
3.19921875
3.19921875
2.8046875
2.8046875
2.984375
2.984375
3.01953125
3.01953125
3.01953125
3.01953125
3.375
3.375
3.33984375
3.33984375
3.19921875
3.19921875
2.9140625
2.9140625
3.19921875
3.19921875
3.5546875
3.5546875
3.6953125
3.6953125
3.515625
3.515625
3.80078125
3.80078125
3.515625
3.515625
3.58984375
3.58984375
3.80078125
3.80078125
4.12109375
4.12109375
4.15625
4.15625
4.05078125
4.05078125
4.4765625
4.4765625
4.3359375
4.3359375
4.83203125
4.83203125
4.69140625
4.69140625
4.62109375
4.62109375
5.046875
5.046875
5.47265625
5.47265625
5.4375
5.4375
5.72265625
5.72265625
5.54296875
5.54296875
5.47265625
5.47265625
5.47265625
5.47265625
5.4375
5.4375
5.54296875
5.54296875
5.8984375
5.8984375
6.18359375
6.18359375
6.359375
6.359375
6.2890625
6.2890625
6.57421875
6.57421875
6.64453125
6.64453125
7.0703125
7.0703125
7.1796875
7.1796875
7.74609375
7.74609375
7.42578125
7.42578125
7.5
7.5
7.92578125
7.92578125
8.06640625
8.06640625
8.03125
8.03125
7.85546875
7.85546875
8.31640625
8.31640625
8.53125
8.53125
8.6015625
8.6015625
8.88671875
8.88671875
9.09765625
9.09765625
9.27734375
9.27734375
9.84375
9.84375
9.84375
9.84375
10.1640625
10.1640625
10.6640625
10.6640625
10.91015625
10.91015625
11.23046875
11.23046875
11.73046875
11.73046875
12.296875
12.296875
12.296875
12.296875
12.4765625
12.4765625
12.796875
12.796875
12.796875
12.796875
13.0078125
13.0078125
13.328125
13.328125
13.6484375
13.6484375
13.68359375
13.68359375
13.96875
13.96875
13.96875
13.96875
13.96875
13.96875
14.4296875
14.4296875
14.2890625
14.2890625
14.57421875
14.57421875
14.39453125
14.39453125
15.03515625
15.03515625
15.921875
15.921875
15.78125
15.78125
15.99609375
15.99609375
15.56640625
15.56640625
16.45703125
16.45703125
16.3515625
16.3515625
17.41796875
17.41796875
17.2734375
16.953125
16.953125
16.953125
17.30859375
17.30859375
17.09765625
17.09765625
17.5234375
17.5234375
18.5546875
18.5546875
18.51953125
18.51953125
18.33984375
18.33984375
18.484375
18.484375
19.7265625
19.7265625
17.69921875
17.69921875
17.9140625
17.9140625
18.1640625
18.1640625
18.80078125
18.80078125
18.12890625
18.12890625
18.765625
18.765625
18.83984375
18.83984375
19.44140625
19.44140625
20.828125
20.828125
20.828125
20.828125
20.22265625
20.22265625
19.76171875
19.76171875
20.54296875
20.54296875
18.875
18.875
19.30078125
19.30078125
19.90625
19.90625
19.1953125
19.1953125
19.015625
19.015625
20.54296875
20.54296875
17.0625
17.0625
19.30078125
19.30078125
19.3359375
0
0
0
0
0
0
0
0
0
0
0
0
0
0
0
0
0
0
0
0
0
0
0
0
0
0
0
0
0
0
0
0
0
0
0
