11.16015625
11.125
11.125
11.125
10.76953125
10.76953125
10.76953125
11.01953125
11.01953125
10.91015625
10.91015625
10.91015625
10.91015625
11.16015625
11.16015625
-0.35546875
-0.35546875
2.9140625
2.9140625
4.9765625
4.9765625
5.08203125
5.08203125
3.73046875
3.73046875
3.4453125
3.4453125
3.4453125
3.4453125
2.69921875
2.69921875
2.62890625
2.62890625
2.76953125
2.76953125
2.5234375
2.5234375
2.69921875
2.69921875
3.3046875
3.3046875
3.234375
3.234375
3.33984375
3.33984375
3.33984375
3.33984375
3.98046875
3.98046875
4.3359375
4.3359375
4.65625
4.65625
4.90234375
4.90234375
5.6875
5.6875
6.18359375
6.18359375
6.82421875
6.82421875
6.82421875
6.82421875
6.82421875
6.82421875
7.42578125
7.42578125
7.7109375
7.7109375
7.74609375
7.74609375
7.74609375
7.74609375
8.03125
8.03125
8.1015625
8.1015625
8.03125
8.03125
8.3515625
8.3515625
8.31640625
8.31640625
8.38671875
8.38671875
8.53125
8.53125
8.38671875
8.38671875
7.7109375
7.7109375
7.92578125
7.92578125
8.24609375
8.24609375
7.85546875
7.85546875
8.03125
8.03125
7.890625
7.890625
8.421875
8.421875
7.92578125
7.92578125
7.640625
7.640625
7.8203125
7.8203125
7.5703125
7.5703125
7.67578125
7.67578125
7.67578125
7.67578125
7.5
7.5
7.46484375
7.46484375
7.21484375
7.21484375
7.67578125
7.67578125
7.67578125
7.67578125
7.35546875
7.35546875
7.0703125
7.0703125
7.21484375
7.21484375
7.0703125
7.0703125
7.03515625
7.03515625
7.03515625
7.03515625
6.64453125
6.64453125
6.1484375
6.1484375
6.5390625
6.5390625
6.359375
6.359375
6.359375
6.359375
6.1484375
6.1484375
6.359375
6.359375
6.46875
6.46875
6.46875
6.46875
6.1484375
6.1484375
6.078125
6.078125
6.078125
6.078125
5.8984375
5.8984375
6.04296875
6.04296875
5.8984375
5.8984375
5.828125
5.828125
5.828125
5.828125
5.578125
5.578125
5.3671875
5.3671875
5.5078125
5.5078125
5.1875
5.1875
5.61328125
5.61328125
5.22265625
5.22265625
5.29296875
5.29296875
5.54296875
5.54296875
5.40234375
5.40234375
5.15234375
5.15234375
4.9765625
4.9765625
5.1875
5.1875
5.1875
5.1875
4.7265625
4.7265625
5.01171875
5.01171875
5.046875
5.046875
4.65625
4.65625
4.7265625
4.7265625
4.65625
4.65625
4.69140625
4.69140625
4.40625
4.40625
4.19140625
4.19140625
4.265625
4.265625
4.44140625
4.44140625
4.58203125
4.58203125
4.3359375
4.3359375
4.30078125
4.30078125
4.19140625
4.19140625
4.12109375
4.12109375
4.19140625
4.19140625
4.19140625
4.19140625
4.3359375
4.3359375
4.37109375
4.37109375
4.51171875
4.51171875
5.01171875
5.01171875
4.9375
4.9375
5.15234375
5.15234375
5.33203125
5.33203125
5.4375
5.4375
5.578125
5.578125
5.4375
5.4375
5.29296875
5.29296875
5.47265625
5.47265625
5.3671875
5.3671875
5.33203125
5.33203125
5.3671875
5.3671875
5.6875
5.6875
5.47265625
5.47265625
5.54296875
5.54296875
5.93359375
5.93359375
5.72265625
5.72265625
5.86328125
5.86328125
6.32421875
6.32421875
6.5390625
6.5390625
6.9296875
6.9296875
6.9296875
6.9296875
7.21484375
7.21484375
7.25
7.25
7.28515625
7.28515625
7.14453125
7.14453125
6.75390625
6.75390625
7.28515625
7.28515625
7.28515625
7.28515625
7.35546875
7.35546875
7.67578125
7.67578125
8.56640625
8.56640625
8.13671875
8.13671875
8.70703125
8.70703125
8.70703125
8.70703125
9.203125
9.203125
9.203125
9.203125
8.9921875
8.9921875
8.9921875
8.9921875
9.1328125
9.1328125
9.09765625
9.09765625
8.95703125
8.95703125
9.98828125
9.98828125
9.66796875
9.66796875
10.0234375
10.0234375
10.4140625
10.4140625
10.30859375
10.30859375
10.98046875
10.98046875
11.125
11.125
11.55078125
11.55078125
11.4453125
11.4453125
11.69140625
11.5859375
11.5859375
11.5859375
11.5859375
11.5859375
11.80078125
11.80078125
12.83203125
12.83203125
12.9375
12.9375
11.80078125
11.80078125
12.51171875
12.51171875
12.40234375
12.40234375
12.7578125
12.7578125
12.97265625
12.97265625
14.00390625
14.00390625
12.15625
12.15625
13.078125
13.078125
14.21875
14.21875
12.546875
12.546875
12.72265625
12.72265625
13.93359375
13.93359375
13.93359375
13.93359375
13.93359375
13.93359375
13.5078125
13.5078125
13.82421875
13.82421875
8.56640625
8.56640625
13.46875
13.46875
12.19140625
12.19140625
13.36328125
13.36328125
12.7578125
12.7578125
12.2265625
12.2265625
12.4765625
12.4765625
11.08984375
11.08984375
11.41015625
11.41015625
9.55859375
0
0
0
0
0
0
0
0
0
0
0
0
0
0
0
0
0
0
0
0
0
0
0
0
0
0
0
0
0
0
0
0
0
0
0
