-1.45703125
-1.77734375
-1.77734375
-1.77734375
-1.6328125
-1.6328125
-1.6328125
-1.66796875
-1.66796875
-1.703125
-1.703125
-1.3125
-1.3125
15.78125
15.78125
7.5703125
7.5703125
5.6484375
5.6484375
8.421875
8.421875
4.58203125
4.58203125
3.9453125
3.9453125
2.5234375
2.5234375
2.5234375
2.5234375
0.9921875
0.9921875
2.2734375
2.2734375
3.16015625
3.16015625
2.34375
2.34375
2.203125
2.203125
2.55859375
2.55859375
2.5234375
2.5234375
2.6640625
2.6640625
2.6640625
2.6640625
2.6640625
2.6640625
3.6953125
3.6953125
3.41015625
3.41015625
3.16015625
3.16015625
3.125
3.125
2.69921875
2.69921875
3.33984375
3.33984375
3.73046875
3.73046875
3.73046875
3.73046875
3.73046875
3.73046875
3.87109375
3.87109375
3.234375
3.234375
3.234375
3.234375
3.41015625
3.41015625
3.73046875
3.73046875
4.12109375
4.12109375
3.87109375
3.87109375
3.66015625
3.66015625
3.8359375
3.8359375
4.0859375
4.0859375
4.05078125
4.05078125
4.3359375
4.3359375
4.4765625
4.4765625
4.3359375
4.3359375
4.62109375
4.62109375
4.90234375
4.90234375
5.01171875
5.01171875
5.046875
5.046875
5.1171875
5.1171875
4.9375
4.9375
5.22265625
5.22265625
5.40234375
5.40234375
4.9375
4.9375
5.15234375
5.15234375
5.1875
5.1875
5.15234375
5.15234375
5.1171875
5.1171875
5.08203125
5.08203125
5.29296875
5.29296875
4.62109375
4.62109375
5.08203125
5.08203125
4.9375
4.9375
4.58203125
4.58203125
5.046875
5.046875
5.046875
5.046875
4.90234375
4.90234375
4.76171875
4.76171875
4.62109375
4.62109375
5.15234375
5.15234375
5.15234375
5.15234375
4.796875
4.796875
4.40625
4.40625
4.44140625
4.44140625
4.44140625
4.44140625
4.7265625
4.7265625
4.7265625
4.7265625
5.01171875
5.01171875
4.44140625
4.44140625
4.51171875
4.51171875
4.65625
4.65625
4.796875
4.796875
4.796875
4.796875
4.65625
4.65625
4.3359375
4.3359375
4.0859375
4.0859375
3.9453125
3.9453125
4.0859375
4.0859375
3.6953125
3.6953125
3.41015625
3.41015625
3.08984375
3.08984375
3.375
3.375
3.33984375
3.33984375
3.234375
3.234375
3.234375
3.234375
3.01953125
3.01953125
2.8046875
2.8046875
2.76953125
2.76953125
2.87890625
2.87890625
2.6640625
2.6640625
2.30859375
2.30859375
2.6640625
2.6640625
2.4140625
2.4140625
2.16796875
2.16796875
1.91796875
1.91796875
1.953125
1.953125
1.98828125
1.98828125
1.703125
1.703125
1.703125
1.703125
0.9921875
0.9921875
1.13671875
1.13671875
0.95703125
0.95703125
1.06640625
1.06640625
1.06640625
1.06640625
0.7109375
0.7109375
0.10546875
0.10546875
0.28125
0.28125
0.10546875
0.10546875
0.2109375
0.2109375
-0.10546875
-0.10546875
-0.63671875
-0.63671875
-0.17578125
-0.17578125
-0.28125
-0.28125
-0.31640625
-0.31640625
-0.35546875
-0.35546875
-0.42578125
-0.42578125
-0.671875
-0.671875
-0.6015625
-0.6015625
-0.49609375
-0.49609375
-1.1015625
-1.1015625
-1.59765625
-1.59765625
-1.4921875
-1.4921875
-1.84765625
-1.84765625
-1.8125
-1.8125
-1.5625
-1.5625
-2.16796875
-2.16796875
-2.34375
-2.34375
-2.55859375
-2.55859375
-2.55859375
-2.55859375
-2.44921875
-2.44921875
-2.69921875
-2.69921875
-2.984375
-2.984375
-3.0546875
-3.0546875
-3.26953125
-3.26953125
-4.37109375
-4.37109375
-4.37109375
-4.37109375
-4.4765625
-4.4765625
-4.51171875
-4.51171875
-4.7265625
-4.7265625
-4.796875
-4.796875
-4.90234375
-4.90234375
-4.796875
-4.796875
-4.9765625
-4.9765625
-5.1171875
-5.1171875
-5.1875
-5.1875
-5.1875
-5.1875
-5.5078125
-5.5078125
-5.3671875
-5.3671875
-5.6875
-5.6875
-5.578125
-5.578125
-5.72265625
-5.72265625
-6.1484375
-6.1484375
-5.828125
-5.828125
-6.04296875
-6.04296875
-6.04296875
-6.04296875
-6.21875
-6.21875
-6.50390625
-6.50390625
-6.00390625
-6.00390625
-6.32421875
-6.3984375
-6.3984375
-6.3984375
-6.46875
-6.46875
-6.46875
-6.46875
-6.43359375
-6.43359375
-6.75390625
-6.75390625
-6.00390625
-6.00390625
-5.79296875
-5.79296875
-6.71484375
-6.71484375
-6.00390625
-6.00390625
-5.93359375
-5.93359375
-5.6875
-5.6875
-5.6875
-5.6875
-6.2890625
-6.2890625
-6.43359375
-6.43359375
-5.6484375
-5.6484375
-6.96484375
-6.96484375
-5.72265625
-5.72265625
-6.21875
-6.21875
-6.21875
-6.21875
-5.6875
-5.6875
-6.00390625
-6.00390625
-6.43359375
-6.43359375
-5.6484375
-5.6484375
-6.25390625
-6.25390625
-5.93359375
-5.93359375
-4.90234375
-4.90234375
-4.76171875
-4.76171875
-5.578125
-5.578125
-5.01171875
-5.01171875
-4.546875
-4.546875
-4.796875
0
0
0
0
0
0
0
0
0
0
0
0
0
0
0
0
0
0
0
0
0
0
0
0
0
0
0
0
0
0
0
0
0
0
0
