4.30078125
4.2265625
4.2265625
4.2265625
4.15625
4.15625
4.15625
4.40625
4.40625
3.9453125
3.9453125
4.4765625
4.4765625
4.4765625
4.4765625
-3.91015625
-3.91015625
-0.56640625
-0.56640625
0.88671875
0.88671875
1.98828125
1.98828125
2.09375
2.09375
1.77734375
1.77734375
1.77734375
1.77734375
2.05859375
2.05859375
1.8828125
1.8828125
2.1328125
2.1328125
1.5625
1.5625
2.16796875
2.16796875
2.4140625
2.4140625
2.734375
2.734375
3.3046875
3.3046875
3.3046875
3.3046875
3.66015625
3.66015625
3.87109375
3.87109375
4.15625
4.15625
4.15625
4.15625
5.08203125
5.08203125
5.2578125
5.2578125
5.578125
5.578125
5.96875
5.96875
5.96875
5.96875
5.8984375
5.8984375
7.35546875
7.35546875
6.859375
6.859375
6.859375
6.859375
7.21484375
7.21484375
7.640625
7.640625
7.42578125
7.42578125
7.74609375
7.74609375
7.74609375
7.74609375
8.31640625
8.31640625
8.53125
8.53125
7.8203125
7.8203125
8.38671875
8.38671875
8.03125
8.03125
7.99609375
7.99609375
8.1015625
8.1015625
7.5
7.5
7.92578125
7.92578125
7.60546875
7.60546875
7.42578125
7.42578125
7.60546875
7.60546875
7.42578125
7.42578125
8.1015625
8.1015625
7.7109375
7.7109375
7.74609375
7.74609375
7.5703125
7.5703125
7.9609375
7.9609375
7.46484375
7.46484375
7.60546875
7.60546875
7.74609375
7.74609375
7.85546875
7.85546875
7.42578125
7.42578125
7.5
7.5
7.390625
7.390625
7.3203125
7.3203125
7.3203125
7.3203125
7.42578125
7.42578125
6.96484375
6.96484375
6.609375
6.609375
7.21484375
7.21484375
7.21484375
7.21484375
6.71484375
6.71484375
6.5390625
6.5390625
6.75390625
6.75390625
6.75390625
6.75390625
6.25390625
6.25390625
6.5390625
6.5390625
6.04296875
6.04296875
6.1484375
6.1484375
5.96875
5.96875
5.96875
5.96875
6.078125
6.078125
6.078125
6.078125
5.96875
5.96875
6.11328125
6.11328125
5.6875
5.6875
5.578125
5.578125
6.18359375
6.18359375
5.72265625
5.72265625
5.79296875
5.79296875
5.7578125
5.7578125
5.93359375
5.93359375
5.86328125
5.86328125
5.54296875
5.54296875
5.4375
5.4375
5.22265625
5.22265625
5.29296875
5.29296875
5.54296875
5.54296875
5.29296875
5.29296875
5.6484375
5.6484375
5.3671875
5.3671875
5.33203125
5.33203125
5.22265625
5.22265625
5.22265625
5.22265625
5.1875
5.1875
4.83203125
4.83203125
5.1875
5.1875
5.29296875
5.29296875
4.90234375
4.90234375
5.2578125
5.2578125
5.046875
5.046875
4.9765625
4.9765625
5.22265625
5.22265625
5.22265625
5.22265625
5.01171875
5.01171875
4.796875
4.796875
4.9375
4.9375
5.1171875
5.1171875
4.9765625
4.9765625
5.29296875
5.29296875
5.22265625
5.22265625
5.6875
5.6875
5.72265625
5.72265625
6.078125
6.078125
6.3984375
6.3984375
6.2890625
6.2890625
6.359375
6.359375
6.25390625
6.25390625
5.96875
5.96875
6.2890625
6.2890625
6.078125
6.078125
6.50390625
6.50390625
6.859375
6.859375
6.2890625
6.2890625
6.64453125
6.64453125
6.64453125
6.64453125
6.96484375
6.96484375
7.14453125
7.14453125
7.14453125
7.14453125
7.60546875
7.60546875
7.60546875
7.60546875
7.9609375
7.9609375
7.890625
7.890625
7.8203125
7.8203125
8.13671875
8.13671875
8.13671875
8.13671875
8.28125
8.28125
8.56640625
8.56640625
8.6015625
8.6015625
9.3125
9.3125
9.55859375
9.55859375
9.6328125
9.6328125
9.48828125
9.48828125
9.6328125
9.6328125
9.703125
9.703125
9.703125
9.703125
10.09375
10.09375
10.1640625
10.1640625
10.0234375
10.0234375
10.58984375
10.58984375
10.6640625
10.6640625
10.98046875
10.98046875
10.9453125
10.9453125
11.16015625
11.16015625
11.73046875
11.73046875
11.9765625
11.9765625
12.44140625
12.44140625
12.2265625
12.2265625
11.87109375
12.40234375
12.40234375
12.40234375
12.8671875
12.8671875
12.2265625
12.2265625
13.68359375
13.68359375
13.0078125
13.0078125
13.328125
13.328125
12.2265625
12.2265625
13.36328125
13.36328125
13.61328125
13.61328125
13.7890625
13.7890625
13.68359375
13.68359375
13.6484375
13.6484375
13.11328125
13.11328125
13.29296875
13.29296875
13.04296875
13.04296875
14.07421875
14.07421875
14.4296875
14.4296875
14.2890625
14.2890625
14.2890625
14.2890625
14.64453125
14.64453125
15.7109375
15.7109375
14.109375
14.109375
14.71484375
14.71484375
14.85546875
14.85546875
13.71875
13.71875
14.1796875
14.1796875
12.4765625
12.4765625
14.109375
14.109375
12.44140625
12.44140625
12.2265625
12.2265625
11.41015625
0
0
0
0
0
0
0
0
0
0
0
0
0
0
0
0
0
0
0
0
0
0
0
0
0
0
0
0
0
0
0
0
0
0
0
