2.203125
2.203125
2.203125
2.203125
2.0234375
2.0234375
2.0234375
1.98828125
1.98828125
1.8828125
1.8828125
2.30859375
2.30859375
2.16796875
2.16796875
1.34765625
1.34765625
0.671875
0.671875
0.4609375
0.4609375
0.0703125
0.0703125
0.17578125
0.17578125
-0.03515625
-0.03515625
-0.03515625
-0.03515625
-0.10546875
-0.10546875
0.10546875
0.10546875
-0.0703125
-0.0703125
0.24609375
0.24609375
0.42578125
0.42578125
0.31640625
0.31640625
0.140625
0.140625
-0.03515625
-0.03515625
-0.03515625
-0.03515625
0
0
-0.140625
-0.140625
-0.03515625
-0.03515625
-0.2109375
-0.2109375
-0.140625
-0.140625
-0.2109375
-0.2109375
-0.35546875
-0.35546875
-0.31640625
-0.31640625
-0.31640625
-0.31640625
-0.10546875
-0.10546875
0.10546875
0.10546875
0.2109375
0.2109375
0.2109375
0.2109375
-0.0703125
-0.0703125
0.2109375
0.2109375
0.28125
0.28125
0.17578125
0.17578125
0.49609375
0.49609375
0.31640625
0.31640625
0.4609375
0.4609375
0.49609375
0.49609375
0.49609375
0.49609375
0.390625
0.390625
0.4609375
0.4609375
0.28125
0.28125
0.24609375
0.24609375
0.24609375
0.24609375
0.49609375
0.49609375
0.53125
0.53125
0.28125
0.28125
0.42578125
0.42578125
0.2109375
0.2109375
0.17578125
0.17578125
0.390625
0.390625
0.390625
0.390625
0.28125
0.28125
0.56640625
0.56640625
0.140625
0.140625
0.35546875
0.35546875
0.42578125
0.42578125
0.140625
0.140625
0.140625
0.140625
0.28125
0.28125
0.31640625
0.31640625
0.31640625
0.31640625
0.28125
0.28125
0.53125
0.53125
0.4609375
0.4609375
0.42578125
0.42578125
0.42578125
0.42578125
0.42578125
0.42578125
0.42578125
0.42578125
0.35546875
0.35546875
0.35546875
0.35546875
0.28125
0.28125
0.49609375
0.49609375
0.6015625
0.6015625
0.56640625
0.56640625
0.63671875
0.63671875
0.56640625
0.56640625
0.7109375
0.7109375
0.7109375
0.7109375
0.6015625
0.6015625
0.88671875
0.88671875
0.8515625
0.8515625
0.7109375
0.7109375
0.9921875
0.9921875
1.06640625
1.06640625
1.02734375
1.02734375
0.7109375
0.7109375
0.95703125
0.95703125
1.3125
1.3125
1.06640625
1.06640625
1.06640625
1.06640625
1.421875
1.421875
1.3828125
1.3828125
1.45703125
1.45703125
1.4921875
1.4921875
1.34765625
1.34765625
1.45703125
1.45703125
1.5625
1.5625
1.73828125
1.73828125
1.73828125
1.73828125
1.34765625
1.34765625
1.5625
1.5625
1.5625
1.5625
1.59765625
1.59765625
1.703125
1.703125
1.66796875
1.66796875
1.6328125
1.6328125
1.8828125
1.8828125
1.66796875
1.66796875
1.66796875
1.66796875
1.4921875
1.4921875
1.6328125
1.6328125
1.8125
1.8125
1.77734375
1.77734375
1.66796875
1.66796875
1.8828125
1.8828125
1.77734375
1.77734375
1.91796875
1.91796875
1.6328125
1.6328125
1.77734375
1.77734375
1.84765625
1.84765625
1.77734375
1.77734375
1.77734375
1.77734375
1.84765625
1.84765625
1.84765625
1.84765625
1.953125
1.953125
2.09375
2.09375
1.8125
1.8125
1.703125
1.703125
2.05859375
2.05859375
1.8125
1.8125
2.05859375
2.05859375
2.0234375
2.0234375
1.98828125
1.98828125
1.98828125
1.98828125
2.0234375
2.0234375
1.953125
1.953125
1.8125
1.8125
1.8828125
1.8828125
1.73828125
1.73828125
1.4921875
1.4921875
1.4921875
1.4921875
1.5625
1.5625
1.34765625
1.34765625
1.27734375
1.27734375
1.171875
1.171875
1.13671875
1.13671875
0.74609375
0.74609375
1.1015625
1.1015625
1.171875
1.171875
1.27734375
1.27734375
1.27734375
1.27734375
1.13671875
1.13671875
0.78125
0.78125
0.921875
0.921875
0.74609375
0.74609375
1.02734375
1.02734375
1.1015625
1.1015625
0.671875
0.671875
0.56640625
0.56640625
0.49609375
0.49609375
0.88671875
0.88671875
0.56640625
0.56640625
0.95703125
0.95703125
0.35546875
0.63671875
0.63671875
0.63671875
0.56640625
0.56640625
0.49609375
0.49609375
0.42578125
0.42578125
0.390625
0.390625
0.31640625
0.31640625
0.42578125
0.42578125
0.35546875
0.35546875
0
0
-0.10546875
-0.10546875
-0.4609375
-0.4609375
-0.24609375
-0.24609375
-0.24609375
-0.24609375
-0.7109375
-0.7109375
0.0703125
0.0703125
-0.28125
-0.28125
-0.35546875
-0.35546875
0
0
0
0
-0.56640625
-0.56640625
-0.671875
-0.671875
-0.35546875
-0.35546875
-0.2109375
-0.2109375
-0.56640625
-0.56640625
-0.7109375
-0.7109375
-0.921875
-0.921875
-0.9921875
-0.9921875
-0.95703125
-0.95703125
-1.3125
-1.3125
-1.3125
-1.3125
-1.27734375
0
0
0
0
0
0
0
0
0
0
0
0
0
0
0
0
0
0
0
0
0
0
0
0
0
0
0
0
0
0
0
0
0
0
0
