-5.33203125
-4.90234375
-4.90234375
-4.90234375
-5.1171875
-5.1171875
-5.1171875
-4.9765625
-4.9765625
-5.1171875
-5.1171875
-4.58203125
-4.58203125
1.02734375
1.02734375
-0.17578125
-0.17578125
-0.8515625
-0.8515625
-1.8125
-1.8125
-2.4140625
-2.4140625
-1.3828125
-1.3828125
-1.3125
-1.3125
-1.3125
-1.3125
-0.63671875
-0.63671875
-0.671875
-0.671875
-0.6015625
-0.6015625
-1.02734375
-1.02734375
-0.95703125
-0.95703125
-1.2421875
-1.2421875
-1.27734375
-1.27734375
-1.8125
-1.8125
-1.8125
-1.8125
-1.77734375
-1.77734375
-1.66796875
-1.66796875
-1.953125
-1.953125
-1.8828125
-1.8828125
-2.23828125
-2.23828125
-2.55859375
-2.55859375
-2.55859375
-2.55859375
-2.8046875
-2.8046875
-2.8046875
-2.8046875
-2.9140625
-2.9140625
-2.6640625
-2.6640625
-3.19921875
-3.19921875
-3.19921875
-3.19921875
-3.234375
-3.234375
-3.19921875
-3.19921875
-3.3046875
-3.3046875
-3.26953125
-3.26953125
-3.125
-3.125
-3.08984375
-3.08984375
-2.8046875
-2.8046875
-3.0546875
-3.0546875
-2.984375
-2.984375
-2.94921875
-2.94921875
-2.94921875
-2.94921875
-2.734375
-2.734375
-3.0546875
-3.0546875
-2.9140625
-2.9140625
-2.69921875
-2.69921875
-2.76953125
-2.76953125
-2.76953125
-2.76953125
-2.8046875
-2.8046875
-2.62890625
-2.62890625
-2.84375
-2.84375
-2.984375
-2.984375
-2.9140625
-2.9140625
-2.9140625
-2.9140625
-2.84375
-2.84375
-3.125
-3.125
-3.01953125
-3.01953125
-2.6640625
-2.6640625
-2.87890625
-2.87890625
-2.6640625
-2.6640625
-2.6640625
-2.6640625
-2.76953125
-2.76953125
-2.76953125
-2.76953125
-2.84375
-2.84375
-2.6640625
-2.6640625
-2.84375
-2.84375
-2.59375
-2.59375
-2.59375
-2.59375
-2.55859375
-2.55859375
-2.5234375
-2.5234375
-2.84375
-2.84375
-2.84375
-2.84375
-2.734375
-2.734375
-2.69921875
-2.69921875
-2.734375
-2.734375
-2.5234375
-2.5234375
-2.2734375
-2.2734375
-2.62890625
-2.62890625
-2.48828125
-2.48828125
-2.48828125
-2.48828125
-2.4140625
-2.4140625
-2.4140625
-2.4140625
-2.59375
-2.59375
-2.48828125
-2.48828125
-2.6640625
-2.6640625
-2.59375
-2.59375
-2.59375
-2.59375
-2.2734375
-2.2734375
-2.23828125
-2.23828125
-2.203125
-2.203125
-2.5234375
-2.5234375
-2.4140625
-2.4140625
-2.2734375
-2.2734375
-2.30859375
-2.30859375
-2.44921875
-2.44921875
-2.30859375
-2.30859375
-2.34375
-2.34375
-2.1328125
-2.1328125
-1.77734375
-1.77734375
-2.44921875
-2.44921875
-2.23828125
-2.23828125
-2.09375
-2.09375
-2.1328125
-2.1328125
-2.1328125
-2.1328125
-2.30859375
-2.30859375
-2.16796875
-2.16796875
-2.23828125
-2.23828125
-2.37890625
-2.37890625
-2.34375
-2.34375
-2.23828125
-2.23828125
-2.23828125
-2.23828125
-2.23828125
-2.23828125
-2.0234375
-2.0234375
-2.16796875
-2.16796875
-2.203125
-2.203125
-2.34375
-2.34375
-2.203125
-2.203125
-2.09375
-2.09375
-2.2734375
-2.2734375
-1.98828125
-1.98828125
-2.34375
-2.34375
-2.05859375
-2.05859375
-2.16796875
-2.16796875
-2.05859375
-2.05859375
-1.91796875
-1.91796875
-2.09375
-2.09375
-1.8125
-1.8125
-1.98828125
-1.98828125
-1.953125
-1.953125
-1.8828125
-1.8828125
-1.73828125
-1.73828125
-1.91796875
-1.91796875
-1.59765625
-1.59765625
-1.703125
-1.703125
-1.8828125
-1.8828125
-1.8828125
-1.8828125
-1.8125
-1.8125
-1.4921875
-1.4921875
-1.4921875
-1.4921875
-1.4921875
-1.4921875
-1.34765625
-1.34765625
-1.2421875
-1.2421875
-1.2421875
-1.2421875
-1.13671875
-1.13671875
-1.13671875
-1.13671875
-0.9921875
-0.9921875
-1.13671875
-1.13671875
-1.20703125
-1.20703125
-1.20703125
-1.20703125
-1.06640625
-1.06640625
-1.13671875
-1.13671875
-1.02734375
-1.02734375
-1.02734375
-1.02734375
-1.13671875
-1.13671875
-1.02734375
-1.02734375
-1.1015625
-1.1015625
-1.06640625
-1.06640625
-1.06640625
-1.06640625
-0.63671875
-0.63671875
-0.921875
-0.921875
-0.8515625
-0.8515625
-0.78125
-0.78125
-0.4609375
-0.4609375
-0.56640625
-0.56640625
-0.24609375
-0.24609375
-0.671875
-0.35546875
-0.35546875
-0.35546875
-0.28125
-0.28125
-0.0703125
-0.0703125
-0.24609375
-0.24609375
-0.03515625
-0.03515625
-0.24609375
-0.24609375
-0.17578125
-0.17578125
0.2109375
0.2109375
0.0703125
0.0703125
0.390625
0.390625
0.390625
0.390625
0.671875
0.671875
0.88671875
0.88671875
0.95703125
0.95703125
0.9921875
0.9921875
1.20703125
1.20703125
1.1015625
1.1015625
1.4921875
1.4921875
1.4921875
1.4921875
1.73828125
1.73828125
1.84765625
1.84765625
1.73828125
1.73828125
1.6328125
1.6328125
1.73828125
1.73828125
2.1328125
2.1328125
2.203125
2.203125
2.4140625
2.4140625
1.91796875
1.91796875
2.6640625
2.6640625
2.87890625
2.87890625
3.01953125
0
0
0
0
0
0
0
0
0
0
0
0
0
0
0
0
0
0
0
0
0
0
0
0
0
0
0
0
0
0
0
0
0
0
0
