5.01171875
5.4375
5.4375
5.4375
5.2578125
5.2578125
5.2578125
4.90234375
4.90234375
5.046875
5.046875
5.01171875
5.01171875
5.29296875
5.29296875
0.74609375
0.74609375
2.4140625
2.4140625
3.08984375
3.08984375
2.76953125
2.76953125
2.76953125
2.76953125
2.62890625
2.62890625
2.62890625
2.62890625
2.5234375
2.5234375
2.34375
2.34375
2.4140625
2.4140625
2.48828125
2.48828125
2.48828125
2.48828125
2.37890625
2.37890625
2.34375
2.34375
2.4140625
2.4140625
2.4140625
2.4140625
2.37890625
2.37890625
2.34375
2.34375
2.30859375
2.30859375
2.34375
2.34375
2.16796875
2.16796875
2.34375
2.34375
2.34375
2.34375
2.44921875
2.44921875
2.44921875
2.44921875
2.44921875
2.44921875
2.203125
2.203125
2.23828125
2.23828125
2.23828125
2.23828125
2.62890625
2.62890625
2.4140625
2.4140625
2.44921875
2.44921875
2.6640625
2.6640625
2.76953125
2.76953125
2.84375
2.84375
2.62890625
2.62890625
2.8046875
2.8046875
3.01953125
3.01953125
2.94921875
2.94921875
3.19921875
3.19921875
2.87890625
2.87890625
2.9140625
2.9140625
3.58984375
3.58984375
2.69921875
2.69921875
3.08984375
3.08984375
3.01953125
3.01953125
3.19921875
3.19921875
3.26953125
3.26953125
2.84375
2.84375
3.0546875
3.0546875
2.84375
2.84375
3.125
3.125
3.26953125
3.26953125
2.84375
2.84375
3.125
3.125
3.01953125
3.01953125
2.87890625
2.87890625
3.26953125
3.26953125
3.19921875
3.19921875
2.94921875
2.94921875
2.94921875
2.94921875
3.08984375
3.08984375
3.08984375
3.08984375
2.984375
2.984375
3.125
3.125
3.125
3.125
3.234375
3.234375
3.16015625
3.16015625
2.94921875
2.94921875
2.94921875
2.94921875
3.375
3.375
2.984375
2.984375
3.08984375
3.08984375
2.94921875
2.94921875
3.16015625
3.16015625
3.26953125
3.26953125
2.8046875
2.8046875
2.8046875
2.8046875
3.16015625
3.16015625
3.0546875
3.0546875
3.26953125
3.26953125
3.3046875
3.3046875
3.515625
3.515625
3.26953125
3.26953125
3.3046875
3.3046875
3.58984375
3.58984375
3.6953125
3.6953125
3.6953125
3.6953125
3.9453125
3.9453125
4.12109375
4.12109375
4.0859375
4.0859375
3.9453125
3.9453125
4.015625
4.015625
4.37109375
4.37109375
4.51171875
4.51171875
4.4765625
4.4765625
4.83203125
4.83203125
4.62109375
4.62109375
4.7265625
4.7265625
4.8671875
4.8671875
4.8671875
4.8671875
5.1171875
5.1171875
5.22265625
5.22265625
5.29296875
5.29296875
5.47265625
5.47265625
5.79296875
5.79296875
5.96875
5.96875
5.828125
5.828125
5.828125
5.828125
5.79296875
5.79296875
5.8984375
5.8984375
5.828125
5.828125
6.25390625
6.25390625
6.7890625
6.7890625
6.50390625
6.50390625
6.89453125
6.89453125
6.6796875
6.6796875
6.96484375
6.96484375
6.9296875
6.9296875
7.109375
7.109375
7.7109375
7.7109375
7.35546875
7.35546875
7.640625
7.640625
7.85546875
7.85546875
8.13671875
8.13671875
7.67578125
7.67578125
8.28125
8.28125
8.45703125
8.45703125
8.671875
8.671875
9.0625
9.0625
9.66796875
9.66796875
9.703125
9.703125
10.0234375
10.0234375
10.0234375
10.0234375
10.6640625
10.6640625
10.8046875
10.8046875
11.16015625
11.16015625
11.69140625
11.69140625
11.73046875
11.73046875
12.6875
12.6875
12.6875
12.6875
12.796875
12.796875
12.97265625
12.97265625
13.0078125
13.0078125
13.36328125
13.36328125
13.5078125
13.5078125
13.71875
13.71875
14.1796875
14.1796875
14.359375
14.359375
14.0390625
14.0390625
14.0390625
14.0390625
14.75
14.75
14.64453125
14.64453125
14.78515625
14.78515625
15.640625
15.640625
15.6015625
15.6015625
15.56640625
15.56640625
15.390625
15.390625
15.88671875
15.88671875
16.3515625
16.3515625
16.52734375
16.52734375
17.0625
17.0625
17.30859375
17.30859375
17.2734375
17.23828125
17.23828125
17.23828125
17.34375
17.34375
17.37890625
17.37890625
17.62890625
17.62890625
17.23828125
17.23828125
19.40625
19.40625
19.62109375
19.62109375
18.4453125
18.4453125
19.0859375
19.0859375
19.4765625
19.4765625
19.40625
19.40625
19.30078125
19.30078125
20.01171875
20.01171875
20.1171875
20.1171875
20.8984375
20.8984375
18.73046875
18.73046875
21.21875
21.21875
20.72265625
20.72265625
20.72265625
20.72265625
20.22265625
20.22265625
21.21875
21.21875
20.6171875
20.6171875
20.33203125
20.33203125
17.34375
17.34375
21.89453125
21.89453125
20.33203125
20.33203125
19.44140625
19.44140625
19.7265625
19.7265625
20.54296875
20.54296875
20.86328125
20.86328125
20.22265625
0
0
0
0
0
0
0
0
0
0
0
0
0
0
0
0
0
0
0
0
0
0
0
0
0
0
0
0
0
0
0
0
0
0
0
