9.0625
8.84765625
8.84765625
8.84765625
9.41796875
9.41796875
9.41796875
9.48828125
9.48828125
8.921875
8.921875
8.8125
8.8125
3.0546875
3.0546875
4.15625
4.15625
3.87109375
3.87109375
3.08984375
3.08984375
3.41015625
3.41015625
3.3046875
3.3046875
2.2734375
2.2734375
2.2734375
2.2734375
1.66796875
1.66796875
1.171875
1.171875
0.921875
0.921875
0.921875
0.921875
1.171875
1.171875
1.45703125
1.45703125
1.421875
1.421875
1.52734375
1.52734375
1.52734375
1.52734375
1.20703125
1.20703125
1.3828125
1.3828125
1.66796875
1.66796875
1.703125
1.703125
1.73828125
1.73828125
1.8828125
1.8828125
2.1328125
2.1328125
1.91796875
1.91796875
1.91796875
1.91796875
2.16796875
2.16796875
1.953125
1.953125
1.953125
1.953125
1.953125
1.953125
2.16796875
2.16796875
2.34375
2.34375
2.09375
2.09375
2.8046875
2.8046875
2.16796875
2.16796875
2.37890625
2.37890625
2.203125
2.203125
2.05859375
2.05859375
2.203125
2.203125
2.203125
2.203125
2.34375
2.34375
1.953125
1.953125
2.05859375
2.05859375
2.203125
2.203125
2.0234375
2.0234375
1.8828125
1.8828125
1.77734375
1.77734375
1.6328125
1.6328125
1.953125
1.953125
1.98828125
1.98828125
1.84765625
1.84765625
1.5625
1.5625
1.59765625
1.59765625
1.52734375
1.52734375
1.73828125
1.73828125
1.84765625
1.84765625
1.52734375
1.52734375
1.77734375
1.77734375
1.8125
1.8125
1.84765625
1.84765625
1.77734375
1.77734375
1.77734375
1.77734375
1.91796875
1.91796875
1.98828125
1.98828125
1.953125
1.953125
1.73828125
1.73828125
1.73828125
1.73828125
1.84765625
1.84765625
2.1328125
2.1328125
1.73828125
1.73828125
1.73828125
1.73828125
1.84765625
1.84765625
2.09375
2.09375
2.09375
2.09375
2.09375
2.09375
2.0234375
2.0234375
1.98828125
1.98828125
1.98828125
1.98828125
1.98828125
1.98828125
1.8828125
1.8828125
2.1328125
2.1328125
2.09375
2.09375
2.09375
2.09375
2.1328125
2.1328125
2.23828125
2.23828125
2.203125
2.203125
2.23828125
2.23828125
2.09375
2.09375
2.59375
2.59375
2.4140625
2.4140625
2.59375
2.59375
2.44921875
2.44921875
2.44921875
2.44921875
2.55859375
2.55859375
2.62890625
2.62890625
2.48828125
2.48828125
2.94921875
2.94921875
2.37890625
2.37890625
2.5234375
2.5234375
2.62890625
2.62890625
2.734375
2.734375
2.76953125
2.76953125
2.734375
2.734375
2.62890625
2.62890625
2.48828125
2.48828125
2.76953125
2.76953125
2.6640625
2.6640625
2.76953125
2.76953125
2.62890625
2.62890625
2.62890625
2.62890625
2.69921875
2.69921875
2.59375
2.59375
2.69921875
2.69921875
2.62890625
2.62890625
2.6640625
2.6640625
2.4140625
2.4140625
2.5234375
2.5234375
2.76953125
2.76953125
2.55859375
2.55859375
2.5234375
2.5234375
2.4140625
2.4140625
2.2734375
2.2734375
2.203125
2.203125
2.16796875
2.16796875
2.23828125
2.23828125
2.1328125
2.1328125
2.16796875
2.16796875
2.09375
2.09375
2.30859375
2.30859375
2.203125
2.203125
2.09375
2.09375
2.09375
2.09375
2.05859375
2.05859375
1.8828125
1.8828125
1.8828125
1.8828125
2.09375
2.09375
1.77734375
1.77734375
1.4921875
1.4921875
1.703125
1.703125
1.6328125
1.6328125
1.2421875
1.2421875
1.2421875
1.2421875
1.52734375
1.52734375
1.34765625
1.34765625
1.2421875
1.2421875
1.06640625
1.06640625
1.20703125
1.20703125
1.02734375
1.02734375
0.95703125
0.95703125
0.74609375
0.74609375
1.171875
1.171875
1.171875
1.171875
0.74609375
0.74609375
0.671875
0.671875
0.390625
0.390625
0.49609375
0.49609375
0.42578125
0.42578125
0.10546875
0.10546875
0.03515625
0.03515625
0.140625
0.140625
-0.03515625
-0.03515625
0
0
-0.17578125
-0.17578125
0.140625
0.140625
-0.10546875
-0.35546875
-0.35546875
-0.35546875
-0.74609375
-0.74609375
-0.6015625
-0.6015625
-0.63671875
-0.63671875
-0.4609375
-0.4609375
-0.921875
-0.921875
-0.95703125
-0.95703125
-1.06640625
-1.06640625
-1.02734375
-1.02734375
-1.171875
-1.171875
-1.27734375
-1.27734375
-1.27734375
-1.27734375
-1.52734375
-1.52734375
-1.3125
-1.3125
-1.8125
-1.8125
-2.09375
-2.09375
-1.8125
-1.8125
-2.2734375
-2.2734375
-2.2734375
-2.2734375
-2.34375
-2.34375
-2.55859375
-2.55859375
-2.76953125
-2.76953125
-2.984375
-2.984375
-3.08984375
-3.08984375
-3.19921875
-3.19921875
-3.4453125
-3.4453125
-3.26953125
-3.26953125
-3.4453125
-3.4453125
-3.5546875
-3.5546875
-3.19921875
-3.19921875
-3.8359375
0
0
0
0
0
0
0
0
0
0
0
0
0
0
0
0
0
0
0
0
0
0
0
0
0
0
0
0
0
0
0
0
0
0
0
