-5.4375
-5.6484375
-5.6484375
-5.6484375
-5.08203125
-5.08203125
-5.08203125
-5.33203125
-5.33203125
-5.2578125
-5.2578125
-5.22265625
-5.22265625
1.02734375
1.02734375
-0.671875
-0.671875
-0.6015625
-0.6015625
-0.28125
-0.28125
-0.4609375
-0.4609375
-0.81640625
-0.81640625
-0.671875
-0.671875
-0.671875
-0.671875
-0.31640625
-0.31640625
-0.24609375
-0.24609375
-0.2109375
-0.2109375
-0.24609375
-0.24609375
-0.31640625
-0.31640625
-0.28125
-0.28125
-0.4609375
-0.4609375
-0.17578125
-0.17578125
-0.17578125
-0.17578125
0.03515625
0.03515625
-0.28125
-0.28125
-0.24609375
-0.24609375
-0.28125
-0.28125
-0.28125
-0.28125
-0.31640625
-0.31640625
-0.28125
-0.28125
-0.17578125
-0.17578125
-0.17578125
-0.17578125
-0.49609375
-0.49609375
-0.10546875
-0.10546875
-0.31640625
-0.31640625
-0.31640625
-0.31640625
-0.03515625
-0.03515625
-0.03515625
-0.03515625
-0.2109375
-0.2109375
0
0
-0.28125
-0.28125
-0.0703125
-0.0703125
-0.140625
-0.140625
-0.0703125
-0.0703125
-0.49609375
-0.49609375
-0.140625
-0.140625
0
0
-0.10546875
-0.10546875
-0.03515625
-0.03515625
-0.0703125
-0.0703125
-0.140625
-0.140625
-0.10546875
-0.10546875
-0.10546875
-0.10546875
-0.24609375
-0.24609375
-0.17578125
-0.17578125
0
0
-0.2109375
-0.2109375
-0.140625
-0.140625
0
0
-0.31640625
-0.31640625
-0.140625
-0.140625
-0.17578125
-0.17578125
0
0
0.10546875
0.10546875
-0.17578125
-0.17578125
-0.03515625
-0.03515625
-0.140625
-0.140625
-0.140625
-0.140625
-0.0703125
-0.0703125
-0.140625
-0.140625
0
0
-0.17578125
-0.17578125
-0.17578125
-0.17578125
-0.03515625
-0.03515625
-0.10546875
-0.10546875
-0.24609375
-0.24609375
-0.24609375
-0.24609375
0
0
0
0
0.10546875
0.10546875
0.28125
0.28125
0.35546875
0.35546875
-0.03515625
-0.03515625
0.4609375
0.4609375
0.4609375
0.4609375
0.140625
0.140625
0.10546875
0.10546875
0.03515625
0.03515625
0.17578125
0.17578125
0.10546875
0.10546875
0.31640625
0.31640625
0.17578125
0.17578125
-0.2109375
-0.2109375
-0.10546875
-0.10546875
0.17578125
0.17578125
0
0
0.03515625
0.03515625
-0.390625
-0.390625
-0.0703125
-0.0703125
0
0
0
0
-0.56640625
-0.56640625
-0.03515625
-0.03515625
-0.2109375
-0.2109375
-0.17578125
-0.17578125
-0.49609375
-0.49609375
-0.4609375
-0.4609375
-0.390625
-0.390625
-0.49609375
-0.49609375
-0.671875
-0.671875
-0.49609375
-0.49609375
-0.56640625
-0.56640625
-0.4609375
-0.4609375
-0.42578125
-0.42578125
-0.6015625
-0.6015625
-0.6015625
-0.6015625
-0.7109375
-0.7109375
-0.74609375
-0.74609375
-0.81640625
-0.81640625
-0.63671875
-0.63671875
-0.9921875
-0.9921875
-0.921875
-0.921875
-1.02734375
-1.02734375
-1.1015625
-1.1015625
-0.9921875
-0.9921875
-0.921875
-0.921875
-1.1015625
-1.1015625
-1.2421875
-1.2421875
-1.34765625
-1.34765625
-1.13671875
-1.13671875
-0.9921875
-0.9921875
-0.9921875
-0.9921875
-1.2421875
-1.2421875
-1.171875
-1.171875
-1.06640625
-1.06640625
-1.3828125
-1.3828125
-1.59765625
-1.59765625
-1.34765625
-1.34765625
-1.4921875
-1.4921875
-1.3828125
-1.3828125
-1.3828125
-1.3828125
-1.13671875
-1.13671875
-1.45703125
-1.45703125
-1.703125
-1.703125
-1.421875
-1.421875
-1.421875
-1.421875
-1.20703125
-1.20703125
-1.20703125
-1.20703125
-1.13671875
-1.13671875
-0.81640625
-0.81640625
-1.02734375
-1.02734375
-1.02734375
-1.02734375
-1.13671875
-1.13671875
-0.921875
-0.921875
-1.06640625
-1.06640625
-1.13671875
-1.13671875
-1.06640625
-1.06640625
-1.06640625
-1.06640625
-0.9921875
-0.9921875
-1.06640625
-1.06640625
-0.9921875
-0.9921875
-0.921875
-0.921875
-1.02734375
-1.02734375
-0.9921875
-0.9921875
-1.1015625
-1.1015625
-0.921875
-0.921875
-1.20703125
-1.20703125
-1.02734375
-1.02734375
-1.20703125
-1.20703125
-1.3828125
-1.3828125
-1.27734375
-1.06640625
-1.06640625
-1.06640625
-1.45703125
-1.45703125
-0.9921875
-0.9921875
-1.27734375
-1.27734375
-1.3828125
-1.3828125
-1.02734375
-1.02734375
-0.9921875
-0.9921875
-1.3828125
-1.3828125
-1.02734375
-1.02734375
-0.921875
-0.921875
-0.63671875
-0.63671875
-0.53125
-0.53125
-0.53125
-0.53125
-0.6015625
-0.6015625
-0.49609375
-0.49609375
-0.35546875
-0.35546875
-0.53125
-0.53125
-0.31640625
-0.31640625
-0.31640625
-0.31640625
-0.390625
-0.390625
-0.140625
-0.140625
0
0
0.17578125
0.17578125
0.03515625
0.03515625
0.2109375
0.2109375
0.49609375
0.49609375
0.56640625
0.56640625
0.42578125
0.42578125
0.74609375
0.74609375
1.2421875
1.2421875
1.1015625
0
0
0
0
0
0
0
0
0
0
0
0
0
0
0
0
0
0
0
0
0
0
0
0
0
0
0
0
0
0
0
0
0
0
0
