0.95703125
0.8515625
0.8515625
0.8515625
0.9921875
0.9921875
0.9921875
1.06640625
1.06640625
1.13671875
1.13671875
1.171875
1.171875
16.52734375
16.52734375
11.65625
11.65625
10.44921875
10.44921875
8.06640625
8.06640625
5.61328125
5.61328125
5.2578125
5.2578125
4.51171875
4.51171875
4.51171875
4.51171875
3.73046875
3.73046875
3.73046875
3.73046875
3.58984375
3.58984375
3.4453125
3.4453125
4.05078125
4.05078125
3.765625
3.765625
3.234375
3.234375
3.375
3.375
3.375
3.375
3.3046875
3.3046875
3.625
3.625
3.765625
3.765625
3.3046875
3.3046875
3.8359375
3.8359375
3.48046875
3.48046875
4.3359375
4.3359375
4.015625
4.015625
4.015625
4.015625
3.8359375
3.8359375
4.15625
4.15625
3.8359375
3.8359375
3.8359375
3.8359375
3.9453125
3.9453125
4.15625
4.15625
4.19140625
4.19140625
4.58203125
4.58203125
4.8671875
4.8671875
4.30078125
4.30078125
4.7265625
4.7265625
4.40625
4.40625
4.90234375
4.90234375
5.15234375
5.15234375
5.5078125
5.5078125
4.7265625
4.7265625
4.9375
4.9375
5.29296875
5.29296875
4.69140625
4.69140625
4.90234375
4.90234375
4.90234375
4.90234375
5.1875
5.1875
5.1171875
5.1171875
5.2578125
5.2578125
5.1171875
5.1171875
5.2578125
5.2578125
5.3671875
5.3671875
5.08203125
5.08203125
5.1171875
5.1171875
5.1171875
5.1171875
5.29296875
5.29296875
5.15234375
5.15234375
5.22265625
5.22265625
5.40234375
5.40234375
5.2578125
5.2578125
5.2578125
5.2578125
4.9375
4.9375
5.29296875
5.29296875
5.40234375
5.40234375
4.8671875
4.8671875
4.8671875
4.8671875
4.76171875
4.76171875
5.1171875
5.1171875
4.90234375
4.90234375
4.90234375
4.90234375
5.54296875
5.54296875
5.08203125
5.08203125
5.5078125
5.5078125
4.796875
4.796875
4.3359375
4.3359375
4.8671875
4.8671875
4.30078125
4.30078125
4.30078125
4.30078125
4.4765625
4.4765625
4.12109375
4.12109375
4.265625
4.265625
4.2265625
4.2265625
4.05078125
4.05078125
3.6953125
3.6953125
4.15625
4.15625
3.375
3.375
3.41015625
3.41015625
3.87109375
3.87109375
3.19921875
3.19921875
3.19921875
3.19921875
3.515625
3.515625
3.08984375
3.08984375
3.375
3.375
2.8046875
2.8046875
2.59375
2.59375
3.01953125
3.01953125
2.5234375
2.5234375
2.8046875
2.8046875
2.59375
2.59375
2.0234375
2.0234375
2.09375
2.09375
2.16796875
2.16796875
1.953125
1.953125
1.66796875
1.66796875
1.1015625
1.1015625
1.27734375
1.27734375
1.06640625
1.06640625
0.921875
0.921875
0.921875
0.921875
0.88671875
0.88671875
0.63671875
0.63671875
0.74609375
0.74609375
0.49609375
0.49609375
0.56640625
0.56640625
-0.140625
-0.140625
-0.24609375
-0.24609375
-0.63671875
-0.63671875
0
0
-0.2109375
-0.2109375
0
0
-0.140625
-0.140625
-0.31640625
-0.31640625
-0.74609375
-0.74609375
-0.56640625
-0.56640625
-0.78125
-0.78125
-1.4921875
-1.4921875
-1.27734375
-1.27734375
-1.34765625
-1.34765625
-1.3828125
-1.3828125
-1.59765625
-1.59765625
-1.703125
-1.703125
-2.203125
-2.203125
-2.23828125
-2.23828125
-2.23828125
-2.23828125
-2.55859375
-2.55859375
-2.62890625
-2.62890625
-2.44921875
-2.44921875
-2.87890625
-2.87890625
-3.19921875
-3.19921875
-3.73046875
-3.73046875
-3.73046875
-3.73046875
-3.9453125
-3.9453125
-4.3359375
-4.3359375
-4.69140625
-4.69140625
-4.51171875
-4.51171875
-4.9765625
-4.9765625
-4.62109375
-4.62109375
-4.76171875
-4.76171875
-5.046875
-5.046875
-5.6484375
-5.6484375
-5.6484375
-5.6484375
-5.33203125
-5.33203125
-5.79296875
-5.79296875
-5.86328125
-5.86328125
-5.86328125
-5.86328125
-5.828125
-5.828125
-5.72265625
-5.72265625
-5.4375
-5.4375
-5.54296875
-5.54296875
-6.21875
-6.21875
-5.93359375
-5.93359375
-6.078125
-6.078125
-5.96875
-5.96875
-5.7578125
-6.21875
-6.21875
-6.21875
-6.5390625
-6.5390625
-6.2890625
-6.2890625
-6.2890625
-6.2890625
-6.82421875
-6.82421875
-6.50390625
-6.50390625
-5.828125
-5.828125
-6.5390625
-6.5390625
-5.6875
-5.6875
-6.04296875
-6.04296875
-6.609375
-6.609375
-5.96875
-5.96875
-5.96875
-5.96875
-6.32421875
-6.32421875
-6.43359375
-6.43359375
-5.93359375
-5.93359375
-6.3984375
-6.3984375
-6.50390625
-6.50390625
-6.50390625
-6.50390625
-6.00390625
-6.00390625
-6.859375
-6.859375
-6.21875
-6.21875
-5.86328125
-5.86328125
-5.578125
-5.578125
-5.33203125
-5.33203125
-5.54296875
-5.54296875
-5.6484375
-5.6484375
-5.22265625
-5.22265625
-5.4375
-5.4375
-5.33203125
-5.33203125
-6.64453125
0
0
0
0
0
0
0
0
0
0
0
0
0
0
0
0
0
0
0
0
0
0
0
0
0
0
0
0
0
0
0
0
0
0
0
