0.140625
0.140625
0.140625
1.1015625
1.1015625
4.90234375
4.90234375
5.40234375
5.40234375
3.234375
3.234375
4.05078125
4.05078125
3.375
3.375
1.91796875
1.91796875
5.15234375
5.15234375
4.4765625
4.4765625
2.09375
2.09375
0.921875
0.921875
0
0
-1.02734375
-1.02734375
0
0
0.6015625
0.6015625
5.4375
5.4375
4.69140625
4.69140625
2.9140625
2.9140625
1.52734375
1.52734375
1.77734375
1.77734375
1.52734375
1.52734375
0.78125
0.78125
0.17578125
0.17578125
0.24609375
0.24609375
0
0
0.35546875
0.35546875
4.19140625
4.19140625
3.375
3.375
2.16796875
2.16796875
1.02734375
1.02734375
0.6015625
0.6015625
0.49609375
0.49609375
0.671875
0.671875
0.17578125
0.17578125
-0.10546875
-0.10546875
-1.06640625
-1.06640625
-1.4921875
-1.4921875
-0.671875
-0.671875
0.0703125
0.0703125
-0.28125
-0.28125
0.0703125
0.0703125
0.28125
0.28125
0.31640625
0.31640625
0.35546875
0.35546875
1.06640625
1.06640625
0.671875
0.671875
0.56640625
0.56640625
0.35546875
0.35546875
-0.0703125
-0.0703125
0.28125
0.28125
0.35546875
0.35546875
0.0703125
0.0703125
0
0
0.2109375
0.2109375
0.140625
0.140625
0
0
0.35546875
0.35546875
-0.2109375
-0.2109375
0.140625
0.140625
0.140625
0.140625
0.140625
0.140625
0.17578125
0.17578125
0
0
0.24609375
0.24609375
0.31640625
0.31640625
0.4609375
0.4609375
0.24609375
0.24609375
0.0703125
0.0703125
0.4609375
0.4609375
0.4609375
0.4609375
0.53125
0.53125
0.24609375
0.24609375
0.4609375
0.4609375
0.390625
0.390625
0.42578125
0.42578125
0.03515625
0.03515625
0.31640625
0.390625
0.390625
0.390625
0.28125
0.28125
0.31640625
0.31640625
0.24609375
0.24609375
0.0703125
0.0703125
-0.0703125
-0.0703125
0.2109375
0.2109375
0.17578125
0.17578125
0.2109375
0.2109375
0.2109375
0.2109375
0.42578125
0.42578125
0.53125
0.53125
0.63671875
0.63671875
0.17578125
0.17578125
0.53125
0.53125
0.390625
0.390625
0.24609375
0.24609375
0.42578125
0.42578125
0.49609375
0.49609375
0.63671875
0.63671875
0.49609375
0.49609375
0.53125
0.53125
0.4609375
0.4609375
0.390625
0.390625
0.63671875
0.63671875
0.53125
0.53125
0.35546875
0.35546875
0.4609375
0.4609375
0.35546875
0.35546875
0.6015625
0.6015625
0.4609375
0.4609375
0.42578125
0.42578125
0.6015625
0.6015625
0.4609375
0.4609375
0.42578125
0.42578125
0.49609375
0.49609375
0.56640625
0.56640625
0.56640625
0.56640625
0.74609375
0.74609375
0.53125
0.53125
0.49609375
0.49609375
0.56640625
0.56640625
0.63671875
0.63671875
0.81640625
0.81640625
0.49609375
0.49609375
0.49609375
0.49609375
0.4609375
0.4609375
0.390625
0.4609375
0.4609375
0.4609375
0.42578125
0.42578125
0.35546875
0.35546875
0.35546875
0.35546875
0.42578125
0.42578125
0.17578125
0.17578125
0.53125
0.53125
0.6015625
0.6015625
0.42578125
0.42578125
0.24609375
0.24609375
0.42578125
0.42578125
0.390625
0.390625
0.35546875
0.35546875
0.17578125
0.17578125
0.10546875
0.10546875
0.49609375
0.49609375
0.31640625
0.31640625
0.56640625
0.56640625
0.42578125
0.42578125
0.49609375
0.49609375
0.390625
0.390625
0.10546875
0.10546875
0.31640625
0.31640625
0.390625
0.390625
0.2109375
0.2109375
0.03515625
0.03515625
0.28125
0.28125
0.28125
0.28125
-0.03515625
-0.03515625
0.35546875
0.35546875
0.03515625
0.03515625
0.03515625
0.03515625
0.2109375
0.2109375
0.31640625
0.31640625
0.2109375
0.2109375
0.28125
0.28125
0.28125
0.28125
0.2109375
0.2109375
0.28125
0.28125
0.28125
0.28125
0.140625
0.140625
0.0703125
0.0703125
0.2109375
0.2109375
0.31640625
0.31640625
0.42578125
0.42578125
0.31640625
0.31640625
0.35546875
0.35546875
0.0703125
0.0703125
0.35546875
0.35546875
0.31640625
0.31640625
0.31640625
0.31640625
0.53125
0.53125
0.28125
0.28125
0.42578125
0.42578125
0.42578125
0.42578125
0.17578125
0.17578125
0.49609375
0.49609375
0.4609375
0.4609375
0.17578125
0.17578125
0.49609375
0.49609375
0.53125
0.53125
0.53125
0.53125
0.2109375
0.2109375
0.2109375
0.2109375
0.28125
0.28125
0.35546875
0.35546875
0.42578125
0.42578125
0.390625
0.390625
0.24609375
0.24609375
0.390625
0.390625
0.4609375
0.4609375
0.53125
0.53125
0.390625
0.390625
0.28125
0.28125
-0.03515625
-0.03515625
0.31640625
0.31640625
0
0
0.35546875
0.35546875
0.31640625
0.31640625
0.35546875
0.35546875
0.0703125
0.0703125
0.390625
0.390625
0.28125
0.28125
0.56640625
0.56640625
0.2109375
0.2109375
-1.27734375
-1.27734375
-1.34765625
-1.34765625
-0.42578125
-0.42578125
0.49609375
0.49609375
0.49609375
0.49609375
0.4609375
0.4609375
0.2109375
0.2109375
0
0
0.140625
0.140625
0.63671875
0.63671875
1.2421875
1.2421875
0.95703125
0.81640625
0.81640625
0.81640625
0.95703125
0.95703125
1.20703125
1.20703125
0.88671875
0.88671875
1.171875
1.171875
0.95703125
0.95703125
1.171875
1.171875
0.88671875
0.88671875
1.1015625
1.1015625
0.6015625
0.6015625
0.6015625
0.6015625
0.53125
0.53125
0.7109375
0
0
0
0
0
0
0
0
0
0
0
0
0
0
0
0
0
0
0
0
0
0
0
0
0
0
0
0
0
0
0
0
0
0
0
0
0
0
0
0
0
0
0
0
0
0
0
