0
-0.28125
-0.28125
-0.6015625
-0.6015625
-2.37890625
-2.37890625
-3.9453125
-3.9453125
-3.87109375
-3.87109375
-3.16015625
-3.16015625
-2.59375
-2.59375
-2.2734375
-2.2734375
-5.29296875
-5.29296875
-6.00390625
-6.00390625
-4.40625
-4.40625
-3.33984375
-3.33984375
-2.9140625
-2.9140625
-2.9140625
-2.9140625
-7.78125
-7.78125
-16.8125
-16.8125
-18.26953125
-18.26953125
-14.25390625
-14.25390625
-11.65625
-11.65625
-11.48046875
-11.48046875
-12.046875
-12.046875
-9.453125
-9.453125
-5.54296875
-5.54296875
-4.2265625
-4.2265625
-8.06640625
-8.06640625
-12.19140625
-12.19140625
-14.78515625
-14.78515625
-14.53515625
-14.53515625
-10.44921875
-10.44921875
-9.6328125
-9.6328125
-10.37890625
-10.37890625
-10.9453125
-10.9453125
-10.34375
-10.34375
-8.70703125
-8.70703125
-7.1796875
-7.1796875
-6.82421875
-6.82421875
-7.3203125
-7.3203125
-6.64453125
-6.64453125
-6.32421875
-6.32421875
-6.00390625
-6.00390625
-5.6484375
-5.6484375
-5.40234375
-5.40234375
-4.8671875
-4.8671875
-4.62109375
-4.62109375
-4.015625
-4.015625
-3.98046875
-3.98046875
-3.98046875
-3.98046875
-3.80078125
-3.80078125
-3.9453125
-3.9453125
-3.765625
-3.765625
-3.08984375
-3.08984375
-2.30859375
-2.30859375
-2.34375
-2.34375
-2.16796875
-2.16796875
-2.05859375
-2.05859375
-1.953125
-1.953125
-1.34765625
-1.34765625
-1.34765625
-1.34765625
-1.34765625
-1.34765625
-1.06640625
-1.06640625
-0.78125
-0.78125
-1.06640625
-1.06640625
-0.95703125
-0.95703125
-0.78125
-0.78125
-0.88671875
-0.88671875
-0.78125
-0.78125
-0.56640625
-0.56640625
-0.63671875
-0.63671875
-0.49609375
-0.49609375
-0.4609375
-0.4609375
-0.921875
-0.921875
-0.49609375
-0.49609375
-0.95703125
-0.95703125
-1.1015625
-1.1015625
-1.13671875
-1.13671875
-1.3125
-1.3125
-0.74609375
-0.74609375
-0.74609375
-0.671875
-0.671875
-0.671875
-1.1015625
-1.1015625
-0.63671875
-0.63671875
-0.35546875
-0.35546875
-0.31640625
-0.31640625
-0.42578125
-0.42578125
-0.4609375
-0.4609375
-0.53125
-0.53125
-0.63671875
-0.63671875
-0.49609375
-0.49609375
-0.53125
-0.53125
-0.6015625
-0.6015625
-0.6015625
-0.6015625
-0.6015625
-0.6015625
-0.7109375
-0.7109375
-0.78125
-0.78125
-0.63671875
-0.63671875
-0.671875
-0.671875
-0.56640625
-0.56640625
-0.81640625
-0.81640625
-1.13671875
-1.13671875
-0.95703125
-0.95703125
-0.81640625
-0.81640625
-1.3828125
-1.3828125
-1.06640625
-1.06640625
-1.13671875
-1.13671875
-1.1015625
-1.1015625
-1.171875
-1.171875
-1.171875
-1.171875
-1.421875
-1.421875
-0.8515625
-0.8515625
-0.95703125
-0.95703125
-0.9921875
-0.9921875
-1.27734375
-1.27734375
-1.1015625
-1.1015625
-0.9921875
-0.9921875
-1.1015625
-1.1015625
-1.421875
-1.421875
-1.2421875
-1.2421875
-1.171875
-1.171875
-1.171875
-1.171875
-1.4921875
-1.4921875
-1.73828125
-1.73828125
-1.421875
-1.421875
-1.6328125
-1.6328125
-1.3828125
-1.3828125
-1.52734375
-1.52734375
-1.6328125
-1.45703125
-1.45703125
-1.45703125
-1.421875
-1.421875
-1.4921875
-1.4921875
-2.0234375
-2.0234375
-1.3828125
-1.3828125
-1.59765625
-1.59765625
-1.73828125
-1.73828125
-1.171875
-1.171875
-1.3828125
-1.3828125
-1.703125
-1.703125
-1.6328125
-1.6328125
-1.52734375
-1.52734375
-1.8125
-1.8125
-1.45703125
-1.45703125
-1.703125
-1.703125
-1.52734375
-1.52734375
-1.8125
-1.8125
-1.4921875
-1.4921875
-1.5625
-1.5625
-1.4921875
-1.4921875
-1.5625
-1.5625
-1.6328125
-1.6328125
-1.77734375
-1.77734375
-1.34765625
-1.34765625
-1.66796875
-1.66796875
-1.91796875
-1.91796875
-1.52734375
-1.52734375
-1.421875
-1.421875
-1.4921875
-1.4921875
-1.52734375
-1.52734375
-1.4921875
-1.4921875
-1.59765625
-1.59765625
-1.45703125
-1.45703125
-1.84765625
-1.84765625
-1.4921875
-1.4921875
-1.703125
-1.703125
-1.5625
-1.5625
-1.5625
-1.5625
-1.421875
-1.421875
-1.4921875
-1.4921875
-1.73828125
-1.73828125
-1.59765625
-1.59765625
-1.59765625
-1.59765625
-1.5625
-1.5625
-1.6328125
-1.6328125
-1.3828125
-1.3828125
-1.34765625
-1.34765625
-1.34765625
-1.34765625
-1.4921875
-1.4921875
-1.45703125
-1.45703125
-1.4921875
-1.4921875
-1.73828125
-1.73828125
-1.66796875
-1.66796875
-1.6328125
-1.6328125
-1.52734375
-1.52734375
-1.52734375
-1.52734375
-1.421875
-1.421875
-1.4921875
-1.4921875
-1.59765625
-1.59765625
-1.73828125
-1.73828125
-1.5625
-1.5625
-1.45703125
-1.45703125
-1.52734375
-1.52734375
-1.6328125
-1.6328125
-1.84765625
-1.84765625
-1.59765625
-1.59765625
-1.84765625
-1.84765625
-1.59765625
-1.59765625
-1.45703125
-1.45703125
-1.5625
-1.5625
-1.66796875
-1.66796875
-1.6328125
-1.6328125
-1.45703125
-1.45703125
-1.45703125
-1.45703125
-1.52734375
-1.52734375
-1.6328125
-1.6328125
-1.45703125
-1.45703125
-1.2421875
-1.2421875
-1.59765625
-1.59765625
-1.703125
-1.703125
-1.6328125
-1.6328125
-1.5625
-1.5625
-1.52734375
-1.52734375
-1.66796875
-1.66796875
-1.52734375
-1.52734375
-0.921875
-0.921875
-1.2421875
-1.2421875
-1.421875
-1.421875
-1.3125
-1.3125
-1.20703125
-1.20703125
-1.77734375
-1.77734375
-1.84765625
-1.84765625
-1.6328125
-1.6328125
-1.20703125
-1.20703125
-1.06640625
-1.06640625
-1.703125
-1.703125
-1.5625
-1.45703125
-1.45703125
-1.45703125
-1.59765625
-1.59765625
-1.8125
-1.8125
-1.3828125
-1.3828125
-1.52734375
-1.52734375
-1.13671875
-1.13671875
-1.953125
-1.953125
-2.16796875
-2.16796875
-1.953125
-1.953125
-1.45703125
-1.45703125
-1.45703125
-1.45703125
-1.4921875
-1.4921875
-1.6328125
0
0
0
0
0
0
0
0
0
0
0
0
0
0
0
0
0
0
0
0
0
0
0
0
0
0
0
0
0
0
0
0
0
0
0
0
0
0
0
0
0
0
0
0
0
0
0
