-2.23828125
-2.23828125
-2.23828125
-2.44921875
-2.44921875
-2.44921875
-2.48828125
-2.48828125
-2.48828125
-2.48828125
15.3203125
15.3203125
7.5
7.5
4.90234375
4.90234375
6.46875
6.46875
4.4765625
4.4765625
4.30078125
4.30078125
4.9765625
4.9765625
6.00390625
6.00390625
5.3671875
5.3671875
5.22265625
5.22265625
4.9765625
4.9765625
4.40625
4.40625
5.2578125
5.2578125
5.93359375
5.93359375
6.609375
6.609375
6.2890625
6.2890625
6.11328125
6.11328125
6.50390625
6.50390625
7.0703125
7.0703125
6.43359375
6.43359375
7.390625
7.390625
7
7
5.54296875
5.54296875
5.93359375
5.93359375
5.96875
5.96875
6.32421875
6.32421875
6.11328125
6.11328125
5.79296875
5.79296875
5.7578125
5.7578125
5.61328125
5.61328125
5.86328125
5.86328125
5.22265625
5.22265625
5.96875
5.96875
5.8984375
5.8984375
6.50390625
6.50390625
6.64453125
6.64453125
6.7890625
6.7890625
7
7
7.640625
7.640625
7.92578125
7.92578125
7.5703125
7.5703125
7.9609375
7.9609375
8.24609375
8.24609375
8.06640625
8.06640625
7.74609375
7.74609375
7.46484375
7.46484375
7.99609375
7.99609375
7.5
7.5
7.99609375
7.99609375
8.13671875
8.13671875
7.60546875
7.60546875
7.42578125
7.42578125
7.640625
7.640625
7.3203125
7.3203125
6.859375
6.859375
7.35546875
7.35546875
7.14453125
7.14453125
6.57421875
6.57421875
6.3984375
6.3984375
6.32421875
6.32421875
6.078125
6.078125
6.2890625
6.2890625
5.6875
5.6875
5.6484375
5.6484375
5.046875
5.046875
5.47265625
5.47265625
5.29296875
5.29296875
4.69140625
4.69140625
3.91015625
3.91015625
4.19140625
4.19140625
3.73046875
3.73046875
4.51171875
4.51171875
3.625
3.625
3.91015625
3.91015625
3.515625
3.515625
3.58984375
3.58984375
3.41015625
3.41015625
3.58984375
3.58984375
3.08984375
3.08984375
2.9140625
2.9140625
2.8046875
2.8046875
2.8046875
2.8046875
3.01953125
3.01953125
3.01953125
3.01953125
2.37890625
2.37890625
2.76953125
2.76953125
2.0234375
2.0234375
2.44921875
2.44921875
1.6328125
1.6328125
1.59765625
1.59765625
1.59765625
1.59765625
1.2421875
1.2421875
1.3125
1.3125
0.8515625
0.8515625
0.8515625
0.8515625
0.9921875
0.9921875
0.78125
0.78125
0.95703125
0.95703125
0.78125
0.78125
0.42578125
0.42578125
0.140625
0.140625
-0.140625
-0.140625
-0.2109375
-0.2109375
-0.140625
-0.140625
-0.35546875
-0.35546875
-0.35546875
-0.35546875
-0.03515625
-0.03515625
-0.28125
-0.28125
-0.56640625
-0.56640625
-0.390625
-0.390625
-0.95703125
-0.95703125
-1.59765625
-1.59765625
-0.8515625
-0.8515625
-1.171875
-1.171875
-1.4921875
-1.4921875
-1.52734375
-1.52734375
-1.8828125
-1.8828125
-1.84765625
-1.84765625
-1.8125
-1.8125
-1.98828125
-1.98828125
-1.953125
-1.953125
-2.09375
-2.09375
-2.203125
-2.203125
-2.23828125
-2.23828125
-2.2734375
-2.2734375
-2.48828125
-2.48828125
-2.8046875
-2.8046875
-2.76953125
-2.76953125
-3.125
-3.125
-3.125
-3.125
-2.984375
-2.984375
-3.3046875
-3.3046875
-3.19921875
-3.19921875
-3.125
-3.125
-3.16015625
-3.16015625
-3.01953125
-3.01953125
-3.375
-3.375
-3.765625
-3.765625
-3.625
-3.625
-3.375
-3.375
-3.66015625
-3.66015625
-4.015625
-4.015625
-4.015625
-4.015625
-4.62109375
-4.62109375
-4.4765625
-4.4765625
-4.30078125
-4.30078125
-5.15234375
-5.15234375
-4.76171875
-4.76171875
-4.69140625
-4.69140625
-5.15234375
-5.15234375
-4.546875
-4.546875
-4.9375
-4.9375
-4.51171875
-4.51171875
-5.72265625
-5.72265625
-5.1171875
-5.1171875
-5.1171875
-5.1171875
-5.15234375
-5.15234375
-5.96875
-5.96875
-5.96875
-4.69140625
-4.69140625
-4.69140625
-6.64453125
-6.64453125
-6.32421875
-6.32421875
-6.6796875
-6.6796875
-6.359375
-6.359375
-6.18359375
-6.18359375
-5.33203125
-5.33203125
-7.25
-7.25
-6.7890625
-6.7890625
-6.609375
-6.609375
-5.8984375
-5.8984375
-6.11328125
-6.11328125
-7.42578125
-7.42578125
-7.85546875
-7.85546875
-5.72265625
-5.72265625
-6.11328125
-7.109375
-7.109375
-7.109375
-6.5390625
-6.5390625
-6.18359375
-6.18359375
-5.33203125
-5.33203125
-5.5078125
-5.5078125
-7.5
-7.5
-5.4375
-5.4375
-6.5390625
-6.5390625
-6.57421875
-6.57421875
-6.32421875
-6.32421875
-4.4765625
-4.4765625
-6.11328125
-6.11328125
-6.11328125
-6.11328125
-5.15234375
-5.15234375
-6.9296875
-6.9296875
-6.9296875
-6.9296875
-5.72265625
-5.72265625
-5.72265625
-5.72265625
-5.93359375
-5.93359375
-5.5078125
-5.5078125
-4.8671875
-4.8671875
-3.66015625
-3.66015625
0
0
0
0
0
0
0
0
0
0
0
0
0
0
0
0
0
0
0
0
0
0
0
0
0
0
0
0
0
0
0
0
0
0
0
