0.390625
0.95703125
0.95703125
0.78125
0.78125
1.1015625
1.1015625
1.6328125
1.6328125
1.66796875
1.66796875
8.03125
8.03125
8.1015625
8.1015625
8.77734375
8.77734375
7.74609375
7.74609375
8.6015625
8.6015625
8.421875
8.421875
5.86328125
5.86328125
3.01953125
3.01953125
3.765625
3.765625
0.9921875
0.9921875
-0.671875
-0.671875
0.53125
0.53125
4.76171875
4.76171875
6.9296875
6.9296875
9.02734375
9.02734375
9.3125
9.3125
9.55859375
9.55859375
7.7109375
7.7109375
7.85546875
7.85546875
3.9453125
3.9453125
2.0234375
2.0234375
-0.03515625
-0.03515625
1.4921875
1.4921875
-1.84765625
-1.84765625
-1.953125
-1.953125
0.31640625
0.31640625
0.31640625
0.31640625
0.140625
0.140625
0.140625
0.140625
2.4140625
2.4140625
2.37890625
2.37890625
0.6015625
0.6015625
0.921875
0.921875
0.49609375
0.49609375
0.28125
0.28125
-0.17578125
-0.17578125
-0.03515625
-0.03515625
3.515625
3.515625
3.66015625
3.66015625
3.234375
3.234375
5.1171875
5.1171875
4.546875
4.546875
4.30078125
4.30078125
4.15625
4.15625
4.65625
4.65625
4.546875
4.546875
3.87109375
3.87109375
3.0546875
3.0546875
2.94921875
2.94921875
3.0546875
3.0546875
3.125
3.125
2.8046875
2.8046875
3.26953125
3.26953125
3.33984375
3.33984375
3.19921875
3.19921875
4.30078125
4.30078125
3.66015625
3.66015625
3.66015625
3.66015625
4.0859375
4.0859375
4.015625
4.015625
4.19140625
4.19140625
4.30078125
4.30078125
4.58203125
4.58203125
4.9375
4.9375
4.796875
4.796875
4.4765625
4.4765625
4.76171875
4.76171875
4.69140625
4.69140625
4.51171875
4.51171875
4.546875
4.546875
4.37109375
4.37109375
4.12109375
4.12109375
4.05078125
3.625
3.625
3.625
3.6953125
3.6953125
3.515625
3.515625
3.3046875
3.3046875
2.87890625
2.87890625
3.0546875
3.0546875
3.08984375
3.08984375
2.69921875
2.69921875
2.734375
2.734375
2.8046875
2.8046875
3.33984375
3.33984375
2.87890625
2.87890625
3.19921875
3.19921875
2.87890625
2.87890625
2.87890625
2.87890625
3.0546875
3.0546875
3.26953125
3.26953125
3.3046875
3.3046875
3.375
3.375
3.6953125
3.6953125
3.33984375
3.33984375
3.48046875
3.48046875
3.375
3.375
3.625
3.625
3.41015625
3.41015625
3.48046875
3.48046875
3.48046875
3.48046875
3.48046875
3.48046875
3.4453125
3.4453125
3.625
3.625
3.4453125
3.4453125
3.8359375
3.8359375
3.515625
3.515625
3.6953125
3.6953125
3.58984375
3.58984375
3.6953125
3.6953125
3.5546875
3.5546875
3.48046875
3.48046875
3.515625
3.515625
3.4453125
3.4453125
3.41015625
3.41015625
3.58984375
3.58984375
3.3046875
3.3046875
3.58984375
3.58984375
3.5546875
3.5546875
3.26953125
3.26953125
3.48046875
3.48046875
3.625
3.5546875
3.5546875
3.5546875
3.234375
3.234375
3.375
3.375
3.33984375
3.33984375
3.41015625
3.41015625
3.375
3.375
3.41015625
3.41015625
3.41015625
3.41015625
3.26953125
3.26953125
3.4453125
3.4453125
3.125
3.125
3.3046875
3.3046875
3.515625
3.515625
3.26953125
3.26953125
3.625
3.625
3.41015625
3.41015625
3.3046875
3.3046875
3.125
3.125
2.94921875
2.94921875
3.16015625
3.16015625
3.234375
3.234375
3.3046875
3.3046875
3.125
3.125
3.19921875
3.19921875
3.08984375
3.08984375
3.33984375
3.33984375
3.33984375
3.33984375
3.19921875
3.19921875
3.01953125
3.01953125
2.8046875
2.8046875
3.16015625
3.16015625
3.19921875
3.19921875
2.8046875
2.8046875
3.125
3.125
2.984375
2.984375
3.01953125
3.01953125
3.234375
3.234375
3.125
3.125
3.26953125
3.26953125
3.08984375
3.08984375
2.94921875
2.94921875
3.125
3.125
3.01953125
3.01953125
3.08984375
3.08984375
2.9140625
2.9140625
2.84375
2.84375
2.8046875
2.8046875
2.8046875
2.8046875
2.94921875
2.94921875
3.19921875
3.19921875
2.984375
2.984375
2.84375
2.84375
3.08984375
3.08984375
2.9140625
2.9140625
2.8046875
2.8046875
2.87890625
2.87890625
3.01953125
3.01953125
2.76953125
2.76953125
3.0546875
3.0546875
3.01953125
3.01953125
2.37890625
2.37890625
2.734375
2.734375
2.734375
2.734375
2.76953125
2.76953125
2.87890625
2.87890625
2.87890625
2.87890625
2.62890625
2.62890625
2.76953125
2.76953125
2.5234375
2.5234375
2.62890625
2.62890625
2.6640625
2.6640625
3.125
3.125
2.734375
2.734375
3.0546875
3.0546875
2.62890625
2.62890625
2.9140625
2.9140625
2.94921875
2.94921875
2.55859375
2.55859375
2.44921875
2.44921875
2.34375
2.34375
2.16796875
2.16796875
1.91796875
1.91796875
2.0234375
2.0234375
37.28515625
37.28515625
-5.6875
-5.6875
2.4140625
2.4140625
4.62109375
4.62109375
4.9765625
4.9765625
7.3203125
7.3203125
9.2421875
9.2421875
3.98046875
3.98046875
0.31640625
0.31640625
-0.24609375
-0.24609375
-1.84765625
-1.84765625
-2.1328125
-2.1328125
0.03515625
0.03515625
1.2421875
1.91796875
1.91796875
1.91796875
2.16796875
2.16796875
2.1328125
2.1328125
1.45703125
1.45703125
1.1015625
1.1015625
0.56640625
0.56640625
0.8515625
0.8515625
0.78125
0.78125
1.27734375
1.27734375
1.73828125
1.73828125
1.703125
1.703125
1.953125
1.953125
2.34375
0
0
0
0
0
0
0
0
0
0
0
0
0
0
0
0
0
0
0
0
0
0
0
0
0
0
0
0
0
0
0
0
0
0
0
0
0
0
0
0
0
0
0
0
0
0
0
