8.6015625
8.6015625
8.1015625
8.45703125
8.38671875
8.38671875
7.99609375
7.99609375
8.84765625
8.84765625
21.57421875
21.57421875
18.625
18.625
17.16796875
17.16796875
14.00390625
14.00390625
13.6484375
13.6484375
13.578125
13.578125
12.72265625
12.72265625
14.39453125
14.39453125
14.25390625
14.25390625
14.0390625
14.0390625
12.40234375
12.40234375
11.125
11.125
10.34375
10.34375
9.9140625
9.9140625
9.1328125
9.1328125
9.87890625
9.87890625
9.73828125
9.73828125
10.4140625
10.4140625
9.0625
9.0625
7.78125
7.78125
7.3203125
7.3203125
6.18359375
6.18359375
4.796875
4.796875
4.76171875
4.76171875
3.8359375
3.8359375
2.8046875
2.8046875
2.05859375
2.05859375
2.30859375
2.30859375
2.6640625
2.6640625
2.23828125
2.23828125
2.16796875
2.16796875
2.59375
2.59375
2.37890625
2.37890625
2.0234375
2.0234375
2.1328125
2.1328125
2.55859375
2.55859375
2.69921875
2.69921875
3.41015625
3.41015625
3.765625
3.765625
3.98046875
3.98046875
4.015625
4.015625
4.0859375
4.0859375
4.30078125
4.30078125
5.15234375
5.15234375
4.83203125
4.83203125
5.08203125
5.08203125
5.7578125
5.7578125
5.61328125
5.61328125
6.359375
6.359375
6.25390625
6.25390625
5.86328125
5.86328125
6.32421875
6.32421875
6.04296875
6.04296875
6.64453125
6.64453125
6.2890625
6.2890625
6.1484375
6.1484375
6.078125
6.078125
5.79296875
5.79296875
6.11328125
6.11328125
6.04296875
6.04296875
6.04296875
6.04296875
6.1484375
6.1484375
5.7578125
5.7578125
5.40234375
5.40234375
5.046875
5.046875
4.9375
4.9375
5.2578125
5.2578125
4.546875
4.546875
4.62109375
4.62109375
4.69140625
4.69140625
4.30078125
4.30078125
3.91015625
3.91015625
3.765625
3.765625
3.4453125
3.4453125
3.4453125
3.4453125
3.41015625
3.41015625
3.19921875
3.19921875
3.0546875
3.0546875
3.5546875
3.5546875
2.94921875
2.94921875
2.4140625
2.4140625
2.4140625
2.4140625
2.84375
2.84375
2.30859375
2.30859375
2.44921875
2.44921875
1.8828125
1.8828125
1.52734375
1.52734375
2.05859375
2.05859375
1.4921875
1.4921875
1.27734375
1.27734375
1.02734375
1.02734375
0.7109375
0.7109375
0.7109375
0.7109375
0.03515625
0.03515625
0.31640625
0.31640625
-0.0703125
-0.0703125
0.17578125
0.17578125
-0.28125
-0.28125
-0.390625
-0.390625
-0.10546875
-0.10546875
0
0
0.0703125
0.0703125
-0.35546875
-0.35546875
-1.59765625
-1.59765625
-1.171875
-1.171875
-0.9921875
-0.9921875
-1.34765625
-1.34765625
-1.421875
-1.421875
-1.3125
-1.3125
-1.59765625
-1.59765625
-1.91796875
-1.91796875
-2.203125
-2.203125
-1.91796875
-1.91796875
-2.5234375
-2.5234375
-2.48828125
-2.48828125
-2.734375
-2.734375
-2.984375
-2.984375
-2.76953125
-2.76953125
-3.33984375
-3.33984375
-3.625
-3.625
-3.58984375
-3.58984375
-3.41015625
-3.41015625
-3.91015625
-3.91015625
-3.6953125
-3.6953125
-3.9453125
-3.9453125
-4.2265625
-4.2265625
-4.58203125
-4.58203125
-4.58203125
-4.58203125
-4.7265625
-4.7265625
-4.65625
-4.65625
-4.62109375
-4.62109375
-4.83203125
-4.83203125
-4.546875
-4.546875
-5.22265625
-5.22265625
-4.83203125
-4.83203125
-4.37109375
-4.37109375
-4.62109375
-4.62109375
-4.8671875
-4.8671875
-4.8671875
-4.8671875
-4.69140625
-4.69140625
-4.83203125
-4.83203125
-4.83203125
-4.83203125
-4.7265625
-4.7265625
-5.01171875
-5.01171875
-4.8671875
-4.8671875
-4.90234375
-4.90234375
-5.5078125
-5.5078125
-5.96875
-5.96875
-5.72265625
-5.72265625
-5.96875
-5.96875
-6.078125
-6.078125
-5.96875
-5.96875
-6.1484375
-6.1484375
-6.57421875
-6.57421875
-6.18359375
-6.18359375
-6.18359375
-6.18359375
-6.82421875
-6.82421875
-6.71484375
-6.71484375
-6.25390625
-6.359375
-6.359375
-6.359375
-6.71484375
-6.71484375
-6.82421875
-6.82421875
-7.03515625
-7.03515625
-7.74609375
-7.74609375
-7.21484375
-7.21484375
-8.24609375
-8.24609375
-7.25
-7.25
-8.4921875
-8.4921875
-7.390625
-7.390625
-8.03125
-8.03125
-7.53515625
-7.53515625
-8.03125
-8.03125
-7.28515625
-7.28515625
-8.6015625
-8.6015625
-8.2109375
-8.03125
-8.03125
-8.03125
-9.09765625
-9.09765625
-8.24609375
-8.24609375
-8.3515625
-8.3515625
-7.85546875
-7.85546875
-8.24609375
-8.24609375
-7.109375
-7.109375
-9.80859375
-9.80859375
-8.421875
-8.421875
-8.4921875
-8.4921875
-7.21484375
-7.21484375
-6.43359375
-6.43359375
-5.47265625
-5.47265625
-7.74609375
-7.74609375
-5.40234375
-5.40234375
-4.19140625
-4.19140625
-3.8359375
-3.8359375
-5.08203125
-5.08203125
-2.37890625
-2.37890625
-3.375
-3.375
-2.55859375
-2.55859375
-3.73046875
-3.73046875
0
0
0
0
0
0
0
0
0
0
0
0
0
0
0
0
0
0
0
0
0
0
0
0
0
0
0
0
0
0
0
0
0
0
0
