0.17578125
0.24609375
0.24609375
0.63671875
0.63671875
0.63671875
0.63671875
0.671875
0.671875
0.390625
0.390625
-0.9921875
-0.9921875
-1.6328125
-1.6328125
-1.421875
-1.421875
-0.921875
-0.921875
-0.42578125
-0.42578125
0.140625
0.140625
-0.03515625
-0.03515625
0.4609375
0.4609375
-0.140625
-0.140625
-1.8828125
-1.8828125
-6.18359375
-6.18359375
-12.6171875
-12.6171875
-14.00390625
-14.00390625
-10.4140625
-10.4140625
-4.9765625
-4.9765625
-1.91796875
-1.91796875
0.78125
0.78125
2.4140625
2.4140625
0.74609375
0.74609375
-1.73828125
-1.73828125
-9.98828125
-9.98828125
-18.19921875
-18.19921875
-22.28515625
-22.28515625
-18.83984375
-18.83984375
-15.8515625
-15.8515625
-15.28515625
-15.28515625
-18.484375
-18.484375
-18.33984375
-18.33984375
-16.03125
-16.03125
-15.88671875
-15.88671875
-16.52734375
-16.52734375
-16.77734375
-16.77734375
-17.09765625
-17.09765625
-17.34375
-17.34375
-17.16796875
-17.16796875
-17.41796875
-17.41796875
-17.0234375
-17.0234375
-16.2421875
-16.2421875
-14.8203125
-14.8203125
-13.93359375
-13.93359375
-12.83203125
-12.83203125
-11.41015625
-11.41015625
-10.5546875
-10.5546875
-9.1328125
-9.1328125
-7.74609375
-7.74609375
-8.2109375
-8.2109375
-6.46875
-6.46875
-5.79296875
-5.79296875
-4.58203125
-4.58203125
-4.015625
-4.015625
-3.73046875
-3.73046875
-3.87109375
-3.87109375
-2.62890625
-2.62890625
-2.59375
-2.59375
-2.6640625
-2.6640625
-2.16796875
-2.16796875
-2.30859375
-2.30859375
-2.4140625
-2.4140625
-1.703125
-1.703125
-1.91796875
-1.91796875
-1.77734375
-1.77734375
-1.8125
-1.8125
-1.953125
-1.953125
-1.953125
-1.953125
-1.91796875
-1.91796875
-1.84765625
-1.84765625
-1.8828125
-1.8828125
-1.91796875
-1.91796875
-1.77734375
-1.77734375
-1.703125
-1.703125
-1.3125
-1.3125
-1.6328125
-1.6328125
-1.2421875
-1.1015625
-1.1015625
-1.1015625
-0.9921875
-0.9921875
-1.02734375
-1.02734375
-0.81640625
-0.81640625
-1.171875
-1.171875
-1.171875
-1.171875
-0.88671875
-0.88671875
-0.53125
-0.53125
-0.9921875
-0.9921875
-1.2421875
-1.2421875
-1.02734375
-1.02734375
-0.8515625
-0.8515625
-0.74609375
-0.74609375
-1.171875
-1.171875
-0.78125
-0.78125
-1.06640625
-1.06640625
-1.02734375
-1.02734375
-1.20703125
-1.20703125
-1.4921875
-1.4921875
-1.421875
-1.421875
-1.1015625
-1.1015625
-1.20703125
-1.20703125
-1.59765625
-1.59765625
-1.52734375
-1.52734375
-1.45703125
-1.45703125
-1.5625
-1.5625
-1.1015625
-1.1015625
-1.5625
-1.5625
-1.3828125
-1.3828125
-1.13671875
-1.13671875
-1.421875
-1.421875
-1.59765625
-1.59765625
-1.5625
-1.5625
-1.421875
-1.421875
-1.52734375
-1.52734375
-1.27734375
-1.27734375
-1.3125
-1.3125
-1.2421875
-1.2421875
-1.3125
-1.3125
-1.20703125
-1.20703125
-1.1015625
-1.1015625
-0.95703125
-0.95703125
-1.13671875
-1.13671875
-1.171875
-1.171875
-0.9921875
-0.9921875
-0.8515625
-0.8515625
-0.88671875
-0.88671875
-0.88671875
-0.74609375
-0.74609375
-0.74609375
-0.78125
-0.78125
-0.74609375
-0.74609375
-0.9921875
-0.9921875
-0.7109375
-0.7109375
-0.74609375
-0.74609375
-0.74609375
-0.74609375
-0.6015625
-0.6015625
-0.74609375
-0.74609375
-0.63671875
-0.63671875
-0.63671875
-0.63671875
-0.56640625
-0.56640625
-0.671875
-0.671875
-0.35546875
-0.35546875
-0.31640625
-0.31640625
-0.4609375
-0.4609375
-0.7109375
-0.7109375
-0.95703125
-0.95703125
-0.63671875
-0.63671875
-0.63671875
-0.63671875
-0.31640625
-0.31640625
-0.671875
-0.671875
-0.53125
-0.53125
-0.671875
-0.671875
-0.53125
-0.53125
-0.390625
-0.390625
-0.4609375
-0.4609375
-0.42578125
-0.42578125
-0.49609375
-0.49609375
-0.31640625
-0.31640625
-0.42578125
-0.42578125
-0.53125
-0.53125
-0.49609375
-0.49609375
-0.35546875
-0.35546875
-0.6015625
-0.6015625
-0.56640625
-0.56640625
-0.42578125
-0.42578125
-0.35546875
-0.35546875
-0.53125
-0.53125
-0.49609375
-0.49609375
-0.74609375
-0.74609375
-0.56640625
-0.56640625
-0.53125
-0.53125
-0.671875
-0.671875
-0.6015625
-0.6015625
-0.24609375
-0.24609375
-0.42578125
-0.42578125
-0.49609375
-0.49609375
-0.63671875
-0.63671875
-0.17578125
-0.17578125
-0.49609375
-0.49609375
-0.390625
-0.390625
-0.31640625
-0.31640625
-0.4609375
-0.4609375
-0.49609375
-0.49609375
-0.35546875
-0.35546875
-0.390625
-0.390625
-0.24609375
-0.24609375
-0.2109375
-0.2109375
-0.140625
-0.140625
-0.24609375
-0.24609375
-0.56640625
-0.56640625
-0.671875
-0.671875
-0.6015625
-0.6015625
-0.49609375
-0.49609375
-0.7109375
-0.7109375
-0.2109375
-0.2109375
-0.390625
-0.390625
-0.4609375
-0.4609375
-0.390625
-0.390625
-0.35546875
-0.35546875
-0.35546875
-0.35546875
-0.390625
-0.390625
-0.31640625
-0.31640625
-0.42578125
-0.42578125
-0.4609375
-0.4609375
-0.6015625
-0.6015625
-0.53125
-0.53125
-0.28125
-0.28125
-0.42578125
-0.42578125
-0.31640625
-0.31640625
-0.390625
-0.390625
-0.2109375
-0.2109375
-0.35546875
-0.35546875
-0.56640625
-0.56640625
-0.56640625
-0.56640625
-0.81640625
-0.81640625
-0.81640625
-0.81640625
-0.81640625
-0.81640625
-1.5625
-1.5625
-1.8125
-1.8125
-1.59765625
-1.59765625
-1.6328125
-1.6328125
-1.52734375
-1.52734375
-1.27734375
-1.27734375
-1.421875
-1.421875
-1.703125
-1.703125
-1.703125
-1.703125
-1.1015625
-1.1015625
-0.9921875
-0.9921875
-1.3828125
-1.3828125
-1.5625
-1.5625
-1.4921875
-1.4921875
-1.1015625
-1.1015625
-0.7109375
-0.7109375
-0.78125
-0.78125
-0.921875
-0.921875
-0.56640625
-0.56640625
-0.31640625
-0.31640625
-0.24609375
0
0
0
0
0
0
0
0
0
0
0
0
0
0
0
0
0
0
0
0
0
0
0
0
0
0
0
0
0
0
0
0
0
0
0
0
0
0
0
0
0
0
0
0
0
0
0
