2.203125
2.203125
1.98828125
1.953125
1.8828125
1.8828125
1.91796875
1.91796875
2.09375
2.09375
2.0234375
2.0234375
0.28125
0.28125
0.7109375
0.7109375
1.27734375
1.27734375
1.4921875
1.4921875
1.421875
1.421875
1.5625
1.5625
1.421875
1.421875
1.66796875
1.66796875
1.421875
1.421875
1.73828125
1.73828125
1.77734375
1.77734375
2.23828125
2.23828125
1.6328125
1.6328125
1.91796875
1.91796875
1.8828125
1.8828125
2.203125
2.203125
2.05859375
2.05859375
1.77734375
1.77734375
1.5625
1.5625
1.59765625
1.59765625
1.13671875
1.13671875
1.2421875
1.2421875
1.27734375
1.27734375
1.02734375
1.02734375
0.56640625
0.56640625
0.4609375
0.4609375
0.56640625
0.56640625
0.671875
0.671875
0.42578125
0.42578125
0.53125
0.53125
0.81640625
0.81640625
0.49609375
0.49609375
0.24609375
0.24609375
0.42578125
0.42578125
0.28125
0.28125
0.140625
0.140625
0.28125
0.28125
0.28125
0.28125
0.49609375
0.49609375
0.7109375
0.7109375
0.8515625
0.8515625
0.7109375
0.7109375
0.78125
0.78125
0.8515625
0.8515625
0.921875
0.921875
0.88671875
0.88671875
0.88671875
0.88671875
0.4609375
0.4609375
0.88671875
0.88671875
0.88671875
0.88671875
0.74609375
0.74609375
0.8515625
0.8515625
0.56640625
0.56640625
0.4609375
0.4609375
0.31640625
0.31640625
0.2109375
0.2109375
0.42578125
0.42578125
0.140625
0.140625
0.140625
0.140625
0.03515625
0.03515625
0
0
-0.2109375
-0.2109375
-0.03515625
-0.03515625
-0.03515625
-0.03515625
-0.2109375
-0.2109375
-0.4609375
-0.4609375
-0.35546875
-0.35546875
-0.56640625
-0.56640625
-0.28125
-0.28125
-0.31640625
-0.31640625
-0.390625
-0.390625
-0.7109375
-0.7109375
-0.9921875
-0.9921875
-0.88671875
-0.88671875
-0.921875
-0.921875
-0.8515625
-0.8515625
-0.78125
-0.78125
-0.88671875
-0.88671875
-1.1015625
-1.1015625
-0.8515625
-0.8515625
-0.8515625
-0.8515625
-1.2421875
-1.2421875
-0.78125
-0.78125
-0.671875
-0.671875
-0.63671875
-0.63671875
-0.921875
-0.921875
-0.95703125
-0.95703125
-0.95703125
-0.95703125
-0.7109375
-0.7109375
-0.7109375
-0.7109375
-0.8515625
-0.8515625
-0.53125
-0.53125
-0.74609375
-0.74609375
-0.42578125
-0.42578125
-0.390625
-0.390625
-0.56640625
-0.56640625
-0.4609375
-0.4609375
-0.24609375
-0.24609375
-0.10546875
-0.10546875
0.2109375
0.2109375
0.35546875
0.35546875
0.42578125
0.42578125
0.35546875
0.35546875
0.53125
0.53125
0.9921875
0.9921875
1.1015625
1.1015625
1.3125
1.3125
2.34375
2.34375
2.23828125
2.23828125
2.4140625
2.4140625
3.125
3.125
3.19921875
3.19921875
4.0859375
4.0859375
4.40625
4.40625
4.40625
4.40625
4.62109375
4.62109375
5.4375
5.4375
5.22265625
5.22265625
5.86328125
5.86328125
5.93359375
5.93359375
6.18359375
6.18359375
6.46875
6.46875
6.7890625
6.7890625
7
7
7.46484375
7.46484375
8.3515625
8.3515625
8.7421875
8.7421875
8.8125
8.8125
9.6328125
9.6328125
10.0234375
10.0234375
9.80859375
9.80859375
10.734375
10.734375
10.37890625
10.37890625
10.875
10.875
11.3359375
11.3359375
11.65625
11.65625
12.15625
12.15625
12.51171875
12.51171875
12.8671875
12.8671875
12.72265625
12.72265625
13.5078125
13.5078125
14.39453125
14.39453125
14.21875
14.21875
14.609375
14.609375
14.71484375
14.71484375
15
15
15.640625
15.640625
15.6015625
15.6015625
15.67578125
15.67578125
15.81640625
15.81640625
16.27734375
16.27734375
16.20703125
16.20703125
16.5625
16.5625
16.70703125
16.70703125
17.1328125
17.1328125
17.9140625
17.9140625
17.59375
17.59375
17.55859375
18.375
18.375
18.375
18.484375
18.484375
19.265625
19.265625
19.9765625
19.9765625
18.375
18.375
18.5546875
18.5546875
18.375
18.375
19.90625
19.90625
18.625
18.625
20.08203125
20.08203125
19.1953125
19.1953125
18.484375
18.484375
19.44140625
19.44140625
18.5546875
18.5546875
18.66015625
18.66015625
18.625
17.84375
17.84375
17.84375
19.265625
19.265625
18.73046875
18.73046875
19.5859375
19.5859375
18.234375
18.234375
10.76953125
10.76953125
18.80078125
18.80078125
11.87109375
11.87109375
15.24609375
15.24609375
15.140625
15.140625
12.0859375
12.0859375
15.17578125
15.17578125
14.1796875
14.1796875
13.0078125
13.0078125
12.72265625
12.72265625
9.98828125
9.98828125
9.0625
9.0625
9.80859375
9.80859375
10.484375
10.484375
10.37890625
10.37890625
4.7265625
4.7265625
8.4921875
8.4921875
0
0
0
0
0
0
0
0
0
0
0
0
0
0
0
0
0
0
0
0
0
0
0
0
0
0
0
0
0
0
0
0
0
0
0
