-1.3125
-1.3125
-1.3828125
-1.13671875
-1.27734375
-1.27734375
-1.20703125
-1.20703125
-1.3828125
-1.3828125
13.46875
13.46875
6.82421875
6.82421875
4.40625
4.40625
7.21484375
7.21484375
5.1171875
5.1171875
4.0859375
4.0859375
5.47265625
5.47265625
5.5078125
5.5078125
4.69140625
4.69140625
5.47265625
5.47265625
4.4765625
4.4765625
4.37109375
4.37109375
3.6953125
3.6953125
2.9140625
2.9140625
2.203125
2.203125
2.48828125
2.48828125
2.203125
2.203125
1.91796875
1.91796875
1.59765625
1.59765625
0
0
-0.10546875
-0.10546875
-0.35546875
-0.35546875
-0.53125
-0.53125
-0.42578125
-0.42578125
-0.2109375
-0.2109375
0.140625
0.140625
-0.0703125
-0.0703125
0.95703125
0.95703125
1.06640625
1.06640625
2.0234375
2.0234375
1.45703125
1.45703125
1.52734375
1.52734375
1.06640625
1.06640625
1.8828125
1.8828125
1.13671875
1.13671875
0.4609375
0.4609375
0.4609375
0.4609375
1.45703125
1.45703125
0.88671875
0.88671875
0.921875
0.921875
0.74609375
0.74609375
0.9921875
0.9921875
1.59765625
1.59765625
1.1015625
1.1015625
0.95703125
0.95703125
1.34765625
1.34765625
1.52734375
1.52734375
1.02734375
1.02734375
1.66796875
1.66796875
1.4921875
1.4921875
1.421875
1.421875
1.3828125
1.3828125
2.05859375
2.05859375
1.703125
1.703125
1.4921875
1.4921875
2.30859375
2.30859375
1.2421875
1.2421875
1.2421875
1.2421875
0.6015625
0.6015625
1.1015625
1.1015625
0.921875
0.921875
1.421875
1.421875
0.56640625
0.56640625
1.13671875
1.13671875
0.42578125
0.42578125
0.78125
0.78125
1.06640625
1.06640625
0.53125
0.53125
0.53125
0.53125
0.35546875
0.35546875
0.0703125
0.0703125
0.10546875
0.10546875
0.4609375
0.4609375
-0.0703125
-0.0703125
-0.10546875
-0.10546875
-0.17578125
-0.17578125
0.0703125
0.0703125
0
0
-0.140625
-0.140625
0
0
-0.24609375
-0.24609375
0.49609375
0.49609375
0.03515625
0.03515625
0.28125
0.28125
0.35546875
0.35546875
-0.2109375
-0.2109375
0.56640625
0.56640625
0.03515625
0.03515625
0.10546875
0.10546875
-0.24609375
-0.24609375
0.2109375
0.2109375
0.17578125
0.17578125
0.63671875
0.63671875
0.53125
0.53125
0.28125
0.28125
0.49609375
0.49609375
0.671875
0.671875
0.2109375
0.2109375
0.49609375
0.49609375
-0.2109375
-0.2109375
0
0
-0.31640625
-0.31640625
-0.03515625
-0.03515625
-2.1328125
-2.1328125
-3.765625
-3.765625
-3.16015625
-3.16015625
-3.234375
-3.234375
-3.9453125
-3.9453125
-3.91015625
-3.91015625
-4.0859375
-4.0859375
-4.9765625
-4.9765625
-5.4375
-5.4375
-5.47265625
-5.47265625
-6.43359375
-6.43359375
-6.71484375
-6.71484375
-7.3203125
-7.3203125
-7.640625
-7.640625
-7.9609375
-7.9609375
-8.70703125
-8.70703125
-9.02734375
-9.02734375
-9.59765625
-9.59765625
-9.80859375
-9.80859375
-10.76953125
-10.76953125
-10.69921875
-10.69921875
-11.23046875
-11.23046875
-11.5859375
-11.5859375
-12.19140625
-12.19140625
-11.48046875
-11.48046875
-12.2265625
-12.2265625
-12.296875
-12.296875
-12.046875
-12.046875
-13.078125
-13.078125
-13.61328125
-13.61328125
-14.14453125
-14.14453125
-14.07421875
-14.07421875
-14.21875
-14.21875
-14.25390625
-14.25390625
-14.64453125
-14.64453125
-15.03515625
-15.03515625
-15.53125
-15.53125
-15.88671875
-15.88671875
-16.77734375
-16.77734375
-17.48828125
-17.48828125
-17.59375
-17.59375
-17.62890625
-17.62890625
-18.12890625
-18.12890625
-18.234375
-18.234375
-18.1640625
-18.1640625
-18.4453125
-18.4453125
-18.41015625
-18.41015625
-18.0546875
-18.0546875
-18.3046875
-18.3046875
-18.765625
-18.765625
-18.80078125
-18.80078125
-19.55078125
-19.55078125
-19.5859375
-19.5859375
-20.15234375
-20.15234375
-19.76171875
-19.76171875
-20.1171875
-20.47265625
-20.47265625
-20.47265625
-19.65625
-19.65625
-20.33203125
-20.33203125
-19.9765625
-19.9765625
-20.046875
-20.046875
-19.44140625
-19.44140625
-19.83203125
-19.83203125
-20.22265625
-20.22265625
-19.015625
-19.015625
-19.69140625
-19.69140625
-19.796875
-19.796875
-20.54296875
-20.54296875
-20.828125
-20.828125
-19.1953125
-19.1953125
-19.76171875
-19.76171875
-19.65625
-18.83984375
-18.83984375
-18.83984375
-19.23046875
-19.23046875
-19.4765625
-19.4765625
-18.19921875
-18.19921875
-18.91015625
-18.91015625
-19.3359375
-19.3359375
-18.08984375
-18.08984375
-12.44140625
-12.44140625
-19.8671875
-19.8671875
-18.83984375
-18.83984375
-19.4765625
-19.4765625
-18.484375
-18.484375
-15.53125
-15.53125
-16.91796875
-16.91796875
-14.32421875
-14.32421875
-17.453125
-17.453125
-16.953125
-16.953125
-15.99609375
-15.99609375
-15.3203125
-15.3203125
-18.234375
-18.234375
-15.81640625
-15.81640625
-15.81640625
-15.81640625
0
0
0
0
0
0
0
0
0
0
0
0
0
0
0
0
0
0
0
0
0
0
0
0
0
0
0
0
0
0
0
0
0
0
0
