-0.28125
-0.17578125
-0.17578125
-0.4609375
-0.4609375
0.03515625
0.03515625
-0.35546875
-0.35546875
-0.24609375
-0.24609375
-0.78125
-0.78125
0.17578125
0.17578125
0.81640625
0.81640625
1.20703125
1.20703125
1.27734375
1.27734375
1.5625
1.5625
0.671875
0.671875
0.17578125
0.17578125
-0.2109375
-0.2109375
-0.7109375
-0.7109375
-0.95703125
-0.95703125
-0.2109375
-0.2109375
9.09765625
9.09765625
14.96484375
14.96484375
22.07421875
22.07421875
26.90625
26.90625
29.4296875
29.4296875
26.08984375
26.08984375
23.6015625
23.6015625
20.86328125
20.86328125
18.625
18.625
17.23828125
17.23828125
15.88671875
15.88671875
19.9765625
19.9765625
23.95703125
23.95703125
24.41796875
24.41796875
25.12890625
25.12890625
25.51953125
25.51953125
25.44921875
25.44921875
24.66796875
24.66796875
23.17578125
23.17578125
19.40625
19.40625
18.3046875
18.3046875
14.890625
14.890625
13.5078125
13.5078125
11.87109375
11.87109375
10.83984375
10.83984375
9.84375
9.84375
9.48828125
9.48828125
9.1328125
9.1328125
8.671875
8.671875
8.4921875
8.4921875
8.28125
8.28125
8.2109375
8.2109375
8.06640625
8.06640625
7.8203125
7.8203125
7.99609375
7.99609375
7.74609375
7.74609375
7.53515625
7.53515625
7.42578125
7.42578125
7.21484375
7.21484375
6.82421875
6.82421875
7.25
7.25
7.67578125
7.67578125
7.3203125
7.3203125
7.390625
7.390625
7.109375
7.109375
7.0703125
7.0703125
7.0703125
7.0703125
6.7890625
6.7890625
7.03515625
7.03515625
6.04296875
6.04296875
5.5078125
5.5078125
5.4375
5.4375
5.08203125
5.08203125
4.90234375
4.90234375
4.4765625
4.4765625
3.87109375
3.87109375
3.87109375
3.87109375
3.01953125
3.01953125
3.16015625
3.16015625
2.87890625
2.87890625
2.94921875
2.76953125
2.76953125
2.76953125
2.59375
2.59375
2.48828125
2.48828125
2.203125
2.203125
2.23828125
2.23828125
1.91796875
1.91796875
2.05859375
2.05859375
2.0234375
2.0234375
1.66796875
1.66796875
2.1328125
2.1328125
2.0234375
2.0234375
1.8828125
1.8828125
2.30859375
2.30859375
2.05859375
2.05859375
1.84765625
1.84765625
1.84765625
1.84765625
1.66796875
1.66796875
1.59765625
1.59765625
1.6328125
1.6328125
1.5625
1.5625
1.4921875
1.4921875
1.8125
1.8125
1.73828125
1.73828125
1.45703125
1.45703125
1.98828125
1.98828125
1.8125
1.8125
1.8828125
1.8828125
1.703125
1.703125
2.2734375
2.2734375
1.73828125
1.73828125
1.91796875
1.91796875
2.0234375
2.0234375
1.98828125
1.98828125
2.09375
2.09375
2.05859375
2.05859375
2.09375
2.09375
2.16796875
2.16796875
2.2734375
2.2734375
2.4140625
2.4140625
2.34375
2.34375
2.34375
2.34375
2.16796875
2.16796875
2.734375
2.734375
2.6640625
2.6640625
2.34375
2.34375
2.59375
2.59375
2.5234375
2.5234375
2.48828125
2.44921875
2.44921875
2.44921875
2.6640625
2.6640625
2.62890625
2.62890625
2.6640625
2.6640625
2.8046875
2.8046875
2.87890625
2.87890625
2.87890625
2.87890625
2.69921875
2.69921875
2.5234375
2.5234375
2.55859375
2.55859375
2.4140625
2.4140625
2.37890625
2.37890625
2.5234375
2.5234375
2.48828125
2.48828125
2.69921875
2.69921875
2.44921875
2.44921875
2.48828125
2.48828125
2.34375
2.34375
2.44921875
2.44921875
2.2734375
2.2734375
2.0234375
2.0234375
2.2734375
2.2734375
2.34375
2.34375
2.34375
2.34375
2.5234375
2.5234375
2.4140625
2.4140625
2.30859375
2.30859375
2.30859375
2.30859375
2.30859375
2.30859375
2.34375
2.34375
2.16796875
2.16796875
2.37890625
2.37890625
2.59375
2.59375
2.62890625
2.62890625
2.23828125
2.23828125
2.44921875
2.44921875
2.37890625
2.37890625
2.2734375
2.2734375
2.6640625
2.6640625
2.30859375
2.30859375
2.16796875
2.16796875
2.16796875
2.16796875
2.23828125
2.23828125
2.23828125
2.23828125
2.37890625
2.37890625
2.203125
2.203125
2.05859375
2.05859375
2.2734375
2.2734375
2.2734375
2.2734375
2.2734375
2.2734375
2.203125
2.203125
2.30859375
2.30859375
2.1328125
2.1328125
2.16796875
2.16796875
2.16796875
2.16796875
1.84765625
1.84765625
1.8828125
1.8828125
1.8125
1.8125
1.98828125
1.98828125
2.09375
2.09375
2.30859375
2.30859375
2.05859375
2.05859375
1.91796875
1.91796875
2.16796875
2.16796875
2.1328125
2.1328125
2.1328125
2.1328125
1.953125
1.953125
1.98828125
1.98828125
1.84765625
1.84765625
1.953125
1.953125
1.77734375
1.77734375
1.953125
1.953125
2.0234375
2.0234375
2.0234375
2.0234375
1.8125
1.8125
1.953125
1.953125
1.91796875
1.91796875
1.953125
1.953125
2.05859375
2.05859375
2.0234375
2.0234375
1.84765625
1.84765625
1.84765625
1.84765625
1.66796875
1.66796875
1.703125
1.703125
1.73828125
1.73828125
1.5625
1.5625
1.8828125
1.8828125
1.66796875
1.66796875
1.77734375
1.77734375
1.98828125
1.98828125
1.3125
1.3125
1.8828125
1.8828125
1.66796875
1.66796875
1.52734375
1.52734375
1.703125
1.703125
1.3828125
1.3828125
1.8125
1.59765625
1.59765625
1.59765625
1.34765625
1.34765625
1.6328125
1.6328125
1.5625
1.5625
1.2421875
1.2421875
1.5625
1.5625
1.3125
1.3125
1.45703125
1.45703125
1.4921875
1.4921875
1.84765625
1.84765625
1.8125
1.8125
2.09375
2.09375
2.203125
0
0
0
0
0
0
0
0
0
0
0
0
0
0
0
0
0
0
0
0
0
0
0
0
0
0
0
0
0
0
0
0
0
0
0
0
0
0
0
0
0
0
0
0
0
0
0
