-0.10546875
-0.17578125
-0.17578125
-0.2109375
-0.2109375
-0.31640625
-0.31640625
0.03515625
0.03515625
0
0
-0.17578125
-0.17578125
0.671875
0.671875
1.98828125
1.98828125
1.421875
1.421875
1.45703125
1.45703125
2.09375
2.09375
2.09375
2.09375
2.203125
2.203125
0
0
-5.72265625
-5.72265625
-4.05078125
-4.05078125
-2.55859375
-2.55859375
-4.3359375
-4.3359375
-5.7578125
-5.7578125
-6.11328125
-6.11328125
-6.18359375
-6.18359375
-4.62109375
-4.62109375
-4.265625
-4.265625
-5.3671875
-5.3671875
-5.8984375
-5.8984375
-5.5078125
-5.5078125
-3.48046875
-3.48046875
-2.44921875
-2.44921875
-2.2734375
-2.2734375
-2.48828125
-2.48828125
-2.1328125
-2.1328125
-1.3828125
-1.3828125
-1.73828125
-1.73828125
-1.953125
-1.953125
-1.91796875
-1.91796875
-2.48828125
-2.48828125
-1.8125
-1.8125
-1.2421875
-1.2421875
-0.95703125
-0.95703125
-0.6015625
-0.6015625
-0.49609375
-0.49609375
-0.42578125
-0.42578125
-0.17578125
-0.17578125
0
0
0.03515625
0.03515625
0.17578125
0.17578125
0
0
0
0
-0.03515625
-0.03515625
0.03515625
0.03515625
-0.0703125
-0.0703125
0.17578125
0.17578125
0.03515625
0.03515625
-0.140625
-0.140625
-0.28125
-0.28125
-0.140625
-0.140625
-0.17578125
-0.17578125
-0.17578125
-0.17578125
-0.7109375
-0.7109375
-0.9921875
-0.9921875
-0.74609375
-0.74609375
-0.56640625
-0.56640625
-0.53125
-0.53125
-0.9921875
-0.9921875
-0.671875
-0.671875
-0.78125
-0.78125
-0.74609375
-0.74609375
-0.63671875
-0.63671875
-0.74609375
-0.74609375
-0.7109375
-0.7109375
-0.56640625
-0.56640625
-0.6015625
-0.6015625
-0.921875
-0.921875
-0.671875
-0.671875
-0.7109375
-0.7109375
-0.78125
-0.78125
-0.8515625
-0.8515625
-0.9921875
-0.8515625
-0.8515625
-0.8515625
-0.8515625
-0.8515625
-1.27734375
-1.27734375
-0.95703125
-0.95703125
-1.1015625
-1.1015625
-0.9921875
-0.9921875
-1.02734375
-1.02734375
-1.06640625
-1.06640625
-1.13671875
-1.13671875
-0.8515625
-0.8515625
-1.13671875
-1.13671875
-1.06640625
-1.06640625
-1.1015625
-1.1015625
-1.13671875
-1.13671875
-1.02734375
-1.02734375
-0.9921875
-0.9921875
-0.74609375
-0.74609375
-0.81640625
-0.81640625
-0.74609375
-0.74609375
-0.74609375
-0.74609375
-0.921875
-0.921875
-0.78125
-0.78125
-0.6015625
-0.6015625
-0.6015625
-0.6015625
-0.78125
-0.78125
-0.81640625
-0.81640625
-0.81640625
-0.81640625
-0.74609375
-0.74609375
-1.02734375
-1.02734375
-0.9921875
-0.9921875
-0.81640625
-0.81640625
-0.9921875
-0.9921875
-0.8515625
-0.8515625
-0.63671875
-0.63671875
-0.63671875
-0.63671875
-0.6015625
-0.6015625
-0.7109375
-0.7109375
-0.6015625
-0.6015625
-0.6015625
-0.6015625
-0.7109375
-0.7109375
-0.56640625
-0.56640625
-0.6015625
-0.6015625
-0.56640625
-0.56640625
-0.56640625
-0.56640625
-0.74609375
-0.74609375
-0.74609375
-0.74609375
-0.7109375
-0.7109375
-0.74609375
-0.6015625
-0.6015625
-0.6015625
-0.78125
-0.78125
-0.6015625
-0.6015625
-0.78125
-0.78125
-0.74609375
-0.74609375
-0.78125
-0.78125
-0.63671875
-0.63671875
-0.53125
-0.53125
-0.53125
-0.53125
-0.56640625
-0.56640625
-0.78125
-0.78125
-0.78125
-0.78125
-0.56640625
-0.56640625
-0.671875
-0.671875
-0.921875
-0.921875
-0.95703125
-0.95703125
-0.9921875
-0.9921875
-0.9921875
-0.9921875
-1.02734375
-1.02734375
-1.1015625
-1.1015625
-1.171875
-1.171875
-0.8515625
-0.8515625
-0.95703125
-0.95703125
-1.13671875
-1.13671875
-0.7109375
-0.7109375
-0.921875
-0.921875
-0.81640625
-0.81640625
-1.27734375
-1.27734375
-1.02734375
-1.02734375
-1.1015625
-1.1015625
-1.421875
-1.421875
-1.5625
-1.5625
-1.13671875
-1.13671875
-1.02734375
-1.02734375
-1.13671875
-1.13671875
-1.13671875
-1.13671875
-1.171875
-1.171875
-1.13671875
-1.13671875
-1.45703125
-1.45703125
-1.1015625
-1.1015625
-1.2421875
-1.2421875
-1.20703125
-1.20703125
-1.02734375
-1.02734375
-1.171875
-1.171875
-0.9921875
-0.9921875
-0.9921875
-0.9921875
-1.13671875
-1.13671875
-1.06640625
-1.06640625
-1.13671875
-1.13671875
-0.88671875
-0.88671875
-1.3125
-1.3125
-1.13671875
-1.13671875
-0.9921875
-0.9921875
-1.171875
-1.171875
-1.1015625
-1.1015625
-0.78125
-0.78125
-0.88671875
-0.88671875
-0.88671875
-0.88671875
-0.95703125
-0.95703125
-0.9921875
-0.9921875
-0.95703125
-0.95703125
-0.95703125
-0.95703125
-1.02734375
-1.02734375
-0.9921875
-0.9921875
-1.02734375
-1.02734375
-1.13671875
-1.13671875
-1.1015625
-1.1015625
-0.78125
-0.78125
-1.1015625
-1.1015625
-1.171875
-1.171875
-0.9921875
-0.9921875
-0.8515625
-0.8515625
-1.06640625
-1.06640625
-1.02734375
-1.02734375
-0.8515625
-0.8515625
-0.95703125
-0.95703125
-0.921875
-0.921875
-0.88671875
-0.88671875
-1.13671875
-1.13671875
-1.06640625
-1.06640625
-0.95703125
-0.95703125
-0.95703125
-0.95703125
-1.1015625
-1.1015625
-1.02734375
-1.02734375
-1.06640625
-1.06640625
-0.6015625
-0.6015625
-0.140625
-0.140625
-1.421875
-1.421875
-2.09375
-2.09375
-0.74609375
-0.74609375
-0.17578125
-0.17578125
0.0703125
0.0703125
-0.49609375
-0.49609375
-2.23828125
-2.23828125
-2.69921875
-2.69921875
-2.05859375
-2.05859375
-1.13671875
-1.59765625
-1.59765625
-1.59765625
-1.45703125
-1.45703125
-1.8125
-1.8125
-1.77734375
-1.77734375
-2.09375
-2.09375
-2.05859375
-2.05859375
-1.84765625
-1.84765625
-1.703125
-1.703125
-1.4921875
-1.4921875
-1.5625
-1.5625
-1.5625
-1.5625
-1.59765625
-1.59765625
-1.77734375
0
0
0
0
0
0
0
0
0
0
0
0
0
0
0
0
0
0
0
0
0
0
0
0
0
0
0
0
0
0
0
0
0
0
0
0
0
0
0
0
0
0
0
0
0
0
0
