0.24609375
0.0703125
0.0703125
0.31640625
0.31640625
1.06640625
1.06640625
1.52734375
1.52734375
2.30859375
2.30859375
9.41796875
9.41796875
8.4921875
8.4921875
7.1796875
7.1796875
6.18359375
6.18359375
5.1875
5.1875
4.9375
4.9375
3.48046875
3.48046875
3.234375
3.234375
3.0546875
3.0546875
3.08984375
3.08984375
3.01953125
3.01953125
2.984375
2.984375
4.12109375
4.12109375
7.5
7.5
7.85546875
7.85546875
5.6484375
5.6484375
4.015625
4.015625
6.89453125
6.89453125
3.9453125
3.9453125
-1.421875
-1.421875
-2.94921875
-2.94921875
-3.515625
-3.515625
-5.046875
-5.046875
-7.28515625
-7.28515625
-7
-7
-8.38671875
-8.38671875
-9.3125
-9.3125
-9.6328125
-9.6328125
-10.51953125
-10.51953125
-10.875
-10.875
-10.9453125
-10.9453125
-10.625
-10.625
-9.1328125
-9.1328125
-7.8203125
-7.8203125
-6.5390625
-6.5390625
-4.9765625
-4.9765625
-3.625
-3.625
-3.9453125
-3.9453125
-1.34765625
-1.34765625
-0.63671875
-0.63671875
0.10546875
0.10546875
0.35546875
0.35546875
0.56640625
0.56640625
0.28125
0.28125
0.671875
0.671875
0.6015625
0.6015625
3.19921875
3.19921875
3.5546875
3.5546875
2.94921875
2.94921875
3.01953125
3.01953125
3.3046875
3.3046875
3.58984375
3.58984375
3.58984375
3.58984375
4.12109375
4.12109375
4.15625
4.15625
4.30078125
4.30078125
4.796875
4.796875
4.58203125
4.58203125
4.69140625
4.69140625
4.7265625
4.7265625
5.1171875
5.1171875
4.83203125
4.83203125
4.83203125
4.83203125
4.62109375
4.62109375
4.546875
4.546875
3.98046875
3.98046875
3.98046875
3.98046875
3.9453125
3.9453125
3.6953125
3.6953125
3.4453125
3.4453125
3.19921875
3.19921875
3.16015625
3.16015625
3.33984375
2.94921875
2.94921875
2.94921875
2.984375
2.984375
2.6640625
2.6640625
2.5234375
2.5234375
2.23828125
2.23828125
2.44921875
2.44921875
2.30859375
2.30859375
2.48828125
2.48828125
2.44921875
2.44921875
2.2734375
2.2734375
2.44921875
2.44921875
2.37890625
2.37890625
2.59375
2.59375
2.203125
2.203125
1.98828125
1.98828125
2.09375
2.09375
2.55859375
2.55859375
2.55859375
2.55859375
2.1328125
2.1328125
2.16796875
2.16796875
2.44921875
2.44921875
2.44921875
2.44921875
1.8828125
1.8828125
2.2734375
2.2734375
1.91796875
1.91796875
2.23828125
2.23828125
2.55859375
2.55859375
2.1328125
2.1328125
2.4140625
2.4140625
2.05859375
2.05859375
2.203125
2.203125
2.30859375
2.30859375
2.0234375
2.0234375
2.62890625
2.62890625
2.84375
2.84375
2.69921875
2.69921875
2.55859375
2.55859375
2.44921875
2.44921875
2.55859375
2.55859375
2.84375
2.84375
2.76953125
2.76953125
2.9140625
2.9140625
2.87890625
2.87890625
3.16015625
3.16015625
2.734375
2.734375
2.8046875
2.8046875
2.87890625
2.87890625
2.984375
2.94921875
2.94921875
2.94921875
2.984375
2.984375
3.0546875
3.0546875
3.0546875
3.0546875
3.19921875
3.19921875
3.375
3.375
3.33984375
3.33984375
3.48046875
3.48046875
3.515625
3.515625
3.41015625
3.41015625
3.58984375
3.58984375
3.73046875
3.73046875
3.48046875
3.48046875
3.80078125
3.80078125
3.6953125
3.6953125
3.80078125
3.80078125
3.8359375
3.8359375
3.9453125
3.9453125
3.87109375
3.87109375
3.9453125
3.9453125
3.80078125
3.80078125
4.015625
4.015625
4.015625
4.015625
3.87109375
3.87109375
3.6953125
3.6953125
3.765625
3.765625
3.80078125
3.80078125
3.80078125
3.80078125
4.0859375
4.0859375
3.625
3.625
3.87109375
3.87109375
3.80078125
3.80078125
3.80078125
3.80078125
3.73046875
3.73046875
3.98046875
3.98046875
3.91015625
3.91015625
3.91015625
3.91015625
3.66015625
3.66015625
4.05078125
4.05078125
4.15625
4.15625
4.19140625
4.19140625
4.2265625
4.2265625
4.30078125
4.30078125
4.05078125
4.05078125
3.98046875
3.98046875
4.15625
4.15625
3.91015625
3.91015625
3.9453125
3.9453125
3.91015625
3.91015625
4.2265625
4.2265625
4.2265625
4.2265625
4.05078125
4.05078125
4.0859375
4.0859375
4.015625
4.015625
3.98046875
3.98046875
4.05078125
4.05078125
4.15625
4.15625
4.40625
4.40625
4.37109375
4.37109375
4.12109375
4.12109375
4.15625
4.15625
4.15625
4.15625
4.12109375
4.12109375
4.015625
4.015625
4.2265625
4.2265625
4.15625
4.15625
4.44140625
4.44140625
4.05078125
4.05078125
4.265625
4.265625
4.015625
4.015625
3.98046875
3.98046875
4.2265625
4.2265625
4.37109375
4.37109375
4.12109375
4.12109375
4.2265625
4.2265625
3.6953125
3.6953125
3.98046875
3.98046875
4.015625
4.015625
4.0859375
4.0859375
4.05078125
4.05078125
4.12109375
4.12109375
4.015625
4.015625
4.15625
4.15625
3.9453125
3.9453125
4.44140625
4.44140625
3.8359375
3.8359375
3.765625
3.765625
3.58984375
3.58984375
4.015625
4.015625
3.125
3.125
3.33984375
3.33984375
3.234375
3.234375
2.48828125
2.48828125
2.16796875
2.16796875
2.84375
2.84375
2.62890625
2.62890625
2.6640625
2.5234375
2.5234375
2.5234375
2.16796875
2.16796875
2.37890625
2.37890625
2.87890625
2.87890625
2.4140625
2.4140625
2.48828125
2.48828125
2.9140625
2.9140625
2.984375
2.984375
3.515625
3.515625
3.5546875
3.5546875
3.5546875
3.5546875
3.98046875
3.98046875
4.2265625
0
0
0
0
0
0
0
0
0
0
0
0
0
0
0
0
0
0
0
0
0
0
0
0
0
0
0
0
0
0
0
0
0
0
0
0
0
0
0
0
0
0
0
0
0
0
0
