5.40234375
5.40234375
5.4375
5.29296875
5.1875
5.1875
5.29296875
5.29296875
5.4375
5.4375
5.08203125
5.08203125
4.83203125
4.83203125
5.01171875
5.01171875
4.546875
4.546875
4.2265625
4.2265625
4.83203125
4.83203125
4.69140625
4.69140625
4.8671875
4.8671875
5.29296875
5.29296875
4.9765625
4.9765625
5.046875
5.046875
6.078125
6.078125
5.8984375
5.8984375
5.96875
5.96875
5.72265625
5.72265625
6.1484375
6.1484375
5.93359375
5.93359375
5.93359375
5.93359375
5.578125
5.578125
5.15234375
5.15234375
4.9765625
4.9765625
4.69140625
4.69140625
4.44140625
4.44140625
4.12109375
4.12109375
3.9453125
3.9453125
3.66015625
3.66015625
3.765625
3.765625
3.515625
3.515625
3.515625
3.515625
3.375
3.375
3.515625
3.515625
3.26953125
3.26953125
3.73046875
3.73046875
3.73046875
3.73046875
3.73046875
3.73046875
4.0859375
4.0859375
4.0859375
4.0859375
4.44140625
4.44140625
4.265625
4.265625
4.30078125
4.30078125
4.3359375
4.3359375
4.12109375
4.12109375
4.4765625
4.4765625
4.76171875
4.76171875
4.4765625
4.4765625
4.83203125
4.83203125
4.30078125
4.30078125
4.37109375
4.37109375
4.37109375
4.37109375
4.015625
4.015625
4.15625
4.15625
4.015625
4.015625
3.6953125
3.6953125
3.8359375
3.8359375
3.48046875
3.48046875
3.41015625
3.41015625
3.66015625
3.66015625
3.33984375
3.33984375
3.33984375
3.33984375
3.19921875
3.19921875
2.87890625
2.87890625
2.84375
2.84375
2.48828125
2.48828125
2.5234375
2.5234375
2.4140625
2.4140625
2.1328125
2.1328125
2.16796875
2.16796875
2.0234375
2.0234375
1.73828125
1.73828125
1.91796875
1.91796875
1.91796875
1.91796875
1.52734375
1.52734375
1.13671875
1.13671875
1.6328125
1.6328125
1.6328125
1.6328125
1.06640625
1.06640625
1.3125
1.3125
1.13671875
1.13671875
1.02734375
1.02734375
0.6015625
0.6015625
0.6015625
0.6015625
0.81640625
0.81640625
0.671875
0.671875
0.8515625
0.8515625
0.671875
0.671875
0.81640625
0.81640625
0.53125
0.53125
0.78125
0.78125
0.7109375
0.7109375
1.02734375
1.02734375
0.95703125
0.95703125
0.9921875
0.9921875
1.3125
1.3125
1.1015625
1.1015625
1.3828125
1.3828125
1.703125
1.703125
1.73828125
1.73828125
1.3125
1.3125
1.4921875
1.4921875
1.5625
1.5625
1.73828125
1.73828125
2.1328125
2.1328125
2.4140625
2.4140625
2.23828125
2.23828125
2.6640625
2.6640625
2.94921875
2.94921875
2.984375
2.984375
3.375
3.375
3.91015625
3.91015625
4.015625
4.015625
3.91015625
3.91015625
4.69140625
4.69140625
4.65625
4.65625
4.796875
4.796875
5.1875
5.1875
5.15234375
5.15234375
5.1875
5.1875
5.54296875
5.54296875
5.93359375
5.93359375
6.2890625
6.2890625
6.71484375
6.71484375
6.96484375
6.96484375
7.60546875
7.60546875
7.78125
7.78125
7.92578125
7.92578125
8.63671875
8.63671875
8.8125
8.8125
9.6328125
9.6328125
8.84765625
8.84765625
9.66796875
9.66796875
9.6328125
9.6328125
9.66796875
9.66796875
10.44921875
10.44921875
10.91015625
10.91015625
10.9453125
10.9453125
12.01171875
12.01171875
12.296875
12.296875
12.83203125
12.83203125
12.40234375
12.40234375
12.83203125
12.83203125
12.51171875
12.51171875
12.97265625
12.97265625
13.46875
13.46875
13.29296875
13.29296875
13.3984375
13.3984375
13.8984375
13.8984375
14.109375
14.109375
15.3203125
15.3203125
14.57421875
14.57421875
14.71484375
14.71484375
15.4609375
15.4609375
15.42578125
15.42578125
15.6015625
15.6015625
15
15
16.7421875
16.7421875
16.59765625
16.59765625
16.7421875
16.7421875
16.6328125
16.6328125
16.84765625
16.2421875
16.2421875
16.2421875
17.80859375
17.80859375
19.23046875
19.23046875
17.984375
17.984375
18.41015625
18.41015625
18.0546875
18.0546875
17.5234375
17.5234375
18.58984375
18.58984375
19.4765625
19.4765625
19.015625
19.015625
18.12890625
18.12890625
19.30078125
19.30078125
17.59375
17.59375
19.0859375
19.0859375
18.0546875
18.0546875
17.23828125
17.453125
17.453125
17.453125
18.33984375
18.33984375
17.69921875
17.69921875
17.69921875
17.69921875
18.12890625
18.12890625
16.13671875
16.13671875
16.98828125
16.98828125
14.78515625
14.78515625
16.5625
16.5625
12.83203125
12.83203125
15.49609375
15.49609375
14.00390625
14.00390625
12.6171875
12.6171875
12.296875
12.296875
11.41015625
11.41015625
11.30078125
11.30078125
11.0546875
11.0546875
9.953125
9.953125
9.703125
9.703125
8.84765625
8.84765625
8.8125
8.8125
8.17578125
8.17578125
0
0
0
0
0
0
0
0
0
0
0
0
0
0
0
0
0
0
0
0
0
0
0
0
0
0
0
0
0
0
0
0
0
0
0
