1.45703125
12.19140625
12.19140625
17.6640625
17.6640625
26.41015625
26.41015625
32.984375
32.984375
35.58203125
35.58203125
34.62109375
34.62109375
31.8828125
31.8828125
30.21484375
30.21484375
25.62890625
25.62890625
22.5
22.5
20.6171875
20.6171875
18.66015625
18.66015625
17.7734375
17.7734375
18.5546875
18.5546875
17.37890625
17.37890625
16.84765625
16.84765625
18.58984375
18.58984375
19.62109375
19.62109375
20.296875
20.296875
21.18359375
21.18359375
20.8984375
20.8984375
20.01171875
20.01171875
18.9453125
18.9453125
19.015625
19.015625
16.953125
16.953125
16.8828125
16.8828125
15.56640625
15.56640625
14.5
14.5
12.65234375
12.65234375
12.296875
12.296875
12.12109375
12.12109375
12.2265625
12.2265625
11.80078125
11.80078125
10.734375
10.734375
10.12890625
10.12890625
11.9765625
11.9765625
13.61328125
13.61328125
14.4296875
14.4296875
17.62890625
17.62890625
18.484375
18.484375
19.1953125
19.1953125
19.44140625
19.44140625
18.83984375
18.83984375
19.05078125
19.05078125
16.3125
16.3125
15.2109375
15.2109375
13.36328125
13.36328125
13.86328125
13.86328125
12.97265625
12.97265625
12.19140625
12.19140625
11.69140625
11.69140625
10.875
10.875
10.58984375
10.58984375
10.1640625
10.1640625
10.5546875
10.5546875
10.4140625
10.4140625
9.98828125
9.98828125
9.953125
9.953125
9.6328125
9.6328125
9.953125
9.953125
9.59765625
9.59765625
9.3125
9.3125
9.34765625
9.34765625
9.27734375
9.27734375
9.09765625
9.09765625
8.88671875
8.88671875
8.53125
8.53125
8.28125
8.28125
8.45703125
8.45703125
8.421875
8.421875
8.13671875
8.13671875
7.890625
7.890625
8.17578125
8.17578125
8.03125
8.03125
7.890625
7.890625
8.1015625
8.1015625
8.28125
8.28125
8.45703125
8.1015625
8.1015625
8.1015625
8.06640625
8.06640625
8.53125
8.53125
8.4921875
8.4921875
8.6015625
8.6015625
8.421875
8.421875
8.38671875
8.38671875
8.4921875
8.4921875
8.38671875
8.38671875
8.3515625
8.3515625
8.53125
8.53125
8.45703125
8.45703125
8.45703125
8.45703125
8.28125
8.28125
8.70703125
8.70703125
8.56640625
8.56640625
8.70703125
8.70703125
8.7421875
8.7421875
8.53125
8.53125
8.53125
8.53125
8.421875
8.421875
8.63671875
8.63671875
8.921875
8.921875
9.1328125
9.1328125
8.95703125
8.95703125
8.95703125
8.95703125
9.09765625
9.09765625
9.3125
9.3125
8.921875
8.921875
8.84765625
8.84765625
9.09765625
9.09765625
9.27734375
9.27734375
8.77734375
8.77734375
9.41796875
9.41796875
8.921875
8.921875
9.1328125
9.1328125
9.0625
9.0625
8.9921875
8.9921875
9.02734375
9.02734375
9.02734375
9.02734375
9.09765625
9.09765625
9.02734375
9.02734375
9.3125
9.3125
9.59765625
9.59765625
9.27734375
9.27734375
9.2421875
9.2421875
9.66796875
9.66796875
9.41796875
9.59765625
9.59765625
9.59765625
9.7734375
9.7734375
9.3828125
9.3828125
9.5234375
9.5234375
9.2421875
9.2421875
9.55859375
9.55859375
9.55859375
9.55859375
9.73828125
9.73828125
9.6328125
9.6328125
9.73828125
9.73828125
9.98828125
9.98828125
10.05859375
10.05859375
10.0234375
10.0234375
9.98828125
9.98828125
10.05859375
10.05859375
10.12890625
10.12890625
10.05859375
10.05859375
10.1640625
10.1640625
10.26953125
10.26953125
10.12890625
10.12890625
10.51953125
10.51953125
10.09375
10.09375
10.5546875
10.5546875
10.51953125
10.51953125
10.37890625
10.37890625
10.4140625
10.4140625
10.44921875
10.44921875
10.37890625
10.37890625
10.1640625
10.1640625
10.34375
10.34375
10.4140625
10.4140625
10.30859375
10.30859375
10.234375
10.234375
10.5546875
10.5546875
10.58984375
10.58984375
10.58984375
10.58984375
10.91015625
10.91015625
10.51953125
10.51953125
10.734375
10.734375
10.875
10.875
10.875
10.875
10.58984375
10.58984375
10.76953125
10.76953125
10.625
10.625
10.5546875
10.5546875
10.44921875
10.44921875
10.44921875
10.44921875
10.8046875
10.8046875
10.58984375
10.58984375
10.625
10.625
10.625
10.625
10.58984375
10.58984375
10.875
10.875
10.76953125
10.76953125
10.91015625
10.91015625
10.98046875
10.98046875
10.875
10.875
10.9453125
10.9453125
11.08984375
11.08984375
11.1953125
11.1953125
11.01953125
11.01953125
11.41015625
11.41015625
10.9453125
10.9453125
11.0546875
11.0546875
10.9453125
10.9453125
10.98046875
10.98046875
11.08984375
11.08984375
10.83984375
10.83984375
11.08984375
11.08984375
11.23046875
11.23046875
11.265625
11.265625
11.0546875
11.0546875
11.265625
11.265625
11.30078125
11.30078125
11.16015625
11.16015625
11.0546875
11.0546875
11.265625
11.265625
10.6640625
10.6640625
11.01953125
11.01953125
11.01953125
11.01953125
11.23046875
11.23046875
11.69140625
11.69140625
11.90625
11.90625
11.80078125
11.80078125
-15.53125
-15.53125
19.94140625
19.94140625
10.6640625
10.6640625
5.828125
5.828125
3.33984375
3.33984375
3.01953125
3.01953125
4.265625
4.265625
5.2578125
5.2578125
6.71484375
6.71484375
8.06640625
8.06640625
8.38671875
8.38671875
9.80859375
9.80859375
10.30859375
10.51953125
10.51953125
10.51953125
11.69140625
11.69140625
11.73046875
11.73046875
11.62109375
11.62109375
11.62109375
11.62109375
11.94140625
11.94140625
12.046875
12.046875
11.90625
11.90625
12.26171875
12.26171875
12.19140625
12.19140625
11.94140625
11.94140625
11.94140625
11.94140625
11.94140625
0
0
0
0
0
0
0
0
0
0
0
0
0
0
0
0
0
0
0
0
0
0
0
0
0
0
0
0
0
0
0
0
0
0
0
0
0
0
0
0
0
0
0
0
0
0
0
