-0.35546875
-0.17578125
-0.17578125
-0.24609375
-0.24609375
-0.28125
-0.28125
-0.4609375
-0.4609375
0
0
-0.390625
-0.390625
0.140625
0.140625
0.63671875
0.63671875
1.421875
1.421875
2.203125
2.203125
2.09375
2.09375
2.0234375
2.0234375
6.32421875
6.32421875
15.49609375
15.49609375
23.56640625
23.56640625
27.9375
27.9375
29.109375
29.109375
24.0625
24.0625
18.66015625
18.66015625
15.28515625
15.28515625
12.4765625
12.4765625
13.0078125
13.0078125
11.87109375
11.87109375
13.86328125
13.86328125
15.53125
15.53125
15.56640625
15.56640625
15.35546875
15.35546875
15.99609375
15.99609375
13.578125
13.578125
12.3671875
12.3671875
11.65625
11.65625
11.62109375
11.62109375
10.05859375
10.05859375
9.80859375
9.80859375
9.59765625
9.59765625
8.70703125
8.70703125
8.77734375
8.77734375
8.38671875
8.38671875
8.31640625
8.31640625
7.5703125
7.5703125
7.35546875
7.35546875
6.859375
6.859375
6.82421875
6.82421875
6.6796875
6.6796875
5.72265625
5.72265625
5.29296875
5.29296875
4.7265625
4.7265625
4.58203125
4.58203125
4.44140625
4.44140625
4.015625
4.015625
3.6953125
3.6953125
4.19140625
4.19140625
4.30078125
4.30078125
4.51171875
4.51171875
4.51171875
4.51171875
4.44140625
4.44140625
4.3359375
4.3359375
4.30078125
4.30078125
4.2265625
4.2265625
4.40625
4.40625
4.51171875
4.51171875
4.62109375
4.62109375
4.44140625
4.44140625
4.40625
4.40625
4.0859375
4.0859375
4.265625
4.265625
4.0859375
4.0859375
4.19140625
4.19140625
4.265625
4.265625
4.51171875
4.51171875
4.7265625
4.7265625
4.83203125
4.83203125
4.8671875
4.8671875
5.1171875
5.1171875
5.08203125
5.08203125
5.33203125
5.33203125
5.47265625
5.47265625
5.6484375
5.6875
5.6875
5.6875
5.6484375
5.6484375
6.078125
6.078125
5.72265625
5.72265625
5.6875
5.6875
6.078125
6.078125
6.04296875
6.04296875
5.96875
5.96875
5.96875
5.96875
6.04296875
6.04296875
6.00390625
6.00390625
5.8984375
5.8984375
6.25390625
6.25390625
6.2890625
6.2890625
6.43359375
6.43359375
6.00390625
6.00390625
6.5390625
6.5390625
6.3984375
6.3984375
6.46875
6.46875
6.7890625
6.7890625
6.71484375
6.71484375
6.46875
6.46875
6.3984375
6.3984375
6.359375
6.359375
6.43359375
6.43359375
6.25390625
6.25390625
6.57421875
6.57421875
6.7890625
6.7890625
6.43359375
6.43359375
6.6796875
6.6796875
6.3984375
6.3984375
6.5390625
6.5390625
6.50390625
6.50390625
6.46875
6.46875
6.46875
6.46875
6.359375
6.359375
6.3984375
6.3984375
6.359375
6.359375
6.5390625
6.5390625
6.3984375
6.3984375
6.5390625
6.5390625
6.3984375
6.3984375
6.3984375
6.3984375
6.359375
6.359375
6.50390625
6.50390625
6.57421875
6.57421875
6.359375
6.359375
6.3984375
6.359375
6.359375
6.359375
6.43359375
6.43359375
6.32421875
6.32421875
6.1484375
6.1484375
6.2890625
6.2890625
6.50390625
6.50390625
6.50390625
6.50390625
6.50390625
6.50390625
6.2890625
6.2890625
6.57421875
6.57421875
6.1484375
6.1484375
6.359375
6.359375
6.2890625
6.2890625
6.25390625
6.25390625
6.21875
6.21875
6.359375
6.359375
6.75390625
6.75390625
6.359375
6.359375
6.57421875
6.57421875
6.50390625
6.50390625
6.6796875
6.6796875
6.5390625
6.5390625
6.50390625
6.50390625
6.46875
6.46875
6.64453125
6.64453125
6.50390625
6.50390625
6.609375
6.609375
6.3984375
6.3984375
6.57421875
6.57421875
6.50390625
6.50390625
6.5390625
6.5390625
6.6796875
6.6796875
6.6796875
6.6796875
6.7890625
6.7890625
6.859375
6.859375
6.50390625
6.50390625
6.82421875
6.82421875
6.96484375
6.96484375
6.75390625
6.75390625
6.859375
6.859375
6.609375
6.609375
6.6796875
6.6796875
6.6796875
6.6796875
6.82421875
6.82421875
7.0703125
7.0703125
6.75390625
6.75390625
6.859375
6.859375
6.9296875
6.9296875
6.75390625
6.75390625
6.6796875
6.6796875
6.9296875
6.9296875
6.89453125
6.89453125
6.96484375
6.96484375
6.96484375
6.96484375
7.109375
7.109375
7.1796875
7.1796875
7.109375
7.109375
7.1796875
7.1796875
7.0703125
7.0703125
6.89453125
6.89453125
7.109375
7.109375
7.1796875
7.1796875
6.82421875
6.82421875
7.03515625
7.03515625
7.03515625
7.03515625
7.25
7.25
7.1796875
7.1796875
7.1796875
7.1796875
7.0703125
7.0703125
7.1796875
7.1796875
7.25
7.25
7.28515625
7.28515625
7.14453125
7.14453125
7.03515625
7.03515625
7.0703125
7.0703125
6.89453125
6.89453125
7
7
7
7
6.7890625
6.7890625
7
7
7.3203125
7.3203125
7.5703125
7.5703125
7.640625
7.640625
7.78125
7.78125
-11.48046875
-11.48046875
13.5078125
13.5078125
7.25
7.25
3.9453125
3.9453125
2.23828125
2.23828125
3.0546875
3.0546875
3.765625
3.765625
4.0859375
4.0859375
5.61328125
5.61328125
6.359375
6.359375
6.609375
6.609375
7.5
7.5
8.38671875
8.06640625
8.06640625
8.06640625
8.421875
8.421875
7.9609375
7.9609375
8.03125
8.03125
8.2109375
8.2109375
8.06640625
8.06640625
8.28125
8.28125
7.9609375
7.9609375
8.03125
8.03125
7.890625
7.890625
7.99609375
7.99609375
8.1015625
8.1015625
7.890625
0
0
0
0
0
0
0
0
0
0
0
0
0
0
0
0
0
0
0
0
0
0
0
0
0
0
0
0
0
0
0
0
0
0
0
0
0
0
0
0
0
0
0
0
0
0
0
