0.74609375
0.56640625
0.56640625
0.2109375
0.2109375
0.10546875
0.10546875
0
0
-1.13671875
-1.13671875
-3.234375
-3.234375
-3.0546875
-3.0546875
-2.62890625
-2.62890625
-3.125
-3.125
-4.8671875
-4.8671875
-4.015625
-4.015625
-3.41015625
-3.41015625
-1.4921875
-1.4921875
-1.1015625
-1.1015625
-0.0703125
-0.0703125
1.59765625
1.59765625
6.71484375
6.71484375
8.84765625
8.84765625
8.06640625
8.06640625
9.953125
9.953125
13.75390625
13.75390625
13.93359375
13.93359375
14.359375
14.359375
14.14453125
14.14453125
14.1796875
14.1796875
15.17578125
15.17578125
16.84765625
16.84765625
17.2734375
17.2734375
14.96484375
14.96484375
14.890625
14.890625
14.5
14.5
15.24609375
15.24609375
15.6015625
15.6015625
15.42578125
15.42578125
13.86328125
13.86328125
12.40234375
12.40234375
12.26171875
12.26171875
11.01953125
11.01953125
10.0234375
10.0234375
8.38671875
8.38671875
7.109375
7.109375
6.00390625
6.00390625
5.54296875
5.54296875
5.1171875
5.1171875
5.01171875
5.01171875
4.62109375
4.62109375
3.33984375
3.33984375
3.6953125
3.6953125
3.91015625
3.91015625
3.5546875
3.5546875
3.48046875
3.48046875
3.3046875
3.3046875
2.984375
2.984375
2.9140625
2.9140625
3.5546875
3.5546875
3.08984375
3.08984375
2.8046875
2.8046875
3.19921875
3.19921875
3.26953125
3.26953125
3.19921875
3.19921875
2.9140625
2.9140625
2.734375
2.734375
3.08984375
3.08984375
2.94921875
2.94921875
2.44921875
2.44921875
2.76953125
2.76953125
2.69921875
2.69921875
2.2734375
2.2734375
2.2734375
2.2734375
2.34375
2.34375
2.09375
2.09375
1.98828125
1.98828125
2.2734375
2.2734375
2.0234375
2.0234375
1.98828125
1.98828125
1.91796875
1.91796875
1.91796875
1.91796875
1.8125
1.8828125
1.8828125
1.8828125
1.953125
1.953125
1.73828125
1.73828125
1.8125
1.8125
1.8828125
1.8828125
1.98828125
1.98828125
2.0234375
2.0234375
1.8125
1.8125
2.09375
2.09375
2.203125
2.203125
2.4140625
2.4140625
2.4140625
2.4140625
2.2734375
2.2734375
2.1328125
2.1328125
2.44921875
2.44921875
2.48828125
2.48828125
2.2734375
2.2734375
2.6640625
2.6640625
2.5234375
2.5234375
2.48828125
2.48828125
2.4140625
2.4140625
2.6640625
2.6640625
2.4140625
2.4140625
2.34375
2.34375
2.30859375
2.30859375
2.30859375
2.30859375
2.59375
2.59375
2.37890625
2.37890625
2.55859375
2.55859375
2.48828125
2.48828125
2.84375
2.84375
2.44921875
2.44921875
2.48828125
2.48828125
2.55859375
2.55859375
2.62890625
2.62890625
2.8046875
2.8046875
2.59375
2.59375
2.87890625
2.87890625
2.84375
2.84375
2.734375
2.734375
2.69921875
2.69921875
3.01953125
3.01953125
3.01953125
3.01953125
2.984375
2.984375
2.9140625
2.9140625
2.6640625
2.6640625
3.125
3.125
2.9140625
2.984375
2.984375
2.984375
3.19921875
3.19921875
3.8359375
3.8359375
3.515625
3.515625
3.625
3.625
3.6953125
3.6953125
3.26953125
3.26953125
3.73046875
3.73046875
3.625
3.625
3.8359375
3.8359375
3.66015625
3.66015625
3.765625
3.765625
3.6953125
3.6953125
3.6953125
3.6953125
3.98046875
3.98046875
4.05078125
4.05078125
3.91015625
3.91015625
4.12109375
4.12109375
4.05078125
4.05078125
4.3359375
4.3359375
4.19140625
4.19140625
4.2265625
4.2265625
4.546875
4.546875
4.265625
4.265625
4.12109375
4.12109375
4.15625
4.15625
4.2265625
4.2265625
4.44140625
4.44140625
4.44140625
4.44140625
4.265625
4.265625
4.2265625
4.2265625
4.015625
4.015625
4.2265625
4.2265625
4.2265625
4.2265625
3.98046875
3.98046875
4.2265625
4.2265625
4.19140625
4.19140625
4.37109375
4.37109375
4.12109375
4.12109375
4.15625
4.15625
3.98046875
3.98046875
4.265625
4.265625
3.9453125
3.9453125
4.40625
4.40625
4.44140625
4.44140625
4.15625
4.15625
4.37109375
4.37109375
4.2265625
4.2265625
4.40625
4.40625
4.30078125
4.30078125
4.265625
4.265625
4.19140625
4.19140625
3.87109375
3.87109375
4.015625
4.015625
4.19140625
4.19140625
3.9453125
3.9453125
4.05078125
4.05078125
4.2265625
4.2265625
4.15625
4.15625
4.19140625
4.19140625
4.12109375
4.12109375
4.19140625
4.19140625
4.15625
4.15625
4.265625
4.265625
4.265625
4.265625
4.12109375
4.12109375
4.2265625
4.2265625
4.19140625
4.19140625
4.2265625
4.2265625
3.98046875
3.98046875
4.2265625
4.2265625
4.15625
4.15625
4.0859375
4.0859375
3.8359375
3.8359375
3.98046875
3.98046875
3.765625
3.765625
4.3359375
4.3359375
4.265625
4.265625
4.3359375
4.3359375
4.2265625
4.2265625
4.30078125
4.30078125
4.3359375
4.3359375
4.265625
4.265625
4.19140625
4.19140625
4.05078125
4.05078125
3.58984375
3.58984375
4.37109375
4.37109375
4.05078125
4.05078125
4.40625
4.40625
3.125
3.125
3.4453125
3.4453125
3.4453125
3.4453125
3.73046875
3.73046875
3.9453125
3.9453125
4.05078125
4.05078125
3.73046875
3.73046875
3.87109375
3.765625
3.765625
3.765625
3.9453125
3.9453125
3.58984375
3.58984375
4.015625
4.015625
4.2265625
4.2265625
4.2265625
4.2265625
4.0859375
4.0859375
4.4765625
4.4765625
4.4765625
4.4765625
4.265625
4.265625
4.15625
4.15625
4.3359375
4.3359375
4.30078125
0
0
0
0
0
0
0
0
0
0
0
0
0
0
0
0
0
0
0
0
0
0
0
0
0
0
0
0
0
0
0
0
0
0
0
0
0
0
0
0
0
0
0
0
0
0
0
