1.59765625
1.59765625
0.8515625
1.45703125
1.13671875
1.13671875
1.20703125
1.20703125
1.1015625
1.1015625
16.7421875
16.7421875
11.80078125
11.80078125
11.65625
11.65625
8.4921875
8.4921875
7.640625
7.640625
8.88671875
8.88671875
9.2421875
9.2421875
9.34765625
9.34765625
11.5859375
11.5859375
10.9453125
10.9453125
9.7734375
9.7734375
8.70703125
8.70703125
7.60546875
7.60546875
6.609375
6.609375
5.8984375
5.8984375
5.93359375
5.93359375
6.609375
6.609375
6.3984375
6.3984375
5.4375
5.4375
4.015625
4.015625
2.8046875
2.8046875
2.23828125
2.23828125
1.45703125
1.45703125
2.05859375
2.05859375
1.91796875
1.91796875
1.8125
1.8125
2.76953125
2.76953125
3.26953125
3.26953125
3.3046875
3.3046875
3.625
3.625
3.375
3.375
3.625
3.625
3.625
3.625
4.015625
4.015625
4.2265625
4.2265625
4.0859375
4.0859375
4.51171875
4.51171875
3.9453125
3.9453125
4.546875
4.546875
4.90234375
4.90234375
4.51171875
4.51171875
4.796875
4.796875
4.796875
4.796875
5.33203125
5.33203125
4.9375
4.9375
4.546875
4.546875
5.54296875
5.54296875
5.08203125
5.08203125
5.2578125
5.2578125
5.61328125
5.61328125
5.47265625
5.47265625
5.7578125
5.7578125
5.8984375
5.8984375
5.6875
5.6875
5.7578125
5.7578125
5.15234375
5.15234375
5.54296875
5.54296875
4.8671875
4.8671875
4.9765625
4.9765625
4.58203125
4.58203125
4.62109375
4.62109375
4.83203125
4.83203125
4.265625
4.265625
4.15625
4.15625
4.015625
4.015625
4.05078125
4.05078125
3.98046875
3.98046875
3.8359375
3.8359375
3.41015625
3.41015625
3.125
3.125
3.73046875
3.73046875
2.8046875
2.8046875
2.09375
2.09375
2.55859375
2.55859375
2.37890625
2.37890625
2.4140625
2.4140625
2.23828125
2.23828125
2.34375
2.34375
1.73828125
1.73828125
1.953125
1.953125
2.0234375
2.0234375
2.16796875
2.16796875
1.8828125
1.8828125
1.84765625
1.84765625
1.4921875
1.4921875
1.6328125
1.6328125
1.6328125
1.6328125
1.8125
1.8125
1.4921875
1.4921875
1.3828125
1.3828125
1.84765625
1.84765625
1.34765625
1.34765625
1.3828125
1.3828125
1.171875
1.171875
1.3125
1.3125
1.27734375
1.27734375
1.27734375
1.27734375
0.28125
0.28125
0.390625
0.390625
0.35546875
0.35546875
-0.0703125
-0.0703125
-0.28125
-0.28125
0.140625
0.140625
-0.390625
-0.390625
-0.53125
-0.53125
-1.73828125
-1.73828125
-2.0234375
-2.0234375
-2.09375
-2.09375
-2.5234375
-2.5234375
-2.76953125
-2.76953125
-3.48046875
-3.48046875
-3.8359375
-3.8359375
-3.41015625
-3.41015625
-4.40625
-4.40625
-4.62109375
-4.62109375
-5.40234375
-5.40234375
-5.72265625
-5.72265625
-6.6796875
-6.6796875
-6.75390625
-6.75390625
-7.21484375
-7.21484375
-7.78125
-7.78125
-8.06640625
-8.06640625
-8.28125
-8.28125
-8.70703125
-8.70703125
-9.3125
-9.3125
-9.453125
-9.453125
-10.26953125
-10.26953125
-10.0234375
-10.0234375
-10.6640625
-10.6640625
-10.69921875
-10.69921875
-10.734375
-10.734375
-11.41015625
-11.41015625
-11.1953125
-11.1953125
-11.765625
-11.765625
-11.3359375
-11.3359375
-11.23046875
-11.23046875
-11.94140625
-11.94140625
-12.7578125
-12.7578125
-13.46875
-13.46875
-14.0390625
-14.0390625
-14.14453125
-14.14453125
-14.85546875
-14.85546875
-15.03515625
-15.03515625
-15.6015625
-15.6015625
-14.96484375
-14.96484375
-15.3203125
-15.3203125
-15.67578125
-15.67578125
-15.67578125
-15.67578125
-16.13671875
-16.13671875
-15.640625
-15.640625
-16.171875
-16.171875
-16.03125
-16.03125
-16.84765625
-16.84765625
-17.09765625
-17.09765625
-17.0234375
-17.0234375
-17.41796875
-17.41796875
-17.34375
-17.34375
-17.6640625
-17.6640625
-17.6640625
-16.953125
-16.953125
-16.953125
-17.48828125
-17.48828125
-18.5546875
-18.5546875
-18.41015625
-18.41015625
-17.37890625
-17.37890625
-17.9140625
-17.9140625
-17.09765625
-17.09765625
-17.55859375
-17.55859375
-18.12890625
-18.12890625
-17.9140625
-17.9140625
-18.12890625
-18.12890625
-17.59375
-17.59375
-16.84765625
-16.84765625
-17.1328125
-17.1328125
-18.41015625
-18.41015625
-17.41796875
-18.375
-18.375
-18.375
-18.58984375
-18.58984375
-17.6640625
-17.6640625
-20.01171875
-20.01171875
-18.0546875
-18.0546875
-19.0859375
-19.0859375
-16.70703125
-16.70703125
-17.87890625
-17.87890625
-17.87890625
-17.87890625
-18.19921875
-18.19921875
-20.22265625
-20.22265625
-17.41796875
-17.41796875
-17.0625
-17.0625
-16.5625
-16.5625
-16.45703125
-16.45703125
-17.55859375
-17.55859375
-8.8125
-8.8125
-15.4609375
-15.4609375
-16.52734375
-16.52734375
-17.6640625
-17.6640625
-15.03515625
-15.03515625
-14.78515625
-14.78515625
0
0
0
0
0
0
0
0
0
0
0
0
0
0
0
0
0
0
0
0
0
0
0
0
0
0
0
0
0
0
0
0
0
0
0
