11.23046875
11.23046875
11.08984375
11.375
11.125
11.125
11.3359375
11.3359375
11.125
11.125
10.44921875
10.44921875
7.35546875
7.35546875
8.8125
8.8125
8.95703125
8.95703125
8.7421875
8.7421875
8.6015625
8.6015625
8.8125
8.8125
8.84765625
8.84765625
8.8125
8.8125
9.203125
9.203125
9.9140625
9.9140625
10.26953125
10.26953125
10.44921875
10.44921875
10.484375
10.484375
11.3359375
11.3359375
11.1953125
11.1953125
11.765625
11.765625
12.40234375
12.40234375
12.90234375
12.90234375
13.3984375
13.3984375
13.46875
13.46875
13.8984375
13.8984375
13.61328125
13.61328125
13.96875
13.96875
13.6484375
13.6484375
13.96875
13.96875
13.68359375
13.68359375
14.25390625
14.25390625
13.75390625
13.75390625
13.46875
13.46875
13.6484375
13.6484375
13.29296875
13.29296875
13.11328125
13.11328125
12.8671875
12.8671875
12.72265625
12.72265625
12.6875
12.6875
12.33203125
12.33203125
12.4765625
12.4765625
12.3671875
12.3671875
12.01171875
12.01171875
12.046875
12.046875
12.19140625
12.19140625
11.62109375
11.62109375
11.48046875
11.48046875
11.125
11.125
11.08984375
11.08984375
11.01953125
11.01953125
10.6640625
10.6640625
10.69921875
10.69921875
10.484375
10.484375
10.484375
10.484375
9.953125
9.953125
9.55859375
9.55859375
9.3828125
9.3828125
9.203125
9.203125
9.16796875
9.16796875
8.671875
8.671875
8.84765625
8.84765625
8.421875
8.421875
8.13671875
8.13671875
7.99609375
7.99609375
8.03125
8.03125
7.46484375
7.46484375
7.390625
7.390625
7.46484375
7.46484375
7.109375
7.109375
7.14453125
7.14453125
6.89453125
6.89453125
6.57421875
6.57421875
6.2890625
6.2890625
6.1484375
6.1484375
5.79296875
5.79296875
5.7578125
5.7578125
5.5078125
5.5078125
5.1875
5.1875
5.1171875
5.1171875
4.83203125
4.83203125
4.69140625
4.69140625
4.265625
4.265625
3.625
3.625
3.8359375
3.8359375
3.73046875
3.73046875
3.33984375
3.33984375
3.26953125
3.26953125
3.0546875
3.0546875
2.84375
2.84375
2.94921875
2.94921875
2.59375
2.59375
2.84375
2.84375
2.48828125
2.48828125
2.30859375
2.30859375
2.5234375
2.5234375
2.16796875
2.16796875
2.30859375
2.30859375
2.1328125
2.1328125
2.16796875
2.16796875
1.91796875
1.91796875
1.84765625
1.84765625
1.98828125
1.98828125
2.23828125
2.23828125
2.1328125
2.1328125
2.59375
2.59375
2.05859375
2.05859375
2.1328125
2.1328125
1.8828125
1.8828125
2.203125
2.203125
2.37890625
2.37890625
2.2734375
2.2734375
1.8828125
1.8828125
1.953125
1.953125
1.73828125
1.73828125
1.59765625
1.59765625
1.52734375
1.52734375
1.4921875
1.4921875
1.13671875
1.13671875
1.02734375
1.02734375
0.921875
0.921875
0.95703125
0.95703125
1.06640625
1.06640625
0.88671875
0.88671875
0.81640625
0.81640625
0.53125
0.53125
0.10546875
0.10546875
0.24609375
0.24609375
0.35546875
0.35546875
0.31640625
0.31640625
0.390625
0.390625
0.35546875
0.35546875
0.10546875
0.10546875
0.6015625
0.6015625
0.2109375
0.2109375
0
0
0.42578125
0.42578125
-0.2109375
-0.2109375
0.35546875
0.35546875
-0.03515625
-0.03515625
0.140625
0.140625
0.24609375
0.24609375
-0.03515625
-0.03515625
0.31640625
0.31640625
-0.10546875
-0.10546875
0.2109375
0.2109375
0.24609375
0.24609375
0.81640625
0.81640625
-0.0703125
-0.0703125
-0.31640625
-0.31640625
0.31640625
0.31640625
0.78125
0.78125
0.28125
0.28125
0.63671875
0.63671875
0.81640625
0.81640625
0.8515625
0.8515625
1.1015625
1.1015625
0.8515625
0.8515625
0.95703125
0.95703125
0.7109375
0.7109375
0.8515625
0.8515625
1.73828125
1.73828125
0.95703125
0.78125
0.78125
0.78125
1.73828125
1.73828125
0.95703125
0.95703125
1.5625
1.5625
1.27734375
1.27734375
1.13671875
1.13671875
0.2109375
0.2109375
1.66796875
1.66796875
1.45703125
1.45703125
0.95703125
0.95703125
1.8125
1.8125
0.921875
0.921875
1.91796875
1.91796875
-0.10546875
-0.10546875
0.8515625
0.8515625
0.4609375
0.53125
0.53125
0.53125
0.42578125
0.42578125
0.28125
0.28125
0.140625
0.140625
0.671875
0.671875
-1.703125
-1.703125
-0.74609375
-0.74609375
-0.53125
-0.53125
-0.2109375
-0.2109375
0.63671875
0.63671875
-0.31640625
-0.31640625
0.63671875
0.63671875
-0.671875
-0.671875
-1.27734375
-1.27734375
-1.59765625
-1.59765625
-1.13671875
-1.13671875
0
0
0.10546875
0.10546875
0.42578125
0.42578125
2.0234375
2.0234375
-0.10546875
-0.10546875
0.56640625
0.56640625
0
0
0
0
0
0
0
0
0
0
0
0
0
0
0
0
0
0
0
0
0
0
0
0
0
0
0
0
0
0
0
0
0
0
0
