2.203125
2.203125
1.98828125
2.09375
2.203125
2.203125
2.23828125
2.23828125
2.23828125
2.23828125
1.8828125
1.8828125
1.59765625
1.59765625
1.06640625
1.06640625
0.7109375
0.7109375
0.10546875
0.10546875
0.28125
0.28125
0.28125
0.28125
0.390625
0.390625
0.49609375
0.49609375
0.53125
0.53125
0.63671875
0.63671875
0.49609375
0.49609375
0.17578125
0.17578125
0.28125
0.28125
0
0
0.2109375
0.2109375
0.0703125
0.0703125
0
0
0.0703125
0.0703125
0.0703125
0.0703125
0
0
-0.24609375
-0.24609375
0
0
-0.31640625
-0.31640625
0.24609375
0.24609375
0.49609375
0.49609375
0.28125
0.28125
0.10546875
0.10546875
0.03515625
0.03515625
0
0
0.24609375
0.24609375
0.0703125
0.0703125
0.28125
0.28125
-0.140625
-0.140625
0.140625
0.140625
0.03515625
0.03515625
0.03515625
0.03515625
0.35546875
0.35546875
0.390625
0.390625
0.35546875
0.35546875
0.10546875
0.10546875
0.2109375
0.2109375
0.0703125
0.0703125
0.390625
0.390625
0.28125
0.28125
0.28125
0.28125
0.390625
0.390625
0.4609375
0.4609375
0.390625
0.390625
0.35546875
0.35546875
0.4609375
0.4609375
0.7109375
0.7109375
0.4609375
0.4609375
0.4609375
0.4609375
0.31640625
0.31640625
0.4609375
0.4609375
0.63671875
0.63671875
0.4609375
0.4609375
0.31640625
0.31640625
0.56640625
0.56640625
0.63671875
0.63671875
0.35546875
0.35546875
0.53125
0.53125
0.31640625
0.31640625
0.49609375
0.49609375
0.28125
0.28125
0.35546875
0.35546875
0.56640625
0.56640625
0.4609375
0.4609375
0.6015625
0.6015625
0.78125
0.78125
0.49609375
0.49609375
0.42578125
0.42578125
0.42578125
0.42578125
0.49609375
0.49609375
0.53125
0.53125
0.53125
0.53125
0.6015625
0.6015625
0.31640625
0.31640625
0.81640625
0.81640625
0.81640625
0.81640625
0.53125
0.53125
0.671875
0.671875
1.02734375
1.02734375
1.13671875
1.13671875
1.1015625
1.1015625
1.13671875
1.13671875
1.02734375
1.02734375
1.20703125
1.20703125
1.13671875
1.13671875
0.8515625
0.8515625
1.1015625
1.1015625
1.2421875
1.2421875
1.1015625
1.1015625
1.13671875
1.13671875
1.3828125
1.3828125
1.59765625
1.59765625
1.5625
1.5625
1.2421875
1.2421875
1.59765625
1.59765625
2.0234375
2.0234375
1.953125
1.953125
1.45703125
1.45703125
1.3828125
1.3828125
1.59765625
1.59765625
1.77734375
1.77734375
1.8125
1.8125
2.0234375
2.0234375
1.84765625
1.84765625
2.16796875
2.16796875
2.4140625
2.4140625
2.55859375
2.55859375
2.62890625
2.62890625
2.94921875
2.94921875
2.9140625
2.9140625
2.94921875
2.94921875
3.3046875
3.3046875
3.41015625
3.41015625
3.66015625
3.66015625
3.73046875
3.73046875
3.6953125
3.6953125
4.15625
4.15625
3.98046875
3.98046875
3.9453125
3.9453125
3.91015625
3.91015625
3.8359375
3.8359375
3.87109375
3.87109375
3.9453125
3.9453125
3.98046875
3.98046875
3.8359375
3.8359375
3.8359375
3.8359375
3.98046875
3.98046875
3.5546875
3.5546875
3.80078125
3.80078125
4.05078125
4.05078125
4.12109375
4.12109375
3.87109375
3.87109375
3.515625
3.515625
3.73046875
3.73046875
3.4453125
3.4453125
3.26953125
3.26953125
3.4453125
3.4453125
3.125
3.125
3.16015625
3.16015625
2.9140625
2.9140625
2.5234375
2.5234375
2.44921875
2.44921875
2.34375
2.34375
2.48828125
2.48828125
2.16796875
2.16796875
2.2734375
2.2734375
2.30859375
2.30859375
2.16796875
2.16796875
2.44921875
2.44921875
2.30859375
2.30859375
2.16796875
2.16796875
2.23828125
2.23828125
2.23828125
2.23828125
1.8828125
1.84765625
1.84765625
1.84765625
1.703125
1.703125
1.1015625
1.1015625
1.34765625
1.34765625
1.06640625
1.06640625
1.20703125
1.20703125
0.28125
0.28125
0.74609375
0.74609375
0.28125
0.28125
0.0703125
0.0703125
0.140625
0.140625
-0.28125
-0.28125
0.17578125
0.17578125
0
0
-0.390625
-0.390625
-0.2109375
-0.2109375
-0.2109375
-0.2109375
-0.24609375
-0.24609375
-0.2109375
-0.2109375
-0.390625
-0.390625
-0.6015625
-0.6015625
-0.9921875
-0.9921875
-1.52734375
-1.52734375
-1.703125
-1.703125
-2.0234375
-2.0234375
-2.734375
-2.734375
-2.44921875
-2.44921875
-3.0546875
-3.0546875
-2.76953125
-2.76953125
-2.84375
-2.84375
-3.26953125
-3.26953125
-2.8046875
-2.8046875
-2.9140625
-2.9140625
-3.234375
-3.234375
-3.375
-3.375
-3.375
-3.375
-2.94921875
-2.94921875
-3.375
-3.375
0
0
0
0
0
0
0
0
0
0
0
0
0
0
0
0
0
0
0
0
0
0
0
0
0
0
0
0
0
0
0
0
0
0
0
