4.51171875
4.51171875
4.40625
4.19140625
4.40625
4.40625
4.44140625
4.44140625
4.40625
4.40625
4.37109375
4.37109375
-1.13671875
-1.13671875
0.88671875
0.88671875
2.2734375
2.2734375
2.55859375
2.55859375
2.34375
2.34375
1.98828125
1.98828125
2.55859375
2.55859375
2.34375
2.34375
2.0234375
2.0234375
3.125
3.125
3.765625
3.765625
4.19140625
4.19140625
3.98046875
3.98046875
4.58203125
4.58203125
5.15234375
5.15234375
5.3671875
5.3671875
5.96875
5.96875
6.7890625
6.7890625
7.42578125
7.42578125
8.1015625
8.1015625
8.53125
8.53125
9.2421875
9.2421875
8.9921875
8.9921875
9.48828125
9.48828125
10.12890625
10.12890625
9.953125
9.953125
10.625
10.625
10.625
10.625
10.98046875
10.98046875
11.94140625
11.94140625
12.33203125
12.33203125
12.2265625
12.2265625
12.12109375
12.12109375
11.4453125
11.4453125
11.69140625
11.69140625
12.19140625
12.19140625
12.2265625
12.2265625
12.26171875
12.26171875
12.33203125
12.33203125
12.0859375
12.0859375
12.40234375
12.40234375
12.33203125
12.33203125
12.0859375
12.0859375
12.26171875
12.26171875
12.6171875
12.6171875
12.58203125
12.58203125
12.796875
12.796875
12.7578125
12.7578125
12.83203125
12.83203125
11.94140625
11.94140625
12.26171875
12.26171875
12.046875
12.046875
12.44140625
12.44140625
12.046875
12.046875
11.80078125
11.80078125
12.26171875
12.26171875
11.90625
11.90625
11.4453125
11.4453125
10.9453125
10.9453125
11.01953125
11.01953125
10.734375
10.734375
10.4140625
10.4140625
10.1640625
10.1640625
9.80859375
9.80859375
9.9140625
9.9140625
9.55859375
9.55859375
9.66796875
9.66796875
9.2421875
9.2421875
8.8125
8.8125
9.0625
9.0625
8.45703125
8.45703125
8.28125
8.28125
8.28125
8.28125
8.17578125
8.17578125
7.9609375
7.9609375
7.640625
7.640625
7.5703125
7.5703125
7.35546875
7.35546875
7.109375
7.109375
6.89453125
6.89453125
6.609375
6.609375
6.2890625
6.2890625
6.00390625
6.00390625
5.72265625
5.72265625
5.72265625
5.72265625
5.15234375
5.15234375
5.08203125
5.08203125
5.33203125
5.33203125
4.58203125
4.58203125
4.65625
4.65625
4.40625
4.40625
4.05078125
4.05078125
4.015625
4.015625
3.625
3.625
3.625
3.625
3.26953125
3.26953125
3.375
3.375
3.48046875
3.48046875
3.48046875
3.48046875
3.41015625
3.41015625
3.3046875
3.3046875
3.01953125
3.01953125
2.76953125
2.76953125
3.375
3.375
2.94921875
2.94921875
2.87890625
2.87890625
2.9140625
2.9140625
2.94921875
2.94921875
2.76953125
2.76953125
2.84375
2.84375
2.984375
2.984375
2.76953125
2.76953125
2.76953125
2.76953125
2.84375
2.84375
2.30859375
2.30859375
2.34375
2.34375
2.203125
2.203125
2.34375
2.34375
1.91796875
1.91796875
1.953125
1.953125
1.98828125
1.98828125
1.59765625
1.59765625
1.3828125
1.3828125
1.4921875
1.4921875
1.45703125
1.45703125
1.02734375
1.02734375
1.06640625
1.06640625
0.95703125
0.95703125
0.7109375
0.7109375
0.88671875
0.88671875
0.49609375
0.49609375
1.27734375
1.27734375
0.74609375
0.74609375
1.13671875
1.13671875
1.27734375
1.27734375
0.81640625
0.81640625
1.27734375
1.27734375
1.52734375
1.52734375
1.13671875
1.13671875
0.8515625
0.8515625
1.8828125
1.8828125
1.5625
1.5625
1.45703125
1.45703125
1.421875
1.421875
1.20703125
1.20703125
1.77734375
1.77734375
1.66796875
1.66796875
1.5625
1.5625
2.09375
2.09375
2.6640625
2.6640625
2.5234375
2.5234375
2.62890625
2.62890625
2.34375
2.34375
2.734375
2.734375
2.62890625
2.62890625
2.76953125
2.76953125
3.625
3.625
2.34375
2.16796875
2.16796875
2.16796875
3.73046875
3.73046875
3.375
3.375
3.6953125
3.6953125
3.33984375
3.33984375
2.8046875
2.8046875
1.98828125
1.98828125
5.3671875
5.3671875
3.58984375
3.58984375
3.3046875
3.3046875
2.69921875
2.69921875
4.4765625
4.4765625
3.33984375
3.33984375
2.734375
2.734375
2.6640625
2.6640625
2.48828125
2.09375
2.09375
2.09375
2.6640625
2.6640625
2.55859375
2.55859375
1.73828125
1.73828125
0.921875
0.921875
0.17578125
0.17578125
1.59765625
1.59765625
2.9140625
2.9140625
2.984375
2.984375
1.703125
1.703125
2.984375
2.984375
0.390625
0.390625
-0.42578125
-0.42578125
-0.9921875
-0.9921875
0.35546875
0.35546875
-0.35546875
-0.35546875
0.63671875
0.63671875
0.4609375
0.4609375
-1.06640625
-1.06640625
-1.5625
-1.5625
-0.42578125
-0.42578125
-1.13671875
-1.13671875
0
0
0
0
0
0
0
0
0
0
0
0
0
0
0
0
0
0
0
0
0
0
0
0
0
0
0
0
0
0
0
0
0
0
0
