-0.42578125
-0.81640625
-0.81640625
-0.31640625
-0.31640625
-0.390625
-0.390625
-0.17578125
-0.17578125
-0.2109375
-0.2109375
0.74609375
0.74609375
2.6640625
2.6640625
4.796875
4.796875
6.75390625
6.75390625
9.48828125
9.48828125
11.65625
11.65625
11.30078125
11.30078125
12.15625
12.15625
18.73046875
18.73046875
36.5390625
36.5390625
35.97265625
35.97265625
36.6484375
36.6484375
35.47265625
35.47265625
34.76171875
34.76171875
34.90625
34.90625
36.46875
36.46875
35.33203125
35.33203125
24.91796875
24.91796875
21.078125
21.078125
26.73046875
26.73046875
34.8359375
34.8359375
37.28515625
37.28515625
36.7890625
36.7890625
36.89453125
36.89453125
29.71484375
29.71484375
25.6640625
25.6640625
22.4296875
22.4296875
21.18359375
21.18359375
22.14453125
22.14453125
22.3203125
22.3203125
22.890625
22.890625
22.3203125
22.3203125
20.65234375
20.65234375
18.1640625
18.1640625
16.70703125
16.70703125
15.640625
15.640625
14.53515625
14.53515625
14.109375
14.109375
13.2578125
13.2578125
12.83203125
12.83203125
12.26171875
12.26171875
12.046875
12.046875
11.80078125
11.80078125
11.48046875
11.48046875
10.734375
10.734375
9.953125
9.953125
9.09765625
9.09765625
8.77734375
8.77734375
8.1015625
8.1015625
7.640625
7.640625
7.03515625
7.03515625
6.859375
6.859375
6.359375
6.359375
6.00390625
6.00390625
5.6875
5.6875
5.40234375
5.40234375
5.1875
5.1875
5.046875
5.046875
4.9375
4.9375
4.76171875
4.76171875
4.9375
4.9375
4.9765625
4.9765625
4.69140625
4.69140625
4.65625
4.65625
4.8671875
4.8671875
4.7265625
4.7265625
4.40625
4.40625
4.546875
4.546875
4.2265625
4.2265625
4.19140625
4.19140625
4.2265625
4.2265625
3.6953125
3.6953125
3.41015625
3.41015625
3.41015625
3.41015625
3.515625
3.515625
3.26953125
3.26953125
2.94921875
2.94921875
2.5234375
2.5234375
2.62890625
2.62890625
2.34375
2.34375
2.4140625
2.4140625
2.37890625
2.37890625
2.8046875
2.8046875
2.59375
2.59375
2.5234375
2.5234375
2.76953125
2.76953125
2.984375
2.984375
2.734375
2.734375
2.69921875
2.69921875
2.76953125
2.76953125
2.9140625
2.9140625
3.4453125
3.4453125
3.58984375
3.58984375
3.80078125
3.80078125
3.4453125
3.4453125
4.015625
4.015625
3.9453125
3.9453125
3.87109375
3.87109375
4.265625
4.265625
3.80078125
3.80078125
4.15625
4.15625
4.265625
4.265625
4.40625
4.40625
4.05078125
4.05078125
4.15625
4.15625
4.37109375
4.37109375
4.19140625
4.19140625
4.265625
4.265625
4.265625
4.265625
4.51171875
4.51171875
4.265625
4.265625
4.44140625
4.44140625
4.12109375
4.12109375
4.62109375
4.62109375
4.265625
4.265625
4.37109375
4.37109375
4.58203125
4.58203125
4.30078125
4.30078125
4.62109375
4.62109375
4.51171875
4.51171875
4.4765625
4.37109375
4.37109375
4.37109375
4.58203125
4.58203125
4.4765625
4.4765625
4.3359375
4.3359375
4.37109375
4.37109375
4.44140625
4.44140625
4.44140625
4.44140625
4.19140625
4.19140625
4.3359375
4.3359375
4.0859375
4.0859375
4.40625
4.40625
4.58203125
4.58203125
4.40625
4.40625
4.30078125
4.30078125
4.19140625
4.19140625
4.37109375
4.37109375
4.65625
4.65625
4.44140625
4.44140625
4.40625
4.40625
4.44140625
4.44140625
4.30078125
4.30078125
4.15625
4.15625
4.2265625
4.2265625
3.9453125
3.9453125
4.19140625
4.19140625
4.05078125
4.05078125
3.9453125
3.9453125
4.3359375
4.3359375
4.37109375
4.37109375
4.05078125
4.05078125
4.546875
4.546875
4.58203125
4.58203125
4.4765625
4.4765625
4.4765625
4.4765625
4.19140625
4.19140625
4.3359375
4.3359375
4.37109375
4.37109375
4.19140625
4.19140625
4.44140625
4.44140625
4.265625
4.265625
4.2265625
4.2265625
4.15625
4.15625
4.37109375
4.37109375
4.265625
4.265625
4.265625
4.265625
4.19140625
4.19140625
4.015625
4.015625
4.05078125
4.05078125
4.0859375
4.0859375
4.30078125
4.30078125
4.19140625
4.19140625
4.0859375
4.0859375
4.51171875
4.51171875
4.51171875
4.51171875
4.015625
4.015625
4.546875
4.546875
4.265625
4.265625
4.19140625
4.19140625
4.265625
4.265625
4.3359375
4.3359375
4.40625
4.40625
4.265625
4.265625
4.19140625
4.19140625
4.2265625
4.2265625
4.19140625
4.19140625
4.12109375
4.12109375
3.98046875
3.98046875
4.15625
4.15625
4.15625
4.15625
4.37109375
4.37109375
4.2265625
4.2265625
4.3359375
4.3359375
3.98046875
3.98046875
4.12109375
4.12109375
4.15625
4.15625
3.98046875
3.98046875
4.0859375
4.0859375
4.0859375
4.0859375
4.15625
4.15625
4.3359375
4.3359375
4.05078125
4.05078125
4.265625
4.265625
4.65625
4.65625
4.015625
4.015625
4.19140625
4.19140625
4.015625
4.015625
3.8359375
3.8359375
3.98046875
3.98046875
3.87109375
3.87109375
3.6953125
3.6953125
3.91015625
3.91015625
3.625
3.625
3.4453125
3.4453125
3.0546875
3.0546875
3.375
3.375
3.3046875
3.3046875
3.41015625
3.41015625
3.41015625
3.41015625
3.66015625
3.66015625
3.625
3.625
3.4453125
3.4453125
3.73046875
3.73046875
3.87109375
3.87109375
3.91015625
3.91015625
3.80078125
3.80078125
3.8359375
3.8359375
3.8359375
3.8359375
4.40625
4.40625
4.546875
4.546875
4.40625
0
0
0
0
0
0
0
0
0
0
0
0
0
0
0
0
0
0
0
0
0
0
0
0
0
0
0
0
0
0
0
0
0
0
0
0
0
0
0
0
0
0
0
0
0
0
0
