0.24609375
-0.10546875
-0.10546875
-3.58984375
-3.58984375
-8.6015625
-8.6015625
-9.66796875
-9.66796875
-8.63671875
-8.63671875
-2.59375
-2.59375
-3.4453125
-3.4453125
-5.828125
-5.828125
-9.6328125
-9.6328125
-7.9609375
-7.9609375
-3.5546875
-3.5546875
-1.6328125
-1.6328125
-0.8515625
-0.8515625
4.44140625
4.44140625
8.03125
8.03125
8.45703125
8.45703125
8.56640625
8.56640625
6.6796875
6.6796875
10.234375
10.234375
13.15234375
13.15234375
12.72265625
12.72265625
11.55078125
11.55078125
11.41015625
11.41015625
7.35546875
7.35546875
-1.02734375
-1.02734375
-2.76953125
-2.76953125
-2.2734375
-2.2734375
-2.23828125
-2.23828125
-6.32421875
-6.32421875
-3.48046875
-3.48046875
-1.59765625
-1.59765625
1.02734375
1.02734375
1.59765625
1.59765625
1.3828125
1.3828125
2.76953125
2.76953125
-0.03515625
-0.03515625
-0.9921875
-0.9921875
-3.08984375
-3.08984375
-2.84375
-2.84375
-2.76953125
-2.76953125
-2.37890625
-2.37890625
-1.52734375
-1.52734375
-0.671875
-0.671875
0.31640625
0.31640625
0.0703125
0.0703125
-0.140625
-0.140625
0
0
0.7109375
0.7109375
1.27734375
1.27734375
1.5625
1.5625
0.49609375
0.49609375
1.1015625
1.1015625
1.13671875
1.13671875
0.9921875
0.9921875
2.6640625
2.6640625
3.515625
3.515625
2.48828125
2.48828125
4.015625
4.015625
4.30078125
4.30078125
3.87109375
3.87109375
4.83203125
4.83203125
4.83203125
4.83203125
5.08203125
5.08203125
5.578125
5.578125
5.1875
5.1875
5.72265625
5.72265625
5.01171875
5.01171875
5.08203125
5.08203125
5.33203125
5.33203125
5.2578125
5.2578125
5.08203125
5.08203125
5.1875
5.1875
5.08203125
5.08203125
4.58203125
4.58203125
4.7265625
4.7265625
4.69140625
4.69140625
4.58203125
4.58203125
4.3359375
4.265625
4.265625
4.265625
4.05078125
4.05078125
4.0859375
4.0859375
3.98046875
3.98046875
4.3359375
4.3359375
3.66015625
3.66015625
3.41015625
3.41015625
3.19921875
3.19921875
3.5546875
3.5546875
3.08984375
3.08984375
3.234375
3.234375
2.94921875
2.94921875
3.0546875
3.0546875
3.375
3.375
3.19921875
3.19921875
3.125
3.125
3.33984375
3.33984375
3.3046875
3.3046875
3.125
3.125
3.234375
3.234375
3.33984375
3.33984375
3.41015625
3.41015625
3.375
3.375
3.16015625
3.16015625
3.41015625
3.41015625
3.08984375
3.08984375
3.33984375
3.33984375
3.375
3.375
3.33984375
3.33984375
3.515625
3.515625
3.58984375
3.58984375
3.5546875
3.5546875
3.4453125
3.4453125
3.33984375
3.33984375
3.3046875
3.3046875
3.375
3.375
3.6953125
3.6953125
3.515625
3.515625
3.26953125
3.26953125
3.73046875
3.73046875
3.5546875
3.5546875
3.625
3.625
3.6953125
3.6953125
3.9453125
3.9453125
3.765625
3.765625
3.73046875
3.73046875
3.73046875
3.73046875
3.66015625
3.625
3.625
3.625
3.58984375
3.58984375
3.6953125
3.6953125
3.66015625
3.66015625
3.375
3.375
3.625
3.625
3.66015625
3.66015625
3.80078125
3.80078125
3.5546875
3.5546875
3.4453125
3.4453125
3.41015625
3.41015625
3.125
3.125
3.41015625
3.41015625
2.984375
2.984375
3.19921875
3.19921875
3.01953125
3.01953125
3.33984375
3.33984375
3.26953125
3.26953125
3.01953125
3.01953125
3.375
3.375
3.3046875
3.3046875
3.125
3.125
3.0546875
3.0546875
3.26953125
3.26953125
3.125
3.125
3.234375
3.234375
3.234375
3.234375
3.16015625
3.16015625
2.84375
2.84375
3.0546875
3.0546875
2.984375
2.984375
2.8046875
2.8046875
3.08984375
3.08984375
2.984375
2.984375
3.16015625
3.16015625
3.3046875
3.3046875
3.0546875
3.0546875
2.87890625
2.87890625
3.16015625
3.16015625
3.0546875
3.0546875
2.87890625
2.87890625
2.87890625
2.87890625
2.62890625
2.62890625
3.01953125
3.01953125
3.19921875
3.19921875
3.0546875
3.0546875
2.69921875
2.69921875
3.234375
3.234375
2.9140625
2.9140625
3.4453125
3.4453125
2.984375
2.984375
3.01953125
3.01953125
3.08984375
3.08984375
2.84375
2.84375
3.08984375
3.08984375
2.62890625
2.62890625
3.26953125
3.26953125
2.984375
2.984375
2.9140625
2.9140625
2.87890625
2.87890625
3.19921875
3.19921875
3.08984375
3.08984375
3.375
3.375
3.234375
3.234375
3.375
3.375
2.9140625
2.9140625
3.0546875
3.0546875
3.125
3.125
3.234375
3.234375
3.234375
3.234375
3.515625
3.515625
3.19921875
3.19921875
3.125
3.125
3.19921875
3.19921875
3.234375
3.234375
3.58984375
3.58984375
3.515625
3.515625
3.375
3.375
3.515625
3.515625
2.984375
2.984375
2.734375
2.734375
2.6640625
2.6640625
2.55859375
2.55859375
35.19140625
35.19140625
-6.11328125
-6.11328125
3.33984375
3.33984375
4.9765625
4.9765625
5.61328125
5.61328125
9.453125
9.453125
8.03125
8.03125
2.5234375
2.5234375
1.3828125
1.3828125
-0.10546875
-0.10546875
-2.09375
-2.09375
-0.4609375
-0.4609375
0.49609375
0.49609375
1.34765625
2.984375
2.984375
2.984375
3.765625
3.765625
2.69921875
2.69921875
2.94921875
2.94921875
2.203125
2.203125
1.66796875
1.66796875
1.4921875
1.4921875
1.1015625
1.1015625
1.4921875
1.4921875
1.953125
1.953125
2.5234375
2.5234375
2.34375
2.34375
2.48828125
0
0
0
0
0
0
0
0
0
0
0
0
0
0
0
0
0
0
0
0
0
0
0
0
0
0
0
0
0
0
0
0
0
0
0
0
0
0
0
0
0
0
0
0
0
0
0
