   4.0011784e-03
   1.1066976e+00
  -1.0875533e+00
   8.6641755e-03
   1.0887324e+00
  -1.0888100e+00
   6.4281385e-04
   1.0549355e+00
  -1.1244086e+00
   2.0118054e-03
   1.0588790e+00
  -1.1184829e+00
  -2.5072917e-02
   5.5107004e-01
  -2.5656676e-01
  -2.0603258e-02
   5.4708141e-01
  -2.6708947e-01
  -2.9280880e-02
   4.0477411e-01
  -1.2972573e-01
  -2.8247949e-02
   4.1946115e-01
  -1.3804020e-01
   1.5119851e-01
   1.4422851e+00
  -2.5641534e+00
  -8.4101827e-02
   1.3996587e+00
  -2.4980497e+00
   1.1464777e-01
   1.5531320e+00
  -2.8733127e+00
  -5.1916812e-02
   1.5190059e+00
  -2.8835805e+00
  -2.4873986e-02
   6.6367606e-01
  -8.3937941e-01
  -2.4224434e-02
   6.7357931e-01
  -8.8878912e-01
  -1.6571594e-02
   5.5165100e-01
  -6.4840432e-01
  -3.8932218e-02
   5.7390126e-01
  -6.5147093e-01
   2.8730774e-02
   1.0482270e+00
  -1.9394721e+00
  -2.2969777e-02
   1.0362839e+00
  -1.9253621e+00
   2.0965808e-02
   1.0541655e+00
  -2.0000299e+00
  -1.8963977e-02
   1.0472990e+00
  -2.0052522e+00
   5.1673597e-04
   9.9795488e-01
  -2.0969846e+00
  -8.0782526e-04
   9.9684996e-01
  -2.0969431e+00
  -1.0614306e-03
   9.9695102e-01
  -2.0971265e+00
  -4.7241199e-03
   9.9693126e-01
  -2.0971305e+00
