   1.3746913e-07
   1.0501898e+00
  -2.0010000e+00
  -1.9998579e-03
   1.0190521e+00
  -2.0009999e+00
   1.9999615e-03
   1.0010001e+00
  -2.1008231e+00
  -1.9998266e-03
   1.0010000e+00
  -2.1033660e+00
   5.6269657e-02
   1.5234367e+00
  -2.0777138e+00
   5.3408284e-02
   1.4888375e+00
  -2.0707637e+00
   5.8108594e-02
   1.5465418e+00
  -2.2706758e+00
   5.2930848e-02
   1.5393299e+00
  -2.2513567e+00
  -1.6474430e-01
   1.4577383e+00
  -1.7315894e+00
  -1.6854270e-01
   1.4164497e+00
  -1.7134763e+00
  -1.7357108e-01
   1.6128390e+00
  -1.9802884e+00
  -1.7837470e-01
   1.5868645e+00
  -1.9543904e+00
   1.6776152e-01
   2.3923025e+00
  -2.5876203e+00
   1.6230196e-01
   2.3522763e+00
  -2.6170598e+00
   1.6876509e-01
   2.4138270e+00
  -2.6332999e+00
   1.6111204e-01
   2.3968093e+00
  -2.6311708e+00
   4.2949609e-02
   1.7692816e+00
  -2.0831229e+00
   3.7941700e-02
   1.7361736e+00
  -2.0727926e+00
   3.5605327e-02
   1.8377960e+00
  -2.3162197e+00
   2.9571928e-02
   1.8243282e+00
  -2.2931112e+00
   6.8503185e-03
   1.1022335e+00
  -1.0834888e+00
   3.5351020e-03
   1.0859835e+00
  -1.0845936e+00
  -1.0457417e-03
   1.0555533e+00
  -1.1199452e+00
  -5.1127841e-03
   1.0559828e+00
  -1.1140083e+00
