  -9.9970957e-04
   1.0000003e+00
  -2.1000003e+00
   9.9977034e-04
   1.0000001e+00
  -2.1000003e+00
   9.9998758e-04
   1.0000007e+00
  -2.1000001e+00
  -9.9998483e-04
   1.0000000e+00
  -2.1000001e+00
  -1.3341449e-03
   1.0099220e+00
  -2.1162925e+00
   6.9307951e-04
   1.0101347e+00
  -2.1166360e+00
   6.1598775e-04
   1.0099024e+00
  -2.1162481e+00
  -1.4123995e-03
   1.0101482e+00
  -2.1166658e+00
  -1.5364223e-03
   1.0174293e+00
  -2.1331272e+00
   5.2086798e-04
   1.0178918e+00
  -2.1338873e+00
   3.5970581e-04
   1.0157961e+00
  -2.1295501e+00
  -1.6936733e-03
   1.0163266e+00
  -2.1304616e+00
  -1.7208585e-03
   1.0223396e+00
  -2.1505781e+00
   3.6811039e-04
   1.0230535e+00
  -2.1517826e+00
   1.3702053e-04
   1.0173942e+00
  -2.1397808e+00
  -1.9381628e-03
   1.0182047e+00
  -2.1411988e+00
  -1.7952567e-03
   1.0247210e+00
  -2.1686503e+00
   3.2656875e-04
   1.0257046e+00
  -2.1703642e+00
   3.5847204e-05
   1.0150707e+00
  -2.1474156e+00
  -2.0599801e-03
   1.0161763e+00
  -2.1493987e+00
  -1.9108944e-03
   1.0241826e+00
  -2.1873643e+00
   2.4476768e-04
   1.0254267e+00
  -2.1895772e+00
  -1.0872786e-04
   1.0085526e+00
  -2.1521411e+00
  -2.2248307e-03
   1.0099495e+00
  -2.1546876e+00
