-0.6015625
-0.35546875
-0.35546875
-0.31640625
-0.31640625
-0.42578125
-0.42578125
-0.671875
-0.671875
-0.2109375
-0.2109375
0.10546875
0.10546875
-0.0703125
-0.0703125
0.4609375
0.4609375
1.73828125
1.73828125
0.42578125
0.42578125
-0.31640625
-0.31640625
-0.42578125
-0.42578125
-0.49609375
-0.49609375
-1.06640625
-1.06640625
-0.56640625
-0.56640625
-0.78125
-0.78125
6.50390625
6.50390625
14.25390625
14.25390625
18.01953125
18.01953125
21.328125
21.328125
22.21484375
22.21484375
18.08984375
18.08984375
17.16796875
17.16796875
13.68359375
13.68359375
12.0859375
12.0859375
12.046875
12.046875
11.5859375
11.5859375
12.15625
12.15625
13.578125
13.578125
16.03125
16.03125
18.51953125
18.51953125
21.89453125
21.89453125
25.0234375
25.0234375
24.2421875
24.2421875
27.4765625
27.4765625
27.76171875
27.76171875
25.5546875
25.5546875
25.4140625
25.4140625
19.9765625
19.9765625
18.234375
18.234375
16.3515625
16.3515625
15.640625
15.640625
14.71484375
14.71484375
14.71484375
14.71484375
13.22265625
13.22265625
11.90625
11.90625
10.58984375
10.58984375
8.7421875
8.7421875
8.03125
8.03125
6.5390625
6.5390625
4.7265625
4.7265625
5.1171875
5.1171875
2.62890625
2.62890625
2.62890625
2.62890625
0.81640625
0.81640625
0.81640625
0.28125
-0.4609375
-0.4609375
-0.17578125
-0.17578125
-0.63671875
-0.63671875
-0.95703125
-0.95703125
-0.28125
-0.28125
-0.49609375
-0.49609375
-0.2109375
-0.2109375
-0.56640625
-0.56640625
-0.390625
-0.390625
-0.31640625
-0.31640625
-0.0703125
-0.0703125
-0.17578125
-0.17578125
-0.03515625
-0.03515625
-0.2109375
-0.2109375
0
0
-0.17578125
-0.17578125
-0.140625
-0.140625
-0.24609375
-0.24609375
-0.35546875
-0.35546875
-0.0703125
-0.0703125
-0.28125
-0.28125
-0.4609375
-0.4609375
-0.31640625
-0.31640625
-0.10546875
-0.10546875
-0.49609375
-0.49609375
-0.31640625
-0.31640625
-0.24609375
-0.24609375
-0.17578125
-0.17578125
-0.28125
-0.28125
-0.31640625
-0.31640625
-0.56640625
-0.56640625
-0.42578125
-0.42578125
-0.17578125
-0.17578125
-0.31640625
-0.31640625
-0.31640625
-0.31640625
-0.17578125
-0.17578125
-0.28125
-0.28125
-0.28125
-0.28125
-0.390625
-0.390625
-0.390625
-0.390625
-0.2109375
-0.2109375
-0.53125
-0.53125
-0.140625
-0.140625
-0.140625
-0.140625
-0.35546875
-0.35546875
-0.31640625
-0.31640625
-0.17578125
-0.17578125
-0.6015625
-0.6015625
-0.35546875
-0.35546875
-0.4609375
-0.4609375
-0.8515625
-0.8515625
-0.56640625
-0.56640625
-0.7109375
-0.7109375
-0.35546875
-0.35546875
-0.28125
-0.28125
-0.28125
-0.28125
-0.4609375
-0.4609375
-0.2109375
-0.2109375
-0.390625
-0.390625
-0.4609375
-0.4609375
-0.4609375
-0.4609375
-0.63671875
-0.63671875
-0.63671875
-0.63671875
-0.63671875
-0.49609375
-0.7109375
-0.7109375
-0.31640625
-0.31640625
-0.81640625
-0.81640625
-0.53125
-0.53125
-0.6015625
-0.6015625
-0.671875
-0.671875
-0.671875
-0.671875
-0.49609375
-0.49609375
-0.63671875
-0.63671875
-0.6015625
-0.6015625
-0.921875
-0.921875
-0.390625
-0.390625
-0.49609375
-0.49609375
-0.28125
-0.28125
-0.24609375
-0.24609375
-0.53125
-0.53125
-0.390625
-0.390625
-0.63671875
-0.63671875
-0.88671875
-0.88671875
-0.56640625
-0.56640625
-0.4609375
-0.4609375
-0.671875
-0.671875
-0.390625
-0.390625
-0.49609375
-0.49609375
-0.10546875
-0.10546875
-0.0703125
-0.0703125
0.63671875
0.63671875
2.05859375
2.05859375
3.19921875
3.19921875
2.984375
2.984375
5.1875
5.1875
4.76171875
4.76171875
5.8984375
5.8984375
6.11328125
6.11328125
5.6484375
5.6484375
6.11328125
6.11328125
6.2890625
6.2890625
6.18359375
6.18359375
5.7578125
5.7578125
5.7578125
5.7578125
5.22265625
5.22265625
5.6875
5.6875
5.33203125
5.33203125
5.40234375
5.40234375
4.69140625
4.69140625
5.08203125
5.08203125
5.01171875
5.01171875
5.01171875
5.01171875
4.9375
4.9375
4.9375
4.9375
5.22265625
5.22265625
4.9765625
4.9765625
4.9375
4.9375
4.69140625
4.69140625
4.76171875
4.76171875
4.65625
4.65625
4.44140625
4.44140625
4.58203125
4.58203125
4.15625
4.15625
4.51171875
4.51171875
4.265625
4.265625
4.265625
4.265625
4.2265625
4.2265625
4.015625
3.9453125
3.9453125
3.9453125
3.91015625
3.91015625
3.6953125
3.6953125
3.6953125
3.6953125
3.80078125
3.80078125
3.87109375
3.87109375
3.58984375
3.58984375
3.80078125
3.80078125
3.515625
3.515625
3.515625
3.515625
3.66015625
3.66015625
3.66015625
3.66015625
3.6953125
3.6953125
3.66015625
3.66015625
3.5546875
3.5546875
3.234375
3.234375
3.125
3.125
3.33984375
3.33984375
0
0
0
0
0
0
0
0
0
0
0
0
0
0
0
0
0
0
0
0
0
0
0
0
0
0
0
0
0
0
0
0
0
0
0
0
0
0
0
0
0
0
0
0
0
0
0
0
0
0
0
0
0
0
0
0
0
0
0
0
0
0
0
0
0
0
0
0
0
0
0
0
0
0
0
0
0
0
0
0
0
0
0
0
0
0
0
0
0
0
0
0
0
0
0
0
0
0
0
0
0
0
0
0
0
0
0
0
0
0
0
0
0
0
