-0.140625
0.140625
0.140625
3.98046875
3.98046875
6.359375
6.359375
3.8359375
3.8359375
1.59765625
1.59765625
11.375
11.375
10.8046875
10.8046875
14.359375
14.359375
13.04296875
13.04296875
14.109375
14.109375
13.11328125
13.11328125
12.7578125
12.7578125
12.6875
12.6875
10.30859375
10.30859375
9.3125
9.3125
9.953125
9.953125
10.05859375
10.05859375
8.4921875
8.4921875
6.96484375
6.96484375
7.53515625
7.53515625
5.40234375
5.40234375
5.79296875
5.79296875
5.72265625
5.72265625
5.72265625
5.72265625
5.61328125
5.61328125
5.93359375
5.93359375
7.640625
7.640625
8.13671875
8.13671875
9.453125
9.453125
10.5546875
10.5546875
10.875
10.875
11.08984375
11.08984375
9.953125
9.953125
9.55859375
9.55859375
8.9921875
8.9921875
7.35546875
7.35546875
6.25390625
6.25390625
5.4375
5.4375
5.29296875
5.29296875
4.9765625
4.9765625
4.51171875
4.51171875
4.2265625
4.2265625
4.796875
4.796875
4.265625
4.265625
4.62109375
4.62109375
4.4765625
4.4765625
4.83203125
4.83203125
5.01171875
5.01171875
5.22265625
5.22265625
5.828125
5.828125
5.828125
5.828125
6.00390625
6.00390625
5.54296875
5.54296875
5.54296875
5.54296875
4.8671875
4.8671875
4.8671875
4.62109375
4.19140625
4.19140625
3.3046875
3.3046875
3.234375
3.234375
2.09375
2.09375
2.23828125
2.23828125
1.13671875
1.13671875
0.6015625
0.6015625
0.6015625
0.6015625
-0.2109375
-0.2109375
0.140625
0.140625
0.671875
0.671875
0.140625
0.140625
0.53125
0.53125
0.42578125
0.42578125
0.671875
0.671875
0.24609375
0.24609375
0
0
0.03515625
0.03515625
0.42578125
0.42578125
0.390625
0.390625
0.31640625
0.31640625
0.31640625
0.31640625
0.0703125
0.0703125
-0.10546875
-0.10546875
0.03515625
0.03515625
-0.10546875
-0.10546875
0
0
-0.03515625
-0.03515625
-0.10546875
-0.10546875
0
0
-0.10546875
-0.10546875
0.31640625
0.31640625
0.10546875
0.10546875
0.10546875
0.10546875
0.56640625
0.56640625
0.0703125
0.0703125
0.17578125
0.17578125
0.17578125
0.17578125
0.03515625
0.03515625
0.03515625
0.03515625
0.17578125
0.17578125
0.10546875
0.10546875
0.0703125
0.0703125
0.24609375
0.24609375
-0.0703125
-0.0703125
0.03515625
0.03515625
0.10546875
0.10546875
0.03515625
0.03515625
-0.28125
-0.28125
-0.42578125
-0.42578125
-0.03515625
-0.03515625
0.17578125
0.17578125
0.03515625
0.03515625
0.140625
0.140625
0.03515625
0.03515625
-0.0703125
-0.0703125
0.17578125
0.17578125
-0.03515625
-0.03515625
-0.28125
-0.28125
0.4609375
0.4609375
0.10546875
0.10546875
-0.03515625
-0.03515625
0.31640625
0.31640625
0.31640625
0.7109375
0.0703125
0.0703125
0.28125
0.28125
0.31640625
0.31640625
0.10546875
0.10546875
0.28125
0.28125
0.42578125
0.42578125
1.171875
1.171875
0.88671875
0.88671875
0.9921875
0.9921875
0.78125
0.78125
1.02734375
1.02734375
1.2421875
1.2421875
1.52734375
1.52734375
1.52734375
1.52734375
1.45703125
1.45703125
1.45703125
1.45703125
1.6328125
1.6328125
1.45703125
1.45703125
1.13671875
1.13671875
1.20703125
1.20703125
1.421875
1.421875
1.703125
1.703125
1.66796875
1.66796875
1.27734375
1.27734375
1.27734375
1.27734375
1.13671875
1.13671875
1.1015625
1.1015625
1.13671875
1.13671875
0.7109375
0.7109375
0.53125
0.53125
0.81640625
0.81640625
0.7109375
0.7109375
0.53125
0.53125
0.49609375
0.49609375
0.35546875
0.35546875
0.24609375
0.24609375
0.2109375
0.2109375
0.35546875
0.35546875
0.24609375
0.24609375
0.24609375
0.24609375
0
0
0.24609375
0.24609375
0.17578125
0.17578125
0.2109375
0.2109375
0
0
-0.140625
-0.140625
0
0
0
0
0
0
0
0
0.140625
0.140625
0.6015625
0.6015625
0.28125
0.28125
0.2109375
0.2109375
0.10546875
0.10546875
0.2109375
0.2109375
0.10546875
0.10546875
0.0703125
0.0703125
0.28125
0.28125
0.140625
0.140625
0.31640625
0.31640625
0.10546875
0.10546875
0
0
0.140625
0.53125
0.53125
0.53125
0.17578125
0.17578125
0.0703125
0.0703125
0.35546875
0.35546875
0.0703125
0.0703125
0.17578125
0.17578125
0
0
0.6015625
0.6015625
0.390625
0.390625
0.42578125
0.42578125
0.390625
0.390625
-0.03515625
-0.03515625
0.53125
0.53125
0.4609375
0.4609375
0.35546875
0.35546875
0.31640625
0.31640625
0.42578125
0.42578125
0.6015625
0.6015625
0
0
0
0
0
0
0
0
0
0
0
0
0
0
0
0
0
0
0
0
0
0
0
0
0
0
0
0
0
0
0
0
0
0
0
0
0
0
0
0
0
0
0
0
0
0
0
0
0
0
0
0
0
0
0
0
0
0
0
0
0
0
0
0
0
0
0
0
0
0
0
0
0
0
0
0
0
0
0
0
0
0
0
0
0
0
0
0
0
0
0
0
0
0
0
0
0
0
0
0
0
0
0
0
0
0
0
0
0
0
0
0
0
0
