1.953125
0.74609375
0.74609375
0.42578125
0.42578125
0.35546875
0.35546875
0.31640625
0.31640625
3.5546875
3.5546875
14.109375
14.109375
8.63671875
8.63671875
9.6328125
9.6328125
8.2109375
8.2109375
7.640625
7.640625
10.83984375
10.83984375
6.2890625
6.2890625
-1.66796875
-1.66796875
-7.35546875
-7.35546875
-5.72265625
-5.72265625
-4.15625
-4.15625
-1.52734375
-1.52734375
-1.1015625
-1.1015625
-0.390625
-0.390625
-0.42578125
-0.42578125
-1.66796875
-1.66796875
-1.953125
-1.953125
-3.48046875
-3.48046875
-2.84375
-2.84375
-2.9140625
-2.9140625
-3.3046875
-3.3046875
-3.66015625
-3.66015625
-3.73046875
-3.73046875
-3.765625
-3.765625
-3.91015625
-3.91015625
-3.98046875
-3.98046875
-3.98046875
-3.98046875
-4.40625
-4.40625
-6.11328125
-6.11328125
-6.04296875
-6.04296875
-8.06640625
-8.06640625
-7.21484375
-7.21484375
-7.890625
-7.890625
-7.85546875
-7.85546875
-8.421875
-8.421875
-7.8203125
-7.8203125
-7.5703125
-7.5703125
-7.5703125
-7.5703125
-6.75390625
-6.75390625
-6.71484375
-6.71484375
-6.46875
-6.46875
-6.6796875
-6.6796875
-6.75390625
-6.75390625
-6.859375
-6.859375
-6.609375
-6.609375
-5.8984375
-5.8984375
-5.08203125
-5.08203125
-4.796875
-4.796875
-4.796875
-4.796875
-2.203125
-2.203125
-2.203125
-1.98828125
-1.59765625
-1.59765625
-0.31640625
-0.31640625
0.0703125
0.0703125
0.6015625
0.6015625
0.8515625
0.8515625
0.9921875
0.9921875
0.7109375
0.7109375
0.31640625
0.31640625
0.31640625
0.31640625
0.53125
0.53125
0.95703125
0.95703125
1.02734375
1.02734375
1.171875
1.171875
0.78125
0.78125
0.88671875
0.88671875
0.7109375
0.7109375
0.390625
0.390625
0.42578125
0.42578125
0.17578125
0.17578125
0.24609375
0.24609375
0.03515625
0.03515625
0.2109375
0.2109375
0.03515625
0.03515625
0.28125
0.28125
-0.03515625
-0.03515625
-0.31640625
-0.31640625
0.17578125
0.17578125
-0.03515625
-0.03515625
0.28125
0.28125
0
0
0.42578125
0.42578125
0.28125
0.28125
0.10546875
0.10546875
0.671875
0.671875
0.31640625
0.31640625
0.63671875
0.63671875
0.8515625
0.8515625
0.8515625
0.8515625
0.63671875
0.63671875
0.63671875
0.63671875
0.63671875
0.63671875
0.81640625
0.81640625
0.921875
0.921875
0.74609375
0.74609375
0.7109375
0.7109375
0.81640625
0.81640625
0.56640625
0.56640625
0.81640625
0.81640625
0.95703125
0.95703125
1.1015625
1.1015625
0.95703125
0.95703125
1.171875
1.171875
1.02734375
1.02734375
0.56640625
0.56640625
0.7109375
0.7109375
0.8515625
0.8515625
0.74609375
0.74609375
0.78125
0.78125
0.921875
0.921875
0.7109375
0.7109375
0.6015625
0.6015625
0.81640625
0.81640625
0.49609375
0.49609375
0.49609375
1.02734375
0.921875
0.921875
0.74609375
0.74609375
0.6015625
0.6015625
0.81640625
0.81640625
0.74609375
0.74609375
0.78125
0.78125
0.7109375
0.7109375
0.78125
0.78125
0.7109375
0.7109375
0.53125
0.53125
0.49609375
0.49609375
0.49609375
0.49609375
0.35546875
0.35546875
0.31640625
0.31640625
0.24609375
0.24609375
0.42578125
0.42578125
-0.03515625
-0.03515625
-0.03515625
-0.03515625
-0.2109375
-0.2109375
-0.9921875
-0.9921875
-2.59375
-2.59375
-2.16796875
-2.16796875
-1.953125
-1.953125
-1.8125
-1.8125
-2.4140625
-2.4140625
-2.30859375
-2.30859375
-2.984375
-2.984375
-2.69921875
-2.69921875
-3.48046875
-3.48046875
-3.58984375
-3.58984375
-4.12109375
-4.12109375
-3.9453125
-3.9453125
-4.2265625
-4.2265625
-4.19140625
-4.19140625
-4.62109375
-4.62109375
-4.58203125
-4.58203125
-4.546875
-4.546875
-5.01171875
-5.01171875
-4.796875
-4.796875
-4.796875
-4.796875
-4.76171875
-4.76171875
-4.62109375
-4.62109375
-4.40625
-4.40625
-4.51171875
-4.51171875
-4.265625
-4.265625
-4.51171875
-4.51171875
-4.3359375
-4.3359375
-4.3359375
-4.3359375
-4.015625
-4.015625
-4.0859375
-4.0859375
-3.73046875
-3.73046875
-3.375
-3.375
-3.8359375
-3.8359375
-3.4453125
-3.4453125
-3.4453125
-3.4453125
-3.625
-3.625
-3.41015625
-3.41015625
-3.58984375
-3.58984375
-3.48046875
-3.48046875
-3.41015625
-3.41015625
-2.984375
-2.984375
-3.08984375
-3.08984375
-3.234375
-3.234375
-3.0546875
-3.234375
-3.234375
-3.234375
-3.26953125
-3.26953125
-2.984375
-2.984375
-2.984375
-2.984375
-2.984375
-2.984375
-3.26953125
-3.26953125
-3.08984375
-3.08984375
-2.8046875
-2.8046875
-2.9140625
-2.9140625
-2.9140625
-2.9140625
-2.44921875
-2.44921875
-2.55859375
-2.55859375
-2.6640625
-2.6640625
-2.76953125
-2.76953125
-2.59375
-2.59375
-2.6640625
-2.6640625
-2.69921875
-2.69921875
-2.48828125
-2.48828125
0
0
0
0
0
0
0
0
0
0
0
0
0
0
0
0
0
0
0
0
0
0
0
0
0
0
0
0
0
0
0
0
0
0
0
0
0
0
0
0
0
0
0
0
0
0
0
0
0
0
0
0
0
0
0
0
0
0
0
0
0
0
0
0
0
0
0
0
0
0
0
0
0
0
0
0
0
0
0
0
0
0
0
0
0
0
0
0
0
0
0
0
0
0
0
0
0
0
0
0
0
0
0
0
0
0
0
0
0
0
0
0
0
0
