1.2421875
-0.56640625
-0.56640625
-7.99609375
-7.99609375
-7.35546875
-7.35546875
-8.06640625
-8.06640625
-12.01171875
-12.01171875
-9.59765625
-9.59765625
-8.28125
-8.28125
-6.71484375
-6.71484375
-2.203125
-2.203125
-1.703125
-1.703125
-1.45703125
-1.45703125
-1.20703125
-1.20703125
-0.28125
-0.28125
-0.0703125
-0.0703125
1.703125
1.703125
3.515625
3.515625
2.55859375
2.55859375
0.6015625
0.6015625
0.17578125
0.17578125
-1.20703125
-1.20703125
-2.05859375
-2.05859375
-3.41015625
-3.41015625
-4.44140625
-4.44140625
-4.05078125
-4.05078125
-2.734375
-2.734375
-1.34765625
-1.34765625
-0.78125
-0.78125
-0.671875
-0.671875
-0.78125
-0.78125
-0.8515625
-0.8515625
-0.140625
-0.140625
0
0
-0.03515625
-0.03515625
0.28125
0.28125
1.4921875
1.4921875
1.45703125
1.45703125
0.390625
0.390625
0.28125
0.28125
0.35546875
0.35546875
0.28125
0.28125
0.31640625
0.31640625
0.95703125
0.95703125
0.74609375
0.74609375
1.02734375
1.02734375
1.06640625
1.06640625
0.74609375
0.74609375
1.13671875
1.13671875
1.45703125
1.45703125
1.421875
1.421875
1.59765625
1.59765625
1.953125
1.953125
1.8125
1.8125
1.59765625
1.59765625
1.59765625
1.59765625
0.7109375
0.7109375
0.7109375
0.9921875
0.95703125
0.95703125
0.8515625
0.8515625
0.42578125
0.42578125
0.17578125
0.17578125
-0.31640625
-0.31640625
0
0
-0.0703125
-0.0703125
-0.17578125
-0.17578125
-0.0703125
-0.0703125
-0.24609375
-0.24609375
-0.0703125
-0.0703125
-0.0703125
-0.0703125
-0.390625
-0.390625
-0.140625
-0.140625
-0.2109375
-0.2109375
0
0
-0.31640625
-0.31640625
-0.0703125
-0.0703125
0.140625
0.140625
-0.31640625
-0.31640625
-0.0703125
-0.0703125
-0.0703125
-0.0703125
-0.2109375
-0.2109375
-0.0703125
-0.0703125
-0.28125
-0.28125
0.03515625
0.03515625
-0.0703125
-0.0703125
-0.03515625
-0.03515625
-0.28125
-0.28125
-0.140625
-0.140625
-0.17578125
-0.17578125
-0.17578125
-0.17578125
0.0703125
0.0703125
-0.10546875
-0.10546875
0.140625
0.140625
-0.31640625
-0.31640625
-0.0703125
-0.0703125
-0.0703125
-0.0703125
0
0
0
0
-0.03515625
-0.03515625
-0.17578125
-0.17578125
0.03515625
0.03515625
-0.140625
-0.140625
-0.2109375
-0.2109375
-0.10546875
-0.10546875
-0.28125
-0.28125
-0.390625
-0.390625
-0.56640625
-0.56640625
-0.31640625
-0.31640625
-0.10546875
-0.10546875
0
0
0
0
-0.10546875
-0.10546875
-0.140625
-0.140625
-0.390625
-0.390625
-0.10546875
-0.10546875
0.03515625
0.03515625
-0.0703125
-0.0703125
-0.17578125
-0.17578125
-0.390625
-0.390625
-0.10546875
-0.10546875
-0.10546875
-0.10546875
-0.10546875
-0.10546875
0
0
-0.140625
-0.140625
-0.10546875
-0.10546875
-0.10546875
-0.10546875
0
0
0
0
-0.03515625
-0.03515625
-0.31640625
-0.31640625
0.0703125
0.0703125
-0.390625
-0.390625
-0.0703125
-0.0703125
0.10546875
0.10546875
-0.17578125
-0.17578125
-0.140625
-0.140625
-0.10546875
-0.10546875
-0.140625
-0.140625
-0.17578125
-0.17578125
-0.140625
-0.140625
0.140625
0.140625
0
0
0.95703125
0.95703125
0.8515625
0.8515625
0.81640625
0.81640625
0.53125
0.53125
0.9921875
0.9921875
0.8515625
0.8515625
0.95703125
0.95703125
0.7109375
0.7109375
0.10546875
0.10546875
0.2109375
0.2109375
0.0703125
0.0703125
-0.03515625
-0.03515625
-0.17578125
-0.17578125
-0.10546875
-0.10546875
0.2109375
0.2109375
-0.10546875
-0.10546875
0
0
0.140625
0.140625
-0.28125
-0.28125
-0.28125
-0.28125
-0.17578125
-0.17578125
-0.2109375
-0.2109375
-0.0703125
-0.0703125
-0.03515625
-0.03515625
0.03515625
0.03515625
-0.140625
-0.140625
-0.10546875
-0.10546875
-0.10546875
-0.10546875
-0.10546875
-0.10546875
0
0
-0.24609375
-0.24609375
0.4609375
0.4609375
0.140625
0.140625
0.10546875
0.10546875
0.2109375
0.2109375
0.0703125
0.0703125
0.31640625
0.31640625
0.31640625
0.31640625
0.390625
0.390625
0.31640625
0.31640625
0.28125
0.28125
0.31640625
0.31640625
0.35546875
0.35546875
0.28125
0.24609375
0.24609375
0.24609375
0.17578125
0.17578125
0.28125
0.28125
0.2109375
0.2109375
0.42578125
0.42578125
0.35546875
0.35546875
0.35546875
0.35546875
0
0
0.42578125
0.42578125
0.0703125
0.0703125
0.28125
0.28125
0.140625
0.140625
0.24609375
0.24609375
0.03515625
0.03515625
0.24609375
0.24609375
0.2109375
0.2109375
0.17578125
0.17578125
0.35546875
0.35546875
0
0
0
0
0
0
0
0
0
0
0
0
0
0
0
0
0
0
0
0
0
0
0
0
0
0
0
0
0
0
0
0
0
0
0
0
0
0
0
0
0
0
0
0
0
0
0
0
0
0
0
0
0
0
0
0
0
0
0
0
0
0
0
0
0
0
0
0
0
0
0
0
0
0
0
0
0
0
0
0
0
0
0
0
0
0
0
0
0
0
0
0
0
0
0
0
0
0
0
0
0
0
0
0
0
0
0
0
0
0
0
0
0
0
