7.99609375
8.13671875
8.13671875
8.28125
8.28125
7.78125
7.78125
7.92578125
7.92578125
7.8203125
7.8203125
3.5546875
3.5546875
3.80078125
3.80078125
3.5546875
3.5546875
3.08984375
3.08984375
4.015625
4.015625
3.375
3.375
3.375
3.375
3.234375
3.234375
2.69921875
2.69921875
2.23828125
2.23828125
2.09375
2.09375
2.05859375
2.05859375
2.2734375
2.2734375
2.37890625
2.37890625
2.55859375
2.55859375
2.37890625
2.37890625
1.98828125
1.98828125
2.2734375
2.2734375
2.203125
2.203125
2.2734375
2.2734375
2.34375
2.34375
2.203125
2.203125
2.16796875
2.16796875
2.2734375
2.2734375
2.30859375
2.30859375
2.203125
2.203125
2.2734375
2.2734375
2.23828125
2.23828125
2.48828125
2.48828125
2.87890625
2.87890625
2.76953125
2.76953125
2.8046875
2.8046875
2.8046875
2.8046875
2.30859375
2.30859375
2.48828125
2.48828125
2.203125
2.203125
2.1328125
2.1328125
1.91796875
1.91796875
2.05859375
2.05859375
2.05859375
2.05859375
2.05859375
2.05859375
1.8125
1.8125
2.0234375
2.0234375
1.703125
1.703125
1.6328125
1.6328125
1.45703125
1.45703125
1.171875
1.171875
0.88671875
0.88671875
0.63671875
0.63671875
0.63671875
0.63671875
0.74609375
0.74609375
0.6015625
0.6015625
0.7109375
0.7109375
0.53125
0.53125
0.63671875
0.63671875
0.56640625
0.56640625
0.63671875
0.63671875
0.31640625
0.31640625
0.31640625
0.31640625
0.390625
0.390625
0.6015625
0.6015625
0.6015625
0.6015625
0.390625
0.390625
0.10546875
0.10546875
0.56640625
0.56640625
0.74609375
0.74609375
0.81640625
0.81640625
0.8515625
0.8515625
0.8515625
0.8515625
0.74609375
0.74609375
1.13671875
1.13671875
1.13671875
1.13671875
1.13671875
1.3828125
1.3125
1.3125
1.421875
1.421875
1.421875
1.421875
1.59765625
1.59765625
1.52734375
1.52734375
1.8828125
1.8828125
1.66796875
1.66796875
1.5625
1.5625
1.1015625
1.1015625
1.59765625
1.59765625
1.77734375
1.77734375
1.77734375
1.77734375
1.34765625
1.34765625
1.34765625
1.34765625
1.3125
1.3125
1.34765625
1.34765625
1.52734375
1.52734375
1.52734375
1.52734375
1.45703125
1.45703125
1.6328125
1.6328125
1.52734375
1.52734375
1.3828125
1.3828125
1.4921875
1.4921875
1.4921875
1.4921875
1.3125
1.3125
1.4921875
1.4921875
1.27734375
1.27734375
1.171875
1.171875
1.2421875
1.2421875
1.52734375
1.52734375
1.13671875
1.13671875
1.3125
1.3125
1.20703125
1.20703125
0.9921875
0.9921875
1.34765625
1.34765625
1.421875
1.421875
1.20703125
1.20703125
1.3125
1.3125
0.9921875
0.9921875
0.4609375
0.4609375
0.88671875
0.88671875
0.6015625
0.6015625
0.9921875
0.9921875
0.6015625
0.6015625
0.81640625
0.81640625
0.56640625
0.56640625
0.921875
0.921875
0.9921875
0.9921875
1.02734375
1.02734375
0.7109375
0.7109375
0.6015625
0.6015625
0.78125
0.78125
0.7109375
0.7109375
0.7109375
0.7109375
1.02734375
1.02734375
0.9921875
0.9921875
0.88671875
0.88671875
0.53125
0.53125
0.42578125
0.42578125
0.56640625
0.56640625
0.56640625
0.56640625
0.42578125
0.42578125
0.2109375
0.2109375
0.2109375
0.2109375
0.140625
0.140625
0.390625
0.390625
0.140625
0.140625
0.28125
0.28125
0.28125
0.28125
0.31640625
0.31640625
0.10546875
0.10546875
0
0
0
0
-0.10546875
-0.10546875
-0.24609375
-0.24609375
-0.10546875
-0.10546875
-0.28125
-0.28125
-0.28125
-0.28125
-0.42578125
-0.42578125
-0.4609375
-0.4609375
-0.390625
-0.390625
-0.17578125
-0.17578125
-0.49609375
-0.49609375
-0.35546875
-0.35546875
-0.49609375
-0.49609375
-0.53125
-0.53125
-0.6015625
-0.6015625
-0.53125
-0.53125
-0.63671875
-0.63671875
-1.13671875
-1.13671875
-0.921875
-0.921875
-1.06640625
-1.06640625
-0.95703125
-0.95703125
-1.06640625
-1.06640625
-1.3828125
-1.3828125
-1.3828125
-1.3828125
-1.34765625
-1.34765625
-1.34765625
-1.34765625
-1.8828125
-1.8828125
-1.84765625
-1.84765625
-2.09375
-2.09375
-1.8828125
-1.8828125
-2.34375
-2.34375
-2.34375
-2.34375
-2.44921875
-2.44921875
-2.0234375
-2.0234375
-2.09375
-2.09375
-2.1328125
-2.1328125
-2.1328125
-2.1328125
-2.1328125
-2.1328125
-2.23828125
-2.23828125
-2.23828125
-2.23828125
-1.98828125
-1.98828125
-1.953125
-1.953125
-1.91796875
-1.91796875
-1.953125
-1.953125
-1.73828125
-1.73828125
-1.171875
-1.171875
-1.3828125
-1.3828125
-1.2421875
-1.2421875
-1.06640625
-1.06640625
-1.06640625
-1.06640625
-1.3828125
-1.3828125
-0.921875
0
0
0
0
0
0
0
0
0
0
0
0
0
0
0
0
0
0
0
0
0
0
0
0
0
0
0
0
0
0
0
0
0
0
0
