-1.6328125
-0.88671875
-0.88671875
-0.95703125
-0.95703125
-2.5234375
-2.5234375
-3.58984375
-3.58984375
-2.62890625
-2.62890625
-2.8046875
-2.8046875
-1.77734375
-1.77734375
-1.06640625
-1.06640625
0.63671875
0.63671875
3.58984375
3.58984375
3.41015625
3.41015625
4.69140625
4.69140625
9.0625
9.0625
9.453125
9.453125
10.30859375
10.30859375
9.02734375
9.02734375
9.2421875
9.2421875
7.3203125
7.3203125
7.25
7.25
9.703125
9.703125
8.31640625
8.31640625
6.1484375
6.1484375
6.2890625
6.2890625
6.1484375
6.1484375
5.61328125
5.61328125
6.43359375
6.43359375
5.79296875
5.79296875
5.61328125
5.61328125
5.6484375
5.6484375
5.29296875
5.29296875
4.8671875
4.8671875
4.65625
4.65625
4.19140625
4.19140625
3.73046875
3.73046875
2.30859375
2.30859375
2.23828125
2.23828125
1.34765625
1.34765625
0.921875
0.921875
0.4609375
0.4609375
0.42578125
0.42578125
0.53125
0.53125
0
0
0.4609375
0.4609375
-0.24609375
-0.24609375
-1.66796875
-1.66796875
-1.171875
-1.171875
-0.921875
-0.921875
-1.5625
-1.5625
-1.84765625
-1.84765625
-1.3125
-1.3125
-1.20703125
-1.20703125
-1.45703125
-1.45703125
-1.77734375
-1.77734375
-1.77734375
-1.77734375
-1.91796875
-1.91796875
-1.91796875
-1.8125
-1.3828125
-1.3828125
-1.5625
-1.5625
-1.3125
-1.3125
-1.4921875
-1.4921875
-1.73828125
-1.73828125
-1.4921875
-1.4921875
-1.84765625
-1.84765625
-1.6328125
-1.6328125
-1.3828125
-1.3828125
-1.73828125
-1.73828125
-1.3828125
-1.3828125
-1.52734375
-1.52734375
-1.06640625
-1.06640625
-0.921875
-0.921875
-0.74609375
-0.74609375
-0.9921875
-0.9921875
-1.20703125
-1.20703125
-0.81640625
-0.81640625
-0.56640625
-0.56640625
-0.78125
-0.78125
-0.49609375
-0.49609375
-0.42578125
-0.42578125
-0.28125
-0.28125
-0.35546875
-0.35546875
-0.390625
-0.390625
-0.0703125
-0.0703125
-0.42578125
-0.42578125
0
0
-0.10546875
-0.10546875
0.140625
0.140625
0.2109375
0.2109375
0.140625
0.140625
0.10546875
0.10546875
0.28125
0.28125
0.53125
0.53125
0.17578125
0.17578125
0
0
0
0
0.0703125
0.0703125
0.0703125
0.0703125
0.31640625
0.31640625
0.17578125
0.17578125
0.10546875
0.10546875
0.0703125
0.0703125
0.2109375
0.2109375
0.4609375
0.4609375
0.390625
0.390625
0.49609375
0.49609375
0.390625
0.390625
0.31640625
0.31640625
0.35546875
0.35546875
0.4609375
0.4609375
0.24609375
0.24609375
0.35546875
0.35546875
0.10546875
0.10546875
0.24609375
0.24609375
0
0
0.24609375
0.24609375
0
0
0.17578125
0.17578125
0.28125
0.28125
0.0703125
0.0703125
0.35546875
0.35546875
0.35546875
0.0703125
0.28125
0.28125
0.28125
0.28125
0.2109375
0.2109375
0.2109375
0.2109375
0.28125
0.28125
0.56640625
0.56640625
0.31640625
0.31640625
0.8515625
0.8515625
0.10546875
0.10546875
0.10546875
0.10546875
0.6015625
0.6015625
0.53125
0.53125
0.42578125
0.42578125
0.35546875
0.35546875
0.49609375
0.49609375
0.56640625
0.56640625
0.671875
0.671875
1.171875
1.171875
1.3828125
1.3828125
1.421875
1.421875
1.45703125
1.45703125
1.5625
1.5625
1.77734375
1.77734375
1.84765625
1.84765625
2.05859375
2.05859375
2.09375
2.09375
2.2734375
2.2734375
2.203125
2.203125
2.203125
2.203125
2.4140625
2.4140625
2.05859375
2.05859375
1.703125
1.703125
1.45703125
1.45703125
1.34765625
1.34765625
1.1015625
1.1015625
1.20703125
1.20703125
0.81640625
0.81640625
0.7109375
0.7109375
0.49609375
0.49609375
0.49609375
0.49609375
0.31640625
0.31640625
0.53125
0.53125
0.31640625
0.31640625
0.49609375
0.49609375
0.49609375
0.49609375
0.390625
0.390625
0.10546875
0.10546875
0.10546875
0.10546875
0.24609375
0.24609375
0.24609375
0.24609375
0.10546875
0.10546875
0.390625
0.390625
0.4609375
0.4609375
0.74609375
0.74609375
0.42578125
0.42578125
0.6015625
0.6015625
0.49609375
0.49609375
0.671875
0.671875
0.6015625
0.6015625
0.42578125
0.42578125
0.56640625
0.56640625
0.78125
0.78125
0.78125
0.78125
0.56640625
0.42578125
0.42578125
0.42578125
0.671875
0.671875
0.7109375
0.7109375
0.31640625
0.31640625
0.63671875
0.63671875
0.56640625
0.56640625
0.63671875
0.63671875
0.56640625
0.56640625
0.671875
0.671875
0.35546875
0.35546875
0.6015625
0.6015625
0.6015625
0.6015625
0.95703125
0.95703125
0.4609375
0.4609375
0.4609375
0.4609375
0.56640625
0.56640625
0.53125
0.53125
0.6015625
0.6015625
0
0
0
0
0
0
0
0
0
0
0
0
0
0
0
0
0
0
0
0
0
0
0
0
0
0
0
0
0
0
0
0
0
0
0
0
0
0
0
0
0
0
0
0
0
0
0
0
0
0
0
0
0
0
0
0
0
0
0
0
0
0
0
0
0
0
0
0
0
0
0
0
0
0
0
0
0
0
0
0
0
0
0
0
0
0
0
0
0
0
0
0
0
0
0
0
0
0
0
0
0
0
0
0
0
0
0
0
0
0
0
0
0
0
