-0.2109375
-0.42578125
-0.42578125
-0.17578125
-0.17578125
-0.671875
-0.671875
-1.27734375
-1.27734375
-0.81640625
-0.81640625
-0.2109375
-0.2109375
10.8046875
10.8046875
20.72265625
20.72265625
35.72265625
35.72265625
37.640625
37.640625
35.65234375
35.65234375
37.99609375
37.99609375
34.44140625
34.44140625
25.05859375
25.05859375
20.26171875
20.26171875
18.1640625
18.1640625
18.26953125
18.26953125
19.44140625
19.44140625
22.4296875
22.4296875
23.88671875
23.88671875
28.2578125
28.2578125
32.48828125
32.48828125
36.11328125
36.11328125
36.7890625
36.7890625
36.7890625
36.7890625
36.6484375
36.6484375
36.89453125
36.89453125
36.6484375
36.6484375
36.9296875
36.9296875
36.6484375
36.6484375
36.46875
36.46875
36.96875
36.96875
36.89453125
36.89453125
36.82421875
36.82421875
37.0390625
37.0390625
37.1796875
37.1796875
35.08203125
35.08203125
35.5078125
35.5078125
34.90625
34.90625
34.62109375
34.62109375
33.66015625
33.66015625
31.7421875
31.7421875
31.421875
31.421875
29.32421875
29.32421875
28.6484375
28.6484375
26.90625
26.90625
22.5703125
22.5703125
20.33203125
20.33203125
18.33984375
18.33984375
16.7421875
16.7421875
15
15
15.74609375
15.74609375
12.12109375
12.12109375
12.12109375
12.12109375
9.34765625
9.34765625
9.34765625
8.6015625
7.99609375
7.99609375
7.9609375
7.9609375
6.6796875
6.6796875
5.7578125
5.7578125
3.80078125
3.80078125
3.625
3.625
2.16796875
2.16796875
1.91796875
1.91796875
0.6015625
0.6015625
0.671875
0.671875
-0.140625
-0.140625
0.390625
0.390625
-0.10546875
-0.10546875
-0.31640625
-0.31640625
-0.63671875
-0.63671875
-0.28125
-0.28125
0.24609375
0.24609375
0.28125
0.28125
-0.53125
-0.53125
-0.03515625
-0.03515625
0.03515625
0.03515625
-0.03515625
-0.03515625
0.0703125
0.0703125
0.140625
0.140625
0.4609375
0.4609375
0.0703125
0.0703125
0.28125
0.28125
0.140625
0.140625
0
0
0.35546875
0.35546875
0.4609375
0.4609375
0.42578125
0.42578125
0.53125
0.53125
0.49609375
0.49609375
0.7109375
0.7109375
-0.0703125
-0.0703125
0.17578125
0.17578125
0.17578125
0.17578125
0.2109375
0.2109375
0.2109375
0.2109375
0.42578125
0.42578125
0.49609375
0.49609375
0.671875
0.671875
0.74609375
0.74609375
0.74609375
0.74609375
0.671875
0.671875
0.63671875
0.63671875
0.49609375
0.49609375
0.8515625
0.8515625
0.9921875
0.9921875
0.95703125
0.95703125
1.06640625
1.06640625
0.95703125
0.95703125
1.171875
1.171875
1.20703125
1.20703125
0.7109375
0.7109375
0.95703125
0.95703125
1.13671875
1.13671875
0.78125
0.78125
0.78125
0.78125
0.8515625
0.8515625
0.53125
0.53125
0.921875
0.921875
0.921875
0.9921875
0.7109375
0.7109375
0.78125
0.78125
1.171875
1.171875
0.921875
0.921875
0.88671875
0.88671875
0.7109375
0.7109375
1.02734375
1.02734375
0.42578125
0.42578125
0.63671875
0.63671875
0.671875
0.671875
0.81640625
0.81640625
0.63671875
0.63671875
0.95703125
0.95703125
3.5546875
3.5546875
4.65625
4.65625
6.18359375
6.18359375
7.03515625
7.03515625
7.53515625
7.53515625
8.28125
8.28125
8.70703125
8.70703125
8.56640625
8.56640625
8.88671875
8.88671875
9.203125
9.203125
9.1328125
9.1328125
8.84765625
8.84765625
9.27734375
9.27734375
9.203125
9.203125
9.0625
9.0625
9.3125
9.3125
9.34765625
9.34765625
9.48828125
9.48828125
9.59765625
9.59765625
9.98828125
9.98828125
9.59765625
9.59765625
10.0234375
10.0234375
9.7734375
9.7734375
9.34765625
9.34765625
9.48828125
9.48828125
9.2421875
9.2421875
9.2421875
9.2421875
8.63671875
8.63671875
8.45703125
8.45703125
7.85546875
7.85546875
7.78125
7.78125
7.1796875
7.1796875
6.89453125
6.89453125
6.46875
6.46875
6.46875
6.46875
5.6484375
5.6484375
5.93359375
5.93359375
5.15234375
5.15234375
5.1875
5.1875
5.1875
5.1875
5.15234375
5.15234375
4.8671875
4.8671875
4.9765625
4.9765625
5.01171875
5.01171875
4.7265625
4.7265625
4.9375
4.9375
5.08203125
5.08203125
4.9765625
4.9765625
4.76171875
4.76171875
4.8671875
4.8671875
4.76171875
4.62109375
4.62109375
4.62109375
4.58203125
4.58203125
4.7265625
4.7265625
4.65625
4.65625
4.51171875
4.51171875
4.4765625
4.4765625
4.7265625
4.7265625
4.8671875
4.8671875
4.37109375
4.37109375
4.58203125
4.58203125
4.546875
4.546875
4.4765625
4.4765625
4.58203125
4.58203125
4.69140625
4.69140625
4.65625
4.65625
4.546875
4.546875
4.44140625
4.44140625
4.44140625
4.44140625
0
0
0
0
0
0
0
0
0
0
0
0
0
0
0
0
0
0
0
0
0
0
0
0
0
0
0
0
0
0
0
0
0
0
0
0
0
0
0
0
0
0
0
0
0
0
0
0
0
0
0
0
0
0
0
0
0
0
0
0
0
0
0
0
0
0
0
0
0
0
0
0
0
0
0
0
0
0
0
0
0
0
0
0
0
0
0
0
0
0
0
0
0
0
0
0
0
0
0
0
0
0
0
0
0
0
0
0
0
0
0
0
0
0
