9.34765625
9.41796875
9.41796875
9.5234375
9.5234375
9.2421875
9.2421875
9.5234375
9.5234375
9.6328125
9.6328125
20.578125
20.578125
19.55078125
19.55078125
18.83984375
18.83984375
13.2578125
13.2578125
14.359375
14.359375
13.43359375
13.43359375
13.43359375
13.43359375
13.15234375
13.15234375
15.390625
15.390625
15.10546875
15.10546875
14.46484375
14.46484375
13.75390625
13.75390625
13.46875
13.46875
12.19140625
12.19140625
11.8359375
11.8359375
11.62109375
11.62109375
12.046875
12.046875
10.83984375
10.83984375
11.69140625
11.69140625
10.12890625
10.12890625
9.73828125
9.73828125
9.09765625
9.09765625
8.9921875
8.9921875
7.60546875
7.60546875
7.46484375
7.46484375
6.609375
6.609375
5.6484375
5.6484375
5.7578125
5.7578125
6.18359375
6.18359375
5.54296875
5.54296875
5.29296875
5.29296875
5.72265625
5.72265625
5.72265625
5.72265625
5.5078125
5.5078125
4.69140625
4.69140625
4.8671875
4.8671875
5.29296875
5.29296875
5.3671875
5.3671875
5.40234375
5.40234375
5.5078125
5.5078125
5.5078125
5.5078125
5.86328125
5.86328125
6.5390625
6.5390625
6.25390625
6.25390625
6.9296875
6.9296875
6.57421875
6.57421875
7.3203125
7.3203125
7.640625
7.640625
7.67578125
7.67578125
8.31640625
8.31640625
8.24609375
8.24609375
8.2109375
8.2109375
8.6015625
8.6015625
8.28125
8.28125
8.7421875
8.7421875
8.421875
8.421875
8.4921875
8.4921875
8.38671875
8.38671875
8.63671875
8.63671875
8.17578125
8.17578125
7.99609375
7.99609375
7.78125
7.78125
7.67578125
7.67578125
7.14453125
7.14453125
6.32421875
6.32421875
6.75390625
6.75390625
6.7890625
6.7890625
6.1484375
6.1484375
6.1484375
6.1484375
5.1875
5.1875
5.61328125
5.61328125
5.1171875
5.1171875
5.1171875
5.2578125
4.796875
4.796875
4.12109375
4.12109375
4.12109375
4.12109375
3.4453125
3.4453125
3.375
3.375
2.94921875
2.94921875
2.9140625
2.9140625
2.69921875
2.69921875
2.734375
2.734375
1.953125
1.953125
1.66796875
1.66796875
1.66796875
1.66796875
1.6328125
1.6328125
1.6328125
1.6328125
0.31640625
0.31640625
0.35546875
0.35546875
-0.10546875
-0.10546875
-0.10546875
-0.10546875
-0.10546875
-0.10546875
-0.390625
-0.390625
-0.03515625
-0.03515625
0.03515625
0.03515625
-0.24609375
-0.24609375
-0.24609375
-0.24609375
-1.34765625
-1.34765625
-1.02734375
-1.02734375
-0.8515625
-0.8515625
-1.171875
-1.171875
-1.13671875
-1.13671875
-1.73828125
-1.73828125
-1.4921875
-1.4921875
-1.66796875
-1.66796875
-1.8828125
-1.8828125
-1.84765625
-1.84765625
-2.5234375
-2.5234375
-2.734375
-2.734375
-2.62890625
-2.62890625
-2.87890625
-2.87890625
-2.9140625
-2.9140625
-3.375
-3.375
-3.19921875
-3.19921875
-3.98046875
-3.98046875
-4.3359375
-4.3359375
-4.265625
-4.265625
-3.87109375
-3.87109375
-4.796875
-4.796875
-4.7265625
-4.7265625
-4.7265625
-4.7265625
-4.7265625
-4.7265625
-4.69140625
-4.69140625
-5.1875
-5.1875
-5.22265625
-5.22265625
-4.8671875
-4.8671875
-4.8671875
-4.8671875
-5.2578125
-5.2578125
-5.54296875
-5.54296875
-5.22265625
-5.22265625
-5.40234375
-5.40234375
-5.79296875
-5.79296875
-6.25390625
-6.25390625
-5.6484375
-5.6484375
-5.86328125
-5.86328125
-5.40234375
-5.40234375
-5.40234375
-5.40234375
-5.08203125
-5.08203125
-5.1171875
-5.1171875
-5.3671875
-5.3671875
-5.86328125
-5.86328125
-5.4375
-5.4375
-6.25390625
-6.25390625
-5.046875
-5.046875
-5.4375
-5.4375
-5.1875
-5.1875
-5.578125
-5.578125
-5.046875
-5.046875
-5.29296875
-5.29296875
-5.7578125
-5.7578125
-5.7578125
-5.7578125
-5.29296875
-5.29296875
-5.86328125
-5.86328125
-5.4375
-5.4375
-5.6875
-5.6875
-6.50390625
-6.50390625
-6.43359375
-6.43359375
-7.42578125
-7.42578125
-7.28515625
-7.28515625
-6.71484375
-6.71484375
-7.0703125
-7.0703125
-7.390625
-7.390625
-7.99609375
-7.99609375
-7.85546875
-7.85546875
-7.9609375
-7.9609375
-8.421875
-8.421875
-7.5703125
-7.5703125
-8.77734375
-8.77734375
-8.77734375
-8.77734375
-8.03125
-8.03125
-8.24609375
-8.24609375
-8.03125
-8.03125
-8.17578125
-8.17578125
-6.609375
-6.609375
-8.06640625
-8.06640625
-6.82421875
-6.82421875
-6.82421875
-6.82421875
-7.67578125
-7.67578125
-8.53125
-8.53125
-7.109375
-7.109375
-7.8203125
-7.8203125
-6.3984375
-6.3984375
-6.3984375
-6.3984375
-6.2890625
-6.2890625
-6.2890625
-6.2890625
-4.69140625
-4.69140625
-5.29296875
-5.29296875
-4.0859375
-4.0859375
-3.9453125
-3.9453125
-4.15625
-4.15625
-2.05859375
-2.05859375
-2.8046875
-2.8046875
-1.953125
-1.953125
-1.27734375
-1.27734375
-0.7109375
-0.7109375
-1.1015625
-1.1015625
-1.2421875
0
0
0
0
0
0
0
0
0
0
0
0
0
0
0
0
0
0
0
0
0
0
0
0
0
0
0
0
0
0
0
0
0
0
0
