1.66796875
1.8828125
1.8828125
1.5625
1.5625
2.34375
2.34375
1.73828125
1.73828125
1.91796875
1.91796875
1.45703125
1.45703125
1.3125
1.3125
0.921875
0.921875
0.42578125
0.42578125
-0.0703125
-0.0703125
-0.0703125
-0.0703125
-0.0703125
-0.0703125
-0.17578125
-0.17578125
-0.0703125
-0.0703125
-0.03515625
-0.03515625
-0.0703125
-0.0703125
0.24609375
0.24609375
0.2109375
0.2109375
0
0
0.10546875
0.10546875
-0.140625
-0.140625
0.2109375
0.2109375
0.03515625
0.03515625
0.03515625
0.03515625
0.2109375
0.2109375
0
0
0
0
-0.28125
-0.28125
-0.24609375
-0.24609375
-0.31640625
-0.31640625
0.24609375
0.24609375
0.10546875
0.10546875
0.31640625
0.31640625
-0.2109375
-0.2109375
0.03515625
0.03515625
0.2109375
0.2109375
0.0703125
0.0703125
0.0703125
0.0703125
-0.03515625
-0.03515625
-0.10546875
-0.10546875
0
0
-0.28125
-0.28125
-0.03515625
-0.03515625
-0.10546875
-0.10546875
0.2109375
0.2109375
0.2109375
0.2109375
0
0
0.2109375
0.2109375
-0.24609375
-0.24609375
-0.0703125
-0.0703125
-0.140625
-0.140625
-0.31640625
-0.31640625
-0.390625
-0.390625
0.0703125
0.0703125
-0.0703125
-0.0703125
-0.03515625
-0.03515625
-0.10546875
-0.10546875
-0.10546875
-0.10546875
-0.10546875
-0.10546875
-0.03515625
-0.03515625
-0.24609375
-0.24609375
-0.2109375
-0.2109375
-0.49609375
-0.49609375
0
0
-0.10546875
-0.10546875
-0.03515625
-0.03515625
-0.17578125
-0.17578125
-0.31640625
-0.31640625
-0.42578125
-0.42578125
-0.17578125
-0.17578125
0
0
-0.0703125
-0.0703125
-0.2109375
-0.2109375
-0.2109375
-0.2109375
0.0703125
0.0703125
0
0
-0.140625
-0.140625
-0.140625
-0.10546875
0.28125
0.28125
0.31640625
0.31640625
0.0703125
0.0703125
0.31640625
0.31640625
0.31640625
0.31640625
0.2109375
0.2109375
0.17578125
0.17578125
0.0703125
0.0703125
0.24609375
0.24609375
0.140625
0.140625
-0.03515625
-0.03515625
-0.03515625
-0.03515625
0.49609375
0.49609375
0.49609375
0.49609375
0.390625
0.390625
0.49609375
0.49609375
0.42578125
0.42578125
0.42578125
0.42578125
0.7109375
0.7109375
0.81640625
0.81640625
0.74609375
0.74609375
0.6015625
0.6015625
0.53125
0.53125
0.53125
0.53125
0.56640625
0.56640625
0.78125
0.78125
0.88671875
0.88671875
0.78125
0.78125
0.63671875
0.63671875
0.9921875
0.9921875
0.8515625
0.8515625
0.95703125
0.95703125
0.921875
0.921875
1.13671875
1.13671875
1.02734375
1.02734375
1.171875
1.171875
1.6328125
1.6328125
1.77734375
1.77734375
1.6328125
1.6328125
1.8828125
1.8828125
1.73828125
1.73828125
2.4140625
2.4140625
2.55859375
2.55859375
2.734375
2.734375
3.234375
3.234375
3.234375
3.234375
3.9453125
3.9453125
4.19140625
4.19140625
4.83203125
4.83203125
5.1875
5.1875
5.29296875
5.29296875
5.3671875
5.3671875
6.00390625
6.00390625
6.00390625
6.00390625
6.04296875
6.04296875
6.21875
6.21875
6.2890625
6.2890625
6.1484375
6.1484375
6.18359375
6.18359375
5.86328125
5.86328125
5.54296875
5.54296875
5.578125
5.578125
5.29296875
5.29296875
5.29296875
5.29296875
4.8671875
4.8671875
4.7265625
4.7265625
4.62109375
4.62109375
4.30078125
4.30078125
4.265625
4.265625
3.765625
3.765625
3.58984375
3.58984375
3.19921875
3.19921875
2.8046875
2.8046875
2.62890625
2.62890625
2.734375
2.734375
2.203125
2.203125
2.48828125
2.48828125
2.48828125
2.48828125
2.4140625
2.4140625
2.44921875
2.44921875
2.55859375
2.55859375
2.2734375
2.2734375
2.0234375
2.0234375
2.203125
2.203125
2.30859375
2.30859375
1.27734375
1.27734375
1.45703125
1.45703125
1.20703125
1.20703125
1.02734375
1.02734375
0.81640625
0.81640625
0.53125
0.53125
0.4609375
0.4609375
0.31640625
0.31640625
0.140625
0.140625
-0.0703125
-0.0703125
-0.0703125
-0.0703125
-0.2109375
-0.2109375
-0.4609375
-0.4609375
-0.0703125
-0.0703125
-0.53125
-0.53125
-0.390625
-0.390625
-0.8515625
-0.8515625
-1.06640625
-1.06640625
-1.06640625
-1.06640625
-1.5625
-1.5625
-1.84765625
-1.84765625
-2.30859375
-2.30859375
-2.76953125
-2.76953125
-3.01953125
-3.01953125
-3.01953125
-3.01953125
-3.3046875
-3.3046875
-3.3046875
-3.3046875
-3.08984375
-3.08984375
-3.48046875
-3.48046875
-2.9140625
-2.9140625
-2.84375
-2.84375
-3.0546875
-3.0546875
-3.41015625
-3.41015625
-3.765625
-3.765625
-3.765625
-3.765625
-3.4453125
-3.4453125
-3.87109375
-3.87109375
-3.87109375
-3.87109375
-3.48046875
0
0
0
0
0
0
0
0
0
0
0
0
0
0
0
0
0
0
0
0
0
0
0
0
0
0
0
0
0
0
0
0
0
0
0
