-1.13671875
-0.921875
-0.921875
-0.81640625
-0.81640625
-1.34765625
-1.34765625
-0.921875
-0.921875
-0.81640625
-0.81640625
9.59765625
9.59765625
4.8671875
4.8671875
5.6875
5.6875
5.93359375
5.93359375
4.265625
4.265625
4.3359375
4.3359375
4.3359375
4.3359375
4.7265625
4.7265625
4.265625
4.265625
5.1171875
5.1171875
6.359375
6.359375
4.90234375
4.90234375
5.72265625
5.72265625
3.16015625
3.16015625
2.44921875
2.44921875
2.37890625
2.37890625
1.421875
1.421875
1.27734375
1.27734375
0.7109375
0.7109375
0.63671875
0.63671875
0.78125
0.78125
-0.24609375
-0.24609375
-0.8515625
-0.8515625
-0.17578125
-0.17578125
-0.17578125
-0.17578125
-0.53125
-0.53125
-0.03515625
-0.03515625
0.10546875
0.10546875
-0.0703125
-0.0703125
0.0703125
0.0703125
-0.31640625
-0.31640625
0.56640625
0.56640625
0.56640625
0.56640625
0.6015625
0.6015625
0.8515625
0.8515625
0.49609375
0.49609375
0.53125
0.53125
0.8515625
0.8515625
1.5625
1.5625
1.77734375
1.77734375
1.77734375
1.77734375
1.52734375
1.52734375
1.5625
1.5625
1.703125
1.703125
1.13671875
1.13671875
1.3828125
1.3828125
1.3125
1.3125
0.140625
0.140625
0.78125
0.78125
0.2109375
0.2109375
-0.0703125
-0.0703125
0.17578125
0.17578125
0
0
0.10546875
0.10546875
0.8515625
0.8515625
0.28125
0.28125
0.7109375
0.7109375
0.8515625
0.8515625
0.56640625
0.56640625
0.17578125
0.17578125
0.42578125
0.42578125
0.49609375
0.49609375
0.0703125
0.0703125
0.31640625
0.31640625
-0.03515625
-0.03515625
0.35546875
0.35546875
0.42578125
0.42578125
-0.2109375
-0.2109375
-0.2109375
-0.2109375
-0.10546875
-0.10546875
0
0
0.7109375
0.7109375
0.7109375
0.17578125
0.140625
0.140625
0.42578125
0.42578125
0.0703125
0.0703125
0.0703125
0.0703125
0.6015625
0.6015625
-0.2109375
-0.2109375
0.03515625
0.03515625
0.53125
0.53125
0.390625
0.390625
0.24609375
0.24609375
0.03515625
0.03515625
0.03515625
0.03515625
0.35546875
0.35546875
0.35546875
0.35546875
0.17578125
0.17578125
0
0
-0.140625
-0.140625
-0.140625
-0.140625
-0.17578125
-0.17578125
-0.28125
-0.28125
0
0
0.0703125
0.0703125
-0.03515625
-0.03515625
-0.03515625
-0.03515625
0.140625
0.140625
-0.03515625
-0.03515625
0.28125
0.28125
0.49609375
0.49609375
0.17578125
0.17578125
0.17578125
0.17578125
0.03515625
0.03515625
-0.03515625
-0.03515625
0.35546875
0.35546875
0.03515625
0.03515625
-0.10546875
-0.10546875
0.10546875
0.10546875
0.10546875
0.10546875
0
0
0.35546875
0.35546875
-0.0703125
-0.0703125
-0.28125
-0.28125
-1.703125
-1.703125
-5.96875
-5.96875
-7.28515625
-7.28515625
-6.89453125
-6.89453125
-8.24609375
-8.24609375
-9.48828125
-9.48828125
-9.73828125
-9.73828125
-10.734375
-10.734375
-11.4453125
-11.4453125
-12.19140625
-12.19140625
-13.15234375
-13.15234375
-13.8984375
-13.8984375
-13.8984375
-13.8984375
-15.78125
-15.78125
-16.27734375
-16.27734375
-17.2734375
-17.2734375
-17.734375
-17.734375
-18.33984375
-18.33984375
-18.765625
-18.765625
-19.15625
-19.15625
-19.4765625
-19.4765625
-19.94140625
-19.94140625
-19.94140625
-19.94140625
-20.93359375
-20.93359375
-21.68359375
-21.68359375
-22.07421875
-22.07421875
-22.92578125
-22.92578125
-22.85546875
-22.85546875
-24.02734375
-24.02734375
-22.890625
-22.890625
-24.84375
-24.84375
-24.73828125
-24.73828125
-24.6328125
-24.6328125
-25.05859375
-25.05859375
-24.91796875
-24.91796875
-24.5625
-24.5625
-24.5625
-24.5625
-25.37890625
-25.37890625
-25.12890625
-25.12890625
-25.2734375
-25.2734375
-25.30859375
-25.30859375
-26.16015625
-26.16015625
-25.69921875
-25.69921875
-25.34375
-25.34375
-26.8359375
-26.8359375
-26.3046875
-26.3046875
-26.23046875
-26.23046875
-26.16015625
-26.16015625
-26.66015625
-26.66015625
-26.125
-26.125
-27.8671875
-27.8671875
-24.73828125
-24.73828125
-24.59765625
-24.59765625
-24.84375
-24.84375
-24.84375
-24.84375
-24.59765625
-24.59765625
-21.5390625
-21.5390625
-25.34375
-25.34375
-27.51171875
-27.51171875
-26.87109375
-26.87109375
-25.734375
-25.734375
-24.91796875
-24.91796875
-24.91796875
-24.91796875
-24.59765625
-24.59765625
-23.31640625
-23.31640625
-23.63671875
-23.63671875
-22.39453125
-22.39453125
-24.09765625
-24.09765625
-24.09765625
-24.09765625
-22.99609375
-22.99609375
-22.99609375
-22.99609375
-22.85546875
-22.85546875
-23.24609375
-23.24609375
-24.59765625
-24.59765625
-24.41796875
-24.41796875
-21.609375
-21.609375
-21.96484375
-21.96484375
-22.75
-22.75
-20.1875
-20.1875
-17.62890625
-17.62890625
-19.4765625
-19.4765625
-18.19921875
-18.19921875
-21.21875
0
0
0
0
0
0
0
0
0
0
0
0
0
0
0
0
0
0
0
0
0
0
0
0
0
0
0
0
0
0
0
0
0
0
0
