1.703125
1.59765625
1.59765625
1.52734375
1.52734375
1.45703125
1.45703125
1.59765625
1.59765625
1.91796875
1.91796875
0.42578125
0.42578125
0.81640625
0.81640625
0.921875
0.921875
2.09375
2.09375
1.66796875
1.66796875
1.66796875
1.66796875
1.66796875
1.66796875
1.953125
1.953125
1.98828125
1.98828125
1.953125
1.953125
1.8125
1.8125
2.1328125
2.1328125
1.953125
1.953125
1.84765625
1.84765625
2.1328125
2.1328125
1.73828125
1.73828125
1.91796875
1.91796875
1.8125
1.8125
1.77734375
1.77734375
1.73828125
1.73828125
1.91796875
1.91796875
1.20703125
1.20703125
1.171875
1.171875
0.8515625
0.8515625
0.63671875
0.63671875
0.6015625
0.6015625
0.4609375
0.4609375
0.28125
0.28125
0.140625
0.140625
0.2109375
0.2109375
0.17578125
0.17578125
0.0703125
0.0703125
0.0703125
0.0703125
0.10546875
0.10546875
0
0
0.2109375
0.2109375
0.10546875
0.10546875
0.28125
0.28125
0.24609375
0.24609375
0.140625
0.140625
0.140625
0.140625
0.4609375
0.4609375
0.31640625
0.31640625
0.03515625
0.03515625
0.140625
0.140625
0.0703125
0.0703125
-0.10546875
-0.10546875
-0.0703125
-0.0703125
-0.0703125
-0.0703125
-0.28125
-0.28125
-0.0703125
-0.0703125
-0.17578125
-0.17578125
-0.35546875
-0.35546875
-0.28125
-0.28125
-0.390625
-0.390625
-0.2109375
-0.2109375
-0.35546875
-0.35546875
-0.24609375
-0.24609375
-0.35546875
-0.35546875
-0.8515625
-0.8515625
-0.49609375
-0.49609375
-0.7109375
-0.7109375
-0.95703125
-0.95703125
-1.02734375
-1.02734375
-0.921875
-0.921875
-1.13671875
-1.13671875
-0.921875
-0.921875
-0.78125
-0.78125
-0.78125
-0.78125
-0.8515625
-0.8515625
-0.88671875
-0.88671875
-1.20703125
-1.20703125
-1.20703125
-0.88671875
-1.2421875
-1.2421875
-0.921875
-0.921875
-0.95703125
-0.95703125
-0.78125
-0.78125
-0.9921875
-0.9921875
-1.06640625
-1.06640625
-0.9921875
-0.9921875
-0.81640625
-0.81640625
-0.53125
-0.53125
-0.671875
-0.671875
-0.921875
-0.921875
-0.921875
-0.921875
-0.63671875
-0.63671875
-0.63671875
-0.63671875
-0.63671875
-0.63671875
-0.78125
-0.78125
-0.74609375
-0.74609375
-0.74609375
-0.74609375
-0.35546875
-0.35546875
-0.74609375
-0.74609375
-0.49609375
-0.49609375
-0.24609375
-0.24609375
-0.6015625
-0.6015625
-0.6015625
-0.6015625
-0.56640625
-0.56640625
-0.49609375
-0.49609375
-0.2109375
-0.2109375
-0.4609375
-0.4609375
-0.56640625
-0.56640625
-0.56640625
-0.56640625
-0.28125
-0.28125
-0.6015625
-0.6015625
-0.140625
-0.140625
-0.24609375
-0.24609375
-0.10546875
-0.10546875
-0.6015625
-0.6015625
-0.42578125
-0.42578125
-0.42578125
-0.42578125
-0.0703125
-0.0703125
-0.03515625
-0.03515625
0.35546875
0.35546875
2.16796875
2.16796875
3.765625
3.765625
3.08984375
3.08984375
5.5078125
5.5078125
5.33203125
5.33203125
7.03515625
7.03515625
8.24609375
8.24609375
8.77734375
8.77734375
9.73828125
9.73828125
10.44921875
10.44921875
9.84375
9.84375
10.91015625
10.91015625
10.91015625
10.91015625
11.9765625
11.9765625
12.6875
12.6875
13.29296875
13.29296875
14.00390625
14.00390625
14.609375
14.609375
14.46484375
14.46484375
15.6015625
15.6015625
15.2109375
15.2109375
16.38671875
16.38671875
16.38671875
16.38671875
16.84765625
16.84765625
16.03125
16.03125
17.0234375
17.0234375
16.38671875
16.38671875
16.6328125
16.6328125
16.4921875
16.4921875
17.1328125
17.1328125
16.70703125
16.70703125
18.33984375
18.33984375
18.3046875
18.3046875
18.12890625
18.12890625
18.0546875
18.0546875
18.9453125
18.9453125
18.9453125
18.9453125
18.73046875
18.73046875
19.8671875
19.8671875
19.12109375
19.12109375
19.37109375
19.37109375
19.65625
19.65625
20.65234375
20.65234375
19.76171875
19.76171875
21.3984375
21.3984375
19.94140625
19.94140625
19.8671875
19.8671875
19.76171875
19.76171875
20.828125
20.828125
20.296875
20.296875
19.83203125
19.83203125
21.64453125
21.64453125
20.01171875
20.01171875
20.01171875
20.01171875
20.01171875
20.01171875
20.79296875
20.79296875
20.046875
20.046875
17.1328125
17.1328125
18.73046875
18.73046875
18.875
18.875
17.23828125
17.23828125
17.48828125
17.48828125
17.48828125
17.48828125
15.17578125
15.17578125
15.8515625
15.8515625
13.71875
13.71875
15.67578125
15.67578125
15.67578125
15.67578125
15.67578125
15.67578125
14.46484375
14.46484375
14.46484375
14.46484375
10.58984375
10.58984375
11.48046875
11.48046875
12.296875
12.296875
10.34375
10.34375
11.125
11.125
10.0234375
10.0234375
8.2109375
8.2109375
8.53125
8.53125
7.14453125
7.14453125
7.9609375
7.9609375
3.6953125
3.6953125
7.21484375
0
0
0
0
0
0
0
0
0
0
0
0
0
0
0
0
0
0
0
0
0
0
0
0
0
0
0
0
0
0
0
0
0
0
0
