-4.40625
-3.9453125
-3.9453125
-4.015625
-4.015625
-4.12109375
-4.12109375
-4.40625
-4.40625
-4.2265625
-4.2265625
0.56640625
0.56640625
-0.10546875
-0.10546875
-0.0703125
-0.0703125
-1.703125
-1.703125
-2.05859375
-2.05859375
-1.8125
-1.8125
-1.8125
-1.8125
-2.16796875
-2.16796875
-1.52734375
-1.52734375
-1.77734375
-1.77734375
-1.84765625
-1.84765625
-2.30859375
-2.30859375
-2.05859375
-2.05859375
-2.09375
-2.09375
-2.2734375
-2.2734375
-2.203125
-2.203125
-2.1328125
-2.1328125
-2.05859375
-2.05859375
-2.09375
-2.09375
-2.1328125
-2.1328125
-2.203125
-2.203125
-2.4140625
-2.4140625
-2.8046875
-2.8046875
-2.5234375
-2.5234375
-2.94921875
-2.94921875
-3.234375
-3.234375
-3.26953125
-3.26953125
-3.19921875
-3.19921875
-3.19921875
-3.19921875
-2.94921875
-2.94921875
-3.08984375
-3.08984375
-2.9140625
-2.9140625
-2.9140625
-2.9140625
-2.9140625
-2.9140625
-2.76953125
-2.76953125
-2.55859375
-2.55859375
-2.5234375
-2.5234375
-2.4140625
-2.4140625
-2.34375
-2.34375
-2.48828125
-2.48828125
-2.48828125
-2.48828125
-2.23828125
-2.23828125
-2.0234375
-2.0234375
-1.703125
-1.703125
-1.77734375
-1.77734375
-1.421875
-1.421875
-1.4921875
-1.4921875
-1.13671875
-1.13671875
-1.3828125
-1.3828125
-1.52734375
-1.52734375
-1.27734375
-1.27734375
-0.95703125
-0.95703125
-1.13671875
-1.13671875
-1.2421875
-1.2421875
-1.34765625
-1.34765625
-1.06640625
-1.06640625
-1.171875
-1.171875
-1.171875
-1.171875
-1.171875
-1.171875
-0.88671875
-0.88671875
-1.3125
-1.3125
-0.81640625
-0.81640625
-1.2421875
-1.2421875
-0.95703125
-0.95703125
-1.06640625
-1.06640625
-0.78125
-0.78125
-0.9921875
-0.9921875
-0.88671875
-0.88671875
-0.88671875
-0.88671875
-0.63671875
-0.63671875
-0.63671875
-0.63671875
-0.74609375
-0.74609375
-0.74609375
-0.81640625
-0.7109375
-0.7109375
-0.78125
-0.78125
-0.390625
-0.390625
-0.671875
-0.671875
-0.35546875
-0.35546875
-0.35546875
-0.35546875
-0.63671875
-0.63671875
-0.53125
-0.53125
-0.35546875
-0.35546875
-0.390625
-0.390625
-0.31640625
-0.31640625
-0.31640625
-0.31640625
-0.24609375
-0.24609375
-0.24609375
-0.24609375
-0.63671875
-0.63671875
-0.53125
-0.53125
-0.31640625
-0.31640625
-0.31640625
-0.31640625
-0.6015625
-0.6015625
-0.42578125
-0.42578125
-0.53125
-0.53125
-0.2109375
-0.2109375
-0.28125
-0.28125
-0.28125
-0.28125
-0.17578125
-0.17578125
-0.24609375
-0.24609375
-0.28125
-0.28125
0.0703125
0.0703125
-0.10546875
-0.10546875
-0.24609375
-0.24609375
0
0
0
0
-0.2109375
-0.2109375
-0.35546875
-0.35546875
-0.2109375
-0.2109375
-0.4609375
-0.4609375
-0.17578125
-0.17578125
-0.35546875
-0.35546875
-0.671875
-0.671875
-0.78125
-0.78125
-0.74609375
-0.74609375
-0.9921875
-0.9921875
-0.671875
-0.671875
-0.24609375
-0.24609375
-0.53125
-0.53125
-0.671875
-0.671875
-0.49609375
-0.49609375
-0.10546875
-0.10546875
-0.17578125
-0.17578125
0
0
-0.0703125
-0.0703125
0.24609375
0.24609375
0.0703125
0.0703125
0.0703125
0.0703125
0.10546875
0.10546875
0.0703125
0.0703125
0.24609375
0.24609375
0.24609375
0.24609375
0.17578125
0.17578125
0.03515625
0.03515625
0.28125
0.28125
0.03515625
0.03515625
0.0703125
0.0703125
0.0703125
0.0703125
0.2109375
0.2109375
0.10546875
0.10546875
0.2109375
0.2109375
0.0703125
0.0703125
-0.0703125
-0.0703125
0
0
-0.140625
-0.140625
0
0
0
0
-0.24609375
-0.24609375
-0.0703125
-0.0703125
0.03515625
0.03515625
0
0
0
0
0
0
-0.03515625
-0.03515625
-0.31640625
-0.31640625
0
0
-0.0703125
-0.0703125
-0.2109375
-0.2109375
-0.2109375
-0.2109375
-0.10546875
-0.10546875
0
0
-0.140625
-0.140625
-0.24609375
-0.24609375
-0.31640625
-0.31640625
-0.140625
-0.140625
-0.2109375
-0.2109375
-0.0703125
-0.0703125
0.17578125
0.17578125
-0.0703125
-0.0703125
-0.0703125
-0.0703125
0.390625
0.390625
0.63671875
0.63671875
0.17578125
0.17578125
0.390625
0.390625
0.49609375
0.49609375
0.56640625
0.56640625
1.20703125
1.20703125
1.20703125
1.20703125
0.6015625
0.6015625
0.49609375
0.49609375
0.78125
0.78125
0.74609375
0.74609375
1.02734375
1.02734375
1.02734375
1.02734375
0.74609375
0.74609375
0.74609375
0.74609375
1.13671875
1.13671875
0.78125
0.78125
0.53125
0.53125
0.88671875
0.88671875
0.8515625
0.8515625
0.78125
0.78125
0.81640625
0.81640625
0.49609375
0.49609375
0.24609375
0.24609375
0.390625
0.390625
0.49609375
0.49609375
0.140625
0
0
0
0
0
0
0
0
0
0
0
0
0
0
0
0
0
0
0
0
0
0
0
0
0
0
0
0
0
0
0
0
0
0
0
