-1.1015625
-1.171875
-1.171875
-1.27734375
-1.27734375
-1.34765625
-1.34765625
-1.13671875
-1.13671875
-1.06640625
-1.06640625
11.30078125
11.30078125
6.21875
6.21875
6.96484375
6.96484375
5.47265625
5.47265625
3.80078125
3.80078125
4.8671875
4.8671875
4.8671875
4.8671875
5.29296875
5.29296875
6.078125
6.078125
7.21484375
7.21484375
7
7
5.86328125
5.86328125
6.75390625
6.75390625
6.2890625
6.2890625
6.32421875
6.32421875
6.32421875
6.32421875
6.71484375
6.71484375
7.1796875
7.1796875
6.7890625
6.7890625
7.21484375
7.21484375
7.0703125
7.0703125
6.75390625
6.75390625
7.1796875
7.1796875
8.1015625
8.1015625
7.03515625
7.03515625
7.0703125
7.0703125
7.890625
7.890625
6.11328125
6.11328125
6.609375
6.609375
7.03515625
7.03515625
6.64453125
6.64453125
7.1796875
7.1796875
7.1796875
7.1796875
7.92578125
7.92578125
7.640625
7.640625
7.60546875
7.60546875
8.17578125
8.17578125
8.1015625
8.1015625
8.671875
8.671875
7.78125
7.78125
7.78125
7.78125
8.06640625
8.06640625
8.9921875
8.9921875
9.73828125
9.73828125
8.38671875
8.38671875
8.63671875
8.63671875
9.87890625
9.87890625
9.2421875
9.2421875
9.2421875
9.2421875
9.73828125
9.73828125
10.26953125
10.26953125
9.3828125
9.3828125
10.19921875
10.19921875
10.12890625
10.12890625
10.37890625
10.37890625
9.84375
9.84375
9.6328125
9.6328125
9.34765625
9.34765625
8.8125
8.8125
9.1328125
9.1328125
9.02734375
9.02734375
8.06640625
8.06640625
8.671875
8.671875
8.63671875
8.63671875
7.5703125
7.5703125
7.99609375
7.99609375
7.1796875
7.1796875
6.25390625
6.25390625
6.25390625
6.25390625
5.578125
5.578125
5.96875
5.96875
5.08203125
5.08203125
5.08203125
4.8671875
4.7265625
4.7265625
4.9375
4.9375
4.69140625
4.69140625
3.73046875
3.73046875
4.0859375
4.0859375
3.91015625
3.91015625
3.26953125
3.26953125
3.3046875
3.3046875
3.08984375
3.08984375
2.34375
2.34375
2.1328125
2.1328125
2.1328125
2.1328125
1.91796875
1.91796875
1.91796875
1.91796875
1.73828125
1.73828125
1.77734375
1.77734375
1.27734375
1.27734375
1.27734375
1.27734375
0.88671875
0.88671875
0.8515625
0.8515625
0.7109375
0.7109375
0.6015625
0.6015625
1.02734375
1.02734375
1.02734375
1.02734375
0.24609375
0.24609375
0.10546875
0.10546875
0
0
-0.10546875
-0.10546875
-0.24609375
-0.24609375
-0.10546875
-0.10546875
-0.24609375
-0.24609375
-0.42578125
-0.42578125
-0.31640625
-0.31640625
-0.4609375
-0.4609375
0.03515625
0.03515625
-0.4609375
-0.4609375
-1.3125
-1.3125
-1.52734375
-1.52734375
-0.63671875
-0.63671875
-0.63671875
-0.63671875
-0.56640625
-0.56640625
-0.78125
-0.78125
-0.56640625
-0.56640625
-1.13671875
-1.13671875
-0.95703125
-0.95703125
-1.13671875
-1.13671875
-1.1015625
-1.1015625
-1.13671875
-1.13671875
-1.27734375
-1.27734375
-1.02734375
-1.02734375
-1.171875
-1.171875
-1.91796875
-1.91796875
-1.98828125
-1.98828125
-1.98828125
-1.98828125
-2.37890625
-2.37890625
-2.4140625
-2.4140625
-2.69921875
-2.69921875
-2.87890625
-2.87890625
-2.94921875
-2.94921875
-3.3046875
-3.3046875
-3.19921875
-3.19921875
-3.9453125
-3.9453125
-3.765625
-3.765625
-3.765625
-3.765625
-3.4453125
-3.4453125
-3.6953125
-3.6953125
-3.58984375
-3.58984375
-4.05078125
-4.05078125
-4.40625
-4.40625
-4.15625
-4.15625
-3.515625
-3.515625
-4.65625
-4.65625
-4.37109375
-4.37109375
-4.4765625
-4.4765625
-4.37109375
-4.37109375
-4.51171875
-4.51171875
-5.01171875
-5.01171875
-5.01171875
-5.01171875
-4.90234375
-4.90234375
-5.3671875
-5.3671875
-6.359375
-6.359375
-6.18359375
-6.18359375
-6.609375
-6.609375
-7.0703125
-7.0703125
-7.5703125
-7.5703125
-7.7109375
-7.7109375
-7.25
-7.25
-7.35546875
-7.35546875
-7
-7
-8.28125
-8.28125
-7.35546875
-7.35546875
-8.45703125
-8.45703125
-8.13671875
-8.13671875
-9.0625
-9.0625
-9.203125
-9.203125
-9.203125
-9.203125
-8.17578125
-8.17578125
-8.3515625
-8.3515625
-8.3515625
-8.3515625
-7.85546875
-7.85546875
-7.21484375
-7.21484375
-7.92578125
-7.92578125
-7.14453125
-7.14453125
-7.14453125
-7.14453125
-7.7109375
-7.7109375
-8.6015625
-8.6015625
-7.60546875
-7.60546875
-7.9609375
-7.9609375
-7.890625
-7.890625
-7.890625
-7.890625
-8.03125
-8.03125
-8.03125
-8.03125
-6.89453125
-6.89453125
-6.82421875
-6.82421875
-6.43359375
-6.43359375
-6.00390625
-6.00390625
-5.33203125
-5.33203125
-6.1484375
-6.1484375
-4.30078125
-4.30078125
-4.65625
-4.65625
-3.19921875
-3.19921875
-1.3828125
-1.3828125
-1.3125
-1.3125
-3.66015625
0
0
0
0
0
0
0
0
0
0
0
0
0
0
0
0
0
0
0
0
0
0
0
0
0
0
0
0
0
0
0
0
0
0
0
