0.88671875
8.921875
8.921875
14.359375
14.359375
22.46484375
22.46484375
25.4140625
25.4140625
24.7734375
24.7734375
20.33203125
20.33203125
16.59765625
16.59765625
15.99609375
15.99609375
13.29296875
13.29296875
11.8359375
11.8359375
10.6640625
10.6640625
9.66796875
9.66796875
9.3828125
9.3828125
9.41796875
9.41796875
10.5546875
10.5546875
11.41015625
11.41015625
12.97265625
12.97265625
14.609375
14.609375
17.1328125
17.1328125
20.046875
20.046875
24.09765625
24.09765625
27.76171875
27.76171875
31.38671875
31.38671875
33.76953125
33.76953125
35.2265625
35.2265625
35.72265625
35.72265625
35.296875
35.296875
33.98046875
33.98046875
31.8125
31.8125
29.21875
29.21875
28.15234375
28.15234375
27.546875
27.546875
26.3046875
26.3046875
26.08984375
26.08984375
24.20703125
24.20703125
23.671875
23.671875
22.890625
22.890625
22.109375
22.109375
20.93359375
20.93359375
20.97265625
20.97265625
20.26171875
20.26171875
18.9453125
18.9453125
18.484375
18.484375
15.53125
15.53125
14.21875
14.21875
12.7578125
12.7578125
11.55078125
11.55078125
10.4140625
10.4140625
9.66796875
9.66796875
8.70703125
8.70703125
7.5703125
7.5703125
7.890625
7.890625
5.828125
5.828125
5.828125
5.828125
4.62109375
4.62109375
4.62109375
4.12109375
3.87109375
3.87109375
3.80078125
3.80078125
2.84375
2.84375
2.203125
2.203125
2.2734375
2.2734375
2.34375
2.34375
1.91796875
1.91796875
1.3125
1.3125
0.7109375
0.7109375
0.4609375
0.4609375
0.53125
0.53125
0.2109375
0.2109375
-0.03515625
-0.03515625
-0.0703125
-0.0703125
0.10546875
0.10546875
0.28125
0.28125
0.24609375
0.24609375
0.2109375
0.2109375
0.42578125
0.42578125
0.0703125
0.0703125
0.24609375
0.24609375
0.35546875
0.35546875
0.49609375
0.49609375
0.140625
0.140625
0.42578125
0.42578125
0.7109375
0.7109375
0.42578125
0.42578125
0.6015625
0.6015625
0.6015625
0.6015625
0.56640625
0.56640625
0.2109375
0.2109375
0.63671875
0.63671875
0.53125
0.53125
0.24609375
0.24609375
0.88671875
0.88671875
0.63671875
0.63671875
0.7109375
0.7109375
0.7109375
0.7109375
1.171875
1.171875
1.171875
1.171875
1.3125
1.3125
1.6328125
1.6328125
1.91796875
1.91796875
1.953125
1.953125
2.30859375
2.30859375
2.734375
2.734375
2.76953125
2.76953125
3.19921875
3.19921875
3.16015625
3.16015625
3.26953125
3.26953125
3.6953125
3.6953125
3.9453125
3.9453125
3.6953125
3.6953125
4.0859375
4.0859375
3.765625
3.765625
3.5546875
3.5546875
3.765625
3.765625
3.98046875
3.98046875
3.91015625
3.91015625
4.30078125
4.30078125
4.0859375
4.0859375
4.0859375
4.0859375
4.05078125
4.05078125
4.05078125
4.12109375
4.015625
4.015625
4.05078125
4.05078125
4.015625
4.015625
4.05078125
4.05078125
4.15625
4.15625
4.12109375
4.12109375
3.98046875
3.98046875
4.12109375
4.12109375
4.0859375
4.0859375
4.44140625
4.44140625
4.12109375
4.12109375
4.265625
4.265625
4.19140625
4.19140625
4.19140625
4.19140625
4.12109375
4.12109375
4.265625
4.265625
3.98046875
3.98046875
4.19140625
4.19140625
3.98046875
3.98046875
4.3359375
4.3359375
4.015625
4.015625
3.375
3.375
3.6953125
3.6953125
3.19921875
3.19921875
2.9140625
2.9140625
2.87890625
2.87890625
2.37890625
2.37890625
2.44921875
2.44921875
2.23828125
2.23828125
1.84765625
1.84765625
2.37890625
2.37890625
2.62890625
2.62890625
2.37890625
2.37890625
2.5234375
2.5234375
3.01953125
3.01953125
2.84375
2.84375
2.8046875
2.8046875
2.55859375
2.55859375
2.94921875
2.94921875
2.94921875
2.94921875
2.69921875
2.69921875
2.2734375
2.2734375
2.76953125
2.76953125
2.62890625
2.62890625
2.4140625
2.4140625
2.203125
2.203125
2.16796875
2.16796875
2.16796875
2.16796875
1.4921875
1.4921875
1.703125
1.703125
1.1015625
1.1015625
1.13671875
1.13671875
0.9921875
0.9921875
0.921875
0.921875
1.13671875
1.13671875
1.27734375
1.27734375
0.9921875
0.9921875
0.81640625
0.81640625
1.02734375
1.02734375
0.8515625
0.8515625
0.95703125
0.95703125
1.1015625
1.1015625
0.921875
0.921875
0.6015625
0.88671875
0.88671875
0.88671875
0.671875
0.671875
0.78125
0.78125
0.53125
0.53125
0.7109375
0.7109375
0.81640625
0.81640625
0.63671875
0.63671875
1.1015625
1.1015625
0.74609375
0.74609375
1.1015625
1.1015625
0.8515625
0.8515625
0.95703125
0.95703125
0.9921875
0.9921875
0.53125
0.53125
0.921875
0.921875
0.88671875
0.88671875
1.06640625
1.06640625
0.8515625
0.8515625
0
0
0
0
0
0
0
0
0
0
0
0
0
0
0
0
0
0
0
0
0
0
0
0
0
0
0
0
0
0
0
0
0
0
0
0
0
0
0
0
0
0
0
0
0
0
0
0
0
0
0
0
0
0
0
0
0
0
0
0
0
0
0
0
0
0
0
0
0
0
0
0
0
0
0
0
0
0
0
0
0
0
0
0
0
0
0
0
0
0
0
0
0
0
0
0
0
0
0
0
0
0
0
0
0
0
0
0
0
0
0
0
0
0
