-0.31640625
0
0
0.0703125
0.0703125
-0.140625
-0.140625
-0.0703125
-0.0703125
-0.35546875
-0.35546875
11.0546875
11.0546875
8.03125
8.03125
8.921875
8.921875
6.75390625
6.75390625
5.72265625
5.72265625
6.64453125
6.64453125
6.64453125
6.64453125
7.99609375
7.99609375
9.66796875
9.66796875
9.9140625
9.9140625
10.44921875
10.44921875
9.34765625
9.34765625
9.02734375
9.02734375
7
7
5.7578125
5.7578125
6.46875
6.46875
5.33203125
5.33203125
4.83203125
4.83203125
4.62109375
4.62109375
3.91015625
3.91015625
2.9140625
2.9140625
2.2734375
2.2734375
1.953125
1.953125
2.30859375
2.30859375
2.734375
2.734375
2.87890625
2.87890625
2.84375
2.84375
2.84375
2.84375
2.59375
2.59375
2.69921875
2.69921875
3.48046875
3.48046875
3.515625
3.515625
3.515625
3.515625
3.73046875
3.73046875
3.8359375
3.8359375
4.19140625
4.19140625
4.05078125
4.05078125
4.546875
4.546875
4.69140625
4.69140625
5.578125
5.578125
5.578125
5.578125
4.83203125
4.83203125
4.62109375
4.62109375
4.546875
4.546875
4.796875
4.796875
3.73046875
3.73046875
4.15625
4.15625
3.80078125
3.80078125
3.66015625
3.66015625
3.3046875
3.3046875
2.984375
2.984375
2.4140625
2.4140625
2.69921875
2.69921875
2.984375
2.984375
3.375
3.375
2.30859375
2.30859375
1.8125
1.8125
2.09375
2.09375
2.0234375
2.0234375
1.3828125
1.3828125
1.5625
1.5625
1.5625
1.5625
0.49609375
0.49609375
1.421875
1.421875
0.8515625
0.8515625
0.8515625
0.8515625
0.4609375
0.4609375
0.24609375
0.24609375
0.24609375
0.24609375
0.56640625
0.56640625
-0.24609375
-0.24609375
-0.140625
-0.140625
-0.140625
-0.140625
0.17578125
0.17578125
-0.140625
-0.140625
0.0703125
0.0703125
-0.10546875
-0.10546875
0.140625
0.140625
0.24609375
0.24609375
0.671875
0.671875
0.4609375
0.4609375
0.56640625
0.56640625
0.24609375
0.24609375
0.4609375
0.4609375
0.4609375
0.4609375
0.53125
0.53125
0.53125
0.53125
0.671875
0.671875
0.6015625
0.6015625
0.4609375
0.4609375
0.4609375
0.4609375
0.56640625
0.56640625
0.42578125
0.42578125
0.24609375
0.24609375
0.7109375
0.7109375
0.42578125
0.42578125
0.42578125
0.42578125
0.35546875
0.35546875
0.10546875
0.10546875
0.88671875
0.88671875
0.31640625
0.31640625
0.4609375
0.4609375
0.671875
0.671875
0.10546875
0.10546875
0.10546875
0.10546875
0.10546875
0.10546875
-0.17578125
-0.17578125
-0.390625
-0.390625
-0.671875
-0.671875
-2.984375
-2.984375
-4.69140625
-4.69140625
-4.58203125
-4.58203125
-5.40234375
-5.40234375
-5.79296875
-5.79296875
-6.18359375
-6.18359375
-7.109375
-7.109375
-7.78125
-7.78125
-8.24609375
-8.24609375
-9.41796875
-9.41796875
-10.234375
-10.234375
-11.125
-11.125
-11.125
-11.125
-12.2265625
-12.2265625
-13.2578125
-13.2578125
-13.96875
-13.96875
-14.64453125
-14.64453125
-14.64453125
-14.64453125
-15.8515625
-15.8515625
-16.66796875
-16.66796875
-16.8828125
-16.8828125
-17.453125
-17.453125
-18.12890625
-18.12890625
-18.41015625
-18.41015625
-18.73046875
-18.73046875
-19.3359375
-19.3359375
-19.12109375
-19.12109375
-19.12109375
-19.12109375
-20.7578125
-20.7578125
-21.609375
-21.609375
-21.25390625
-21.25390625
-22.109375
-22.109375
-22.7109375
-22.7109375
-23.06640625
-23.06640625
-22.21484375
-22.21484375
-23.70703125
-23.70703125
-23.24609375
-23.24609375
-22.99609375
-22.99609375
-23.38671875
-23.38671875
-22.92578125
-22.92578125
-23.24609375
-23.24609375
-23.24609375
-23.24609375
-22.92578125
-22.92578125
-24.91796875
-24.91796875
-23.31640625
-23.31640625
-24.41796875
-24.41796875
-23.53125
-23.53125
-23.421875
-23.421875
-23.24609375
-23.24609375
-22.99609375
-22.99609375
-23.49609375
-23.49609375
-22.7109375
-22.7109375
-21.68359375
-21.68359375
-23.140625
-23.140625
-22.78515625
-22.78515625
-22.60546875
-22.60546875
-22.25
-22.25
-22.67578125
-22.67578125
-22.21484375
-22.21484375
-22.21484375
-22.21484375
-24.52734375
-24.52734375
-22.92578125
-22.92578125
-24.66796875
-24.66796875
-23.38671875
-23.38671875
-21.328125
-21.328125
-19.51171875
-19.51171875
-23.24609375
-23.24609375
-23.24609375
-23.24609375
-24.09765625
-24.09765625
-21.68359375
-21.68359375
-21.75390625
-21.75390625
-21.11328125
-21.11328125
-18.12890625
-18.12890625
-18.12890625
-18.12890625
-16.59765625
-16.59765625
-16.59765625
-16.59765625
-19.12109375
-19.12109375
-21.1484375
-21.1484375
-18.5546875
-18.5546875
-19.83203125
-19.83203125
-18.3046875
-18.3046875
-20.5078125
-20.5078125
-20.6171875
-20.6171875
-21.609375
-21.609375
-17.6640625
-17.6640625
-20.3671875
-20.3671875
-20.54296875
-20.54296875
-19.51171875
0
0
0
0
0
0
0
0
0
0
0
0
0
0
0
0
0
0
0
0
0
0
0
0
0
0
0
0
0
0
0
0
0
0
0
