0.0703125
0.28125
0.28125
1.34765625
1.34765625
2.984375
2.984375
4.58203125
4.58203125
7.1796875
7.1796875
6.359375
6.359375
4.265625
4.265625
5.046875
5.046875
3.80078125
3.80078125
4.015625
4.015625
2.23828125
2.23828125
1.3828125
1.3828125
0.9921875
0.9921875
0.6015625
0.6015625
0.140625
0.140625
-3.625
-3.625
-2.203125
-2.203125
1.45703125
1.45703125
5.47265625
5.47265625
8.2109375
8.2109375
10.34375
10.34375
10.26953125
10.26953125
8.921875
8.921875
8.06640625
8.06640625
7.8203125
7.8203125
7.03515625
7.03515625
6.00390625
6.00390625
5.61328125
5.61328125
5.61328125
5.61328125
5.1875
5.1875
4.796875
4.796875
4.4765625
4.4765625
4.90234375
4.90234375
5.22265625
5.22265625
5.33203125
5.33203125
5.1171875
5.1171875
5.4375
5.4375
5.08203125
5.08203125
4.546875
4.546875
4.2265625
4.2265625
4.05078125
4.05078125
3.19921875
3.19921875
2.6640625
2.6640625
2.0234375
2.0234375
2.34375
2.34375
2.5234375
2.5234375
2.1328125
2.1328125
1.91796875
1.91796875
1.06640625
1.06640625
0.7109375
0.7109375
0.7109375
0.7109375
0.4609375
0.4609375
0.0703125
0.0703125
0.0703125
0.0703125
0.390625
0.390625
0.390625
-0.0703125
0.17578125
0.17578125
-0.140625
-0.140625
-0.2109375
-0.2109375
-0.4609375
-0.4609375
-0.390625
-0.390625
-0.28125
-0.28125
-0.0703125
-0.0703125
0.0703125
0.0703125
0.17578125
0.17578125
0.17578125
0.17578125
0.28125
0.28125
0.31640625
0.31640625
0
0
0.03515625
0.03515625
0.49609375
0.49609375
1.66796875
1.66796875
1.98828125
1.98828125
1.66796875
1.66796875
1.06640625
1.06640625
1.20703125
1.20703125
0.95703125
0.95703125
1.52734375
1.52734375
1.2421875
1.2421875
0.9921875
0.9921875
0.88671875
0.88671875
1.02734375
1.02734375
1.06640625
1.06640625
0.671875
0.671875
0.81640625
0.81640625
0.8515625
0.8515625
0.8515625
0.8515625
0.671875
0.671875
0.74609375
0.74609375
0.921875
0.921875
0.88671875
0.88671875
0.49609375
0.49609375
0.53125
0.53125
0.53125
0.53125
0.63671875
0.63671875
0.63671875
0.63671875
0.671875
0.671875
0.53125
0.53125
0.7109375
0.7109375
0.63671875
0.63671875
0.8515625
0.8515625
0.8515625
0.8515625
0.95703125
0.95703125
0.88671875
0.88671875
0.921875
0.921875
0.921875
0.921875
1.3125
1.3125
1.06640625
1.06640625
1.27734375
1.27734375
0.78125
0.78125
1.1015625
1.1015625
1.20703125
1.20703125
0.78125
0.78125
0.74609375
0.74609375
1.1015625
1.1015625
0.95703125
0.95703125
1.20703125
1.20703125
0.9921875
0.9921875
1.13671875
1.13671875
1.13671875
1.06640625
0.95703125
0.95703125
0.81640625
0.81640625
1.06640625
1.06640625
0.7109375
0.7109375
1.2421875
1.2421875
0.7109375
0.7109375
0.88671875
0.88671875
0.78125
0.78125
1.171875
1.171875
1.06640625
1.06640625
0.95703125
0.95703125
0.7109375
0.7109375
0.81640625
0.81640625
0.95703125
0.95703125
0.921875
0.921875
1.06640625
1.06640625
1.45703125
1.45703125
1.171875
1.171875
1.20703125
1.20703125
1.02734375
1.02734375
0.9921875
0.9921875
0.81640625
0.81640625
0.63671875
0.63671875
0.7109375
0.7109375
0.671875
0.671875
0.42578125
0.42578125
1.4921875
1.4921875
2.05859375
2.05859375
2.23828125
2.23828125
2.62890625
2.62890625
3.515625
3.515625
3.41015625
3.41015625
3.5546875
3.5546875
3.33984375
3.33984375
3.08984375
3.08984375
2.984375
2.984375
2.94921875
2.94921875
2.734375
2.734375
2.69921875
2.69921875
2.69921875
2.69921875
2.8046875
2.8046875
2.6640625
2.6640625
2.59375
2.59375
2.59375
2.59375
3.125
3.125
2.30859375
2.30859375
2.5234375
2.5234375
2.5234375
2.5234375
2.6640625
2.6640625
2.30859375
2.30859375
2.34375
2.34375
2.23828125
2.23828125
2.48828125
2.48828125
2.48828125
2.48828125
2.09375
2.09375
2.30859375
2.30859375
2.1328125
2.1328125
1.953125
1.953125
2.23828125
2.23828125
2.1328125
2.1328125
1.8125
1.8125
2.1328125
2.1328125
1.84765625
1.84765625
1.66796875
1.91796875
1.91796875
1.91796875
1.66796875
1.66796875
1.8125
1.8125
1.8125
1.8125
1.84765625
1.84765625
1.59765625
1.59765625
1.703125
1.703125
1.77734375
1.77734375
1.703125
1.703125
1.73828125
1.73828125
1.77734375
1.77734375
1.84765625
1.84765625
1.8125
1.8125
1.66796875
1.66796875
1.84765625
1.84765625
1.4921875
1.4921875
1.91796875
1.91796875
1.59765625
1.59765625
0
0
0
0
0
0
0
0
0
0
0
0
0
0
0
0
0
0
0
0
0
0
0
0
0
0
0
0
0
0
0
0
0
0
0
0
0
0
0
0
0
0
0
0
0
0
0
0
0
0
0
0
0
0
0
0
0
0
0
0
0
0
0
0
0
0
0
0
0
0
0
0
0
0
0
0
0
0
0
0
0
0
0
0
0
0
0
0
0
0
0
0
0
0
0
0
0
0
0
0
0
0
0
0
0
0
0
0
0
0
0
0
0
0
