11.265625
11.16015625
11.16015625
11.73046875
11.73046875
11.55078125
11.55078125
11.65625
11.65625
11.1953125
11.1953125
6.00390625
6.00390625
7.9609375
7.9609375
8.70703125
8.70703125
9.41796875
9.41796875
9.203125
9.203125
9.73828125
9.73828125
9.73828125
9.73828125
9.5234375
9.5234375
9.98828125
9.98828125
9.87890625
9.87890625
10.9453125
10.9453125
10.484375
10.484375
11.125
11.125
11.8359375
11.8359375
12.0859375
12.0859375
12.01171875
12.01171875
13.68359375
13.68359375
14.00390625
14.00390625
14.8203125
14.8203125
15.56640625
15.56640625
16.03125
16.03125
15.95703125
15.95703125
16.06640625
16.06640625
17.1328125
17.1328125
16.8828125
16.8828125
17.984375
17.984375
17.94921875
17.94921875
18.51953125
18.51953125
19.015625
19.015625
18.875
18.875
18.625
18.625
18.83984375
18.83984375
18.83984375
18.83984375
18.625
18.625
18.19921875
18.19921875
18.12890625
18.12890625
17.984375
17.984375
17.48828125
17.48828125
17.41796875
17.41796875
16.8125
16.8125
16.8125
16.8125
15.7109375
15.7109375
15.78125
15.78125
15.03515625
15.03515625
14.64453125
14.64453125
14.07421875
14.07421875
13.7890625
13.7890625
13.11328125
13.11328125
12.83203125
12.83203125
12.0859375
12.0859375
12.3671875
12.3671875
11.0546875
11.0546875
11.16015625
11.16015625
10.5546875
10.5546875
10.76953125
10.76953125
10.12890625
10.12890625
10.05859375
10.05859375
9.9140625
9.9140625
9.203125
9.203125
9.09765625
9.09765625
9.16796875
9.16796875
8.84765625
8.84765625
8.3515625
8.3515625
7.5703125
7.5703125
8.13671875
8.13671875
7.03515625
7.03515625
7.0703125
7.0703125
7.0703125
7.0703125
7.0703125
7.0703125
6.1484375
6.1484375
5.828125
5.828125
5.61328125
5.61328125
5.61328125
4.796875
4.76171875
4.76171875
4.796875
4.796875
4.265625
4.265625
3.765625
3.765625
3.48046875
3.48046875
3.16015625
3.16015625
3.0546875
3.0546875
2.984375
2.984375
2.59375
2.59375
2.87890625
2.87890625
2.23828125
2.23828125
2.23828125
2.23828125
1.91796875
1.91796875
1.91796875
1.91796875
1.34765625
1.34765625
0.95703125
0.95703125
0.921875
0.921875
0.921875
0.921875
0.63671875
0.63671875
0.63671875
0.63671875
0.4609375
0.4609375
0.390625
0.390625
0.24609375
0.24609375
0.24609375
0.24609375
0.140625
0.140625
-0.31640625
-0.31640625
-0.63671875
-0.63671875
-0.31640625
-0.31640625
-0.31640625
-0.31640625
-0.17578125
-0.17578125
-0.17578125
-0.17578125
-0.24609375
-0.24609375
-0.10546875
-0.10546875
-0.28125
-0.28125
-0.35546875
-0.35546875
-0.28125
-0.28125
-0.7109375
-0.7109375
-0.63671875
-0.63671875
-0.35546875
-0.35546875
-0.24609375
-0.24609375
-0.42578125
-0.42578125
-0.53125
-0.53125
-0.31640625
-0.31640625
-0.4609375
-0.4609375
-0.56640625
-0.56640625
-0.78125
-0.78125
-0.6015625
-0.6015625
-0.81640625
-0.81640625
-0.63671875
-0.63671875
-1.13671875
-1.13671875
-0.95703125
-0.95703125
-0.921875
-0.921875
-0.921875
-0.921875
-0.921875
-0.921875
-0.921875
-0.921875
-0.81640625
-0.81640625
-1.1015625
-1.1015625
-1.02734375
-1.02734375
-0.921875
-0.921875
-1.171875
-1.171875
-0.6015625
-0.6015625
-1.13671875
-1.13671875
-0.4609375
-0.4609375
-0.4609375
-0.4609375
-0.56640625
-0.56640625
-0.74609375
-0.74609375
-0.63671875
-0.63671875
-1.2421875
-1.2421875
-1.06640625
-1.06640625
-0.921875
-0.921875
-1.3828125
-1.3828125
-1.4921875
-1.4921875
-0.8515625
-0.8515625
-0.6015625
-0.6015625
-0.671875
-0.671875
-0.78125
-0.78125
-0.6015625
-0.6015625
-0.6015625
-0.6015625
-0.6015625
-0.6015625
-0.74609375
-0.74609375
-0.53125
-0.53125
-0.74609375
-0.74609375
0.10546875
0.10546875
-0.8515625
-0.8515625
-0.42578125
-0.42578125
-0.9921875
-0.9921875
-1.34765625
-1.34765625
-0.56640625
-0.56640625
-0.78125
-0.78125
-1.3125
-1.3125
-0.921875
-0.921875
-1.703125
-1.703125
-1.3125
-1.3125
-1.34765625
-1.34765625
-0.35546875
-0.35546875
-0.35546875
-0.35546875
-1.06640625
-1.06640625
-0.49609375
-0.49609375
-0.31640625
-0.31640625
-0.88671875
-0.88671875
-0.8515625
-0.8515625
0.10546875
0.10546875
-0.28125
-0.28125
-0.28125
-0.28125
-0.0703125
-0.0703125
-1.06640625
-1.06640625
-0.2109375
-0.2109375
-0.2109375
-0.2109375
-0.9921875
-0.9921875
-0.9921875
-0.9921875
0
0
0
0
0.10546875
0.10546875
-0.6015625
-0.6015625
0.42578125
0.42578125
1.3125
1.3125
1.59765625
1.59765625
0.49609375
0.49609375
2.4140625
2.4140625
1.2421875
1.2421875
0.31640625
0.31640625
1.02734375
1.02734375
3.125
3.125
2.203125
0
0
0
0
0
0
0
0
0
0
0
0
0
0
0
0
0
0
0
0
0
0
0
0
0
0
0
0
0
0
0
0
0
0
0
