7.46484375
6.359375
6.359375
5.61328125
5.61328125
5.15234375
5.15234375
5.72265625
5.72265625
6.96484375
6.96484375
3.41015625
3.41015625
10.875
10.875
10.5546875
10.5546875
15.49609375
15.49609375
13.7890625
13.7890625
15.28515625
15.28515625
16.27734375
16.27734375
14.57421875
14.57421875
13.7890625
13.7890625
17.87890625
17.87890625
12.19140625
12.19140625
14.21875
14.21875
13.3984375
13.3984375
13.36328125
13.36328125
13.82421875
13.82421875
14.53515625
14.53515625
16.2421875
16.2421875
15.24609375
15.24609375
15.56640625
15.56640625
17.55859375
17.55859375
17.30859375
17.30859375
19.05078125
19.05078125
19.76171875
19.76171875
20.79296875
20.79296875
21.96484375
21.96484375
22.07421875
22.07421875
21.859375
21.859375
19.94140625
19.94140625
18.5546875
18.5546875
16.421875
16.421875
15.140625
15.140625
13.5078125
13.5078125
11.73046875
11.73046875
10.5546875
10.5546875
9.16796875
9.16796875
8.4921875
8.4921875
7.78125
7.78125
6.5390625
6.5390625
6.359375
6.359375
6.71484375
6.71484375
5.08203125
5.08203125
4.0859375
4.0859375
3.8359375
3.8359375
3.3046875
3.3046875
3.26953125
3.26953125
3.41015625
3.41015625
4.3359375
4.3359375
3.48046875
3.48046875
3.48046875
3.48046875
3.765625
3.765625
3.765625
3.4453125
3.87109375
3.87109375
2.94921875
2.94921875
2.87890625
2.87890625
3.08984375
3.08984375
2.76953125
2.76953125
2.87890625
2.87890625
3.0546875
3.0546875
2.5234375
2.5234375
2.59375
2.59375
2.734375
2.734375
2.4140625
2.4140625
2.4140625
2.4140625
2.37890625
2.37890625
2.23828125
2.23828125
1.91796875
1.91796875
2.203125
2.203125
2.203125
2.203125
1.4921875
1.4921875
1.45703125
1.45703125
1.73828125
1.73828125
1.2421875
1.2421875
1.06640625
1.06640625
0.8515625
0.8515625
0.95703125
0.95703125
0.921875
0.921875
0.6015625
0.6015625
0.671875
0.671875
0.7109375
0.7109375
0.24609375
0.24609375
0.74609375
0.74609375
0.56640625
0.56640625
0.390625
0.390625
0.63671875
0.63671875
0.42578125
0.42578125
0.24609375
0.24609375
0.17578125
0.17578125
0.17578125
0.17578125
0.17578125
0.17578125
0.03515625
0.03515625
0.03515625
0.03515625
0.24609375
0.24609375
0.2109375
0.2109375
0.24609375
0.24609375
0.17578125
0.17578125
0.49609375
0.49609375
0.74609375
0.74609375
0.31640625
0.31640625
0.671875
0.671875
0.56640625
0.56640625
0.63671875
0.63671875
1.02734375
1.02734375
1.171875
1.171875
0.95703125
0.95703125
1.06640625
1.06640625
1.45703125
1.45703125
1.20703125
1.20703125
1.52734375
1.52734375
1.66796875
1.66796875
1.73828125
1.73828125
2.1328125
2.1328125
2.0234375
2.0234375
2.203125
2.203125
2.23828125
2.23828125
2.23828125
2.62890625
2.44921875
2.44921875
2.76953125
2.76953125
2.6640625
2.6640625
2.62890625
2.62890625
2.84375
2.84375
2.8046875
2.8046875
3.08984375
3.08984375
3.01953125
3.01953125
2.9140625
2.9140625
3.19921875
3.19921875
3.3046875
3.3046875
3.3046875
3.3046875
3.16015625
3.16015625
3.16015625
3.16015625
3.33984375
3.33984375
3.0546875
3.0546875
2.9140625
2.9140625
2.6640625
2.6640625
2.37890625
2.37890625
2.55859375
2.55859375
2.734375
2.734375
2.30859375
2.30859375
2.30859375
2.30859375
2.05859375
2.05859375
2.203125
2.203125
1.91796875
1.91796875
1.703125
1.703125
1.8828125
1.8828125
1.84765625
1.84765625
2.1328125
2.1328125
1.73828125
1.73828125
1.953125
1.953125
2.55859375
2.55859375
2.23828125
2.23828125
2.59375
2.59375
2.69921875
2.69921875
2.09375
2.09375
2.30859375
2.30859375
2.30859375
2.30859375
2.30859375
2.30859375
2.30859375
2.30859375
2.09375
2.09375
1.953125
1.953125
1.91796875
1.91796875
1.98828125
1.98828125
1.8828125
1.8828125
1.91796875
1.91796875
1.91796875
1.91796875
1.91796875
1.91796875
1.703125
1.703125
1.91796875
1.91796875
1.66796875
1.66796875
1.8828125
1.8828125
1.703125
1.703125
1.5625
1.5625
1.703125
1.703125
1.84765625
1.84765625
2.05859375
2.05859375
2.0234375
2.0234375
1.953125
1.953125
2.09375
2.09375
1.953125
1.953125
2.203125
2.203125
2.23828125
1.73828125
1.73828125
1.73828125
1.77734375
1.77734375
1.703125
1.703125
1.52734375
1.52734375
1.8125
1.8125
1.73828125
1.73828125
1.953125
1.953125
1.6328125
1.6328125
1.4921875
1.4921875
1.73828125
1.73828125
1.98828125
1.98828125
1.98828125
1.98828125
1.66796875
1.66796875
1.98828125
1.98828125
1.6328125
1.6328125
2.203125
2.203125
2.09375
2.09375
2.0234375
2.0234375
0
0
0
0
0
0
0
0
0
0
0
0
0
0
0
0
0
0
0
0
0
0
0
0
0
0
0
0
0
0
0
0
0
0
0
0
0
0
0
0
0
0
0
0
0
0
0
0
0
0
0
0
0
0
0
0
0
0
0
0
0
0
0
0
0
0
0
0
0
0
0
0
0
0
0
0
0
0
0
0
0
0
0
0
0
0
0
0
0
0
0
0
0
0
0
0
0
0
0
0
0
0
0
0
0
0
0
0
0
0
0
0
0
0
