4.83203125
5.6484375
5.6484375
6.00390625
6.00390625
6.32421875
6.32421875
6.43359375
6.43359375
6.75390625
6.75390625
7.1796875
7.1796875
14.109375
14.109375
12.296875
12.296875
11.125
11.125
12.046875
12.046875
16.06640625
16.06640625
18.91015625
18.91015625
23.17578125
23.17578125
27.015625
27.015625
32.3828125
32.3828125
36.11328125
36.11328125
37.32421875
37.32421875
36.3984375
36.3984375
36.68359375
36.68359375
36.04296875
36.04296875
36.36328125
36.36328125
36.078125
36.078125
31.59765625
31.59765625
29.07421875
29.07421875
29.50390625
29.50390625
29.64453125
29.64453125
30.10546875
30.10546875
30.67578125
30.67578125
31.421875
31.421875
31.63671875
31.63671875
31.8125
31.8125
31.70703125
31.70703125
30.4609375
30.4609375
30.5703125
30.5703125
27.97265625
27.97265625
27.4765625
27.4765625
23.95703125
23.95703125
23.7421875
23.7421875
20.1171875
20.1171875
18.26953125
18.26953125
16.5625
16.5625
15.17578125
15.17578125
15.640625
15.640625
13.82421875
13.82421875
12.72265625
12.72265625
12.51171875
12.51171875
11.48046875
11.48046875
10.83984375
10.83984375
10.51953125
10.51953125
10.19921875
10.19921875
9.84375
9.84375
9.41796875
9.41796875
9.09765625
9.09765625
9.09765625
9.09765625
8.56640625
8.56640625
8.56640625
8.03125
7.8203125
7.8203125
8.03125
8.03125
7.1796875
7.1796875
6.6796875
6.6796875
6.50390625
6.50390625
6.9296875
6.9296875
6.71484375
6.71484375
6.5390625
6.5390625
6.43359375
6.43359375
5.93359375
5.93359375
5.5078125
5.5078125
5.79296875
5.79296875
4.8671875
4.8671875
5.2578125
5.2578125
4.90234375
4.90234375
4.65625
4.65625
4.58203125
4.58203125
4.76171875
4.76171875
4.796875
4.796875
4.90234375
4.90234375
4.7265625
4.7265625
4.90234375
4.90234375
4.83203125
4.83203125
4.40625
4.40625
5.08203125
5.08203125
4.8671875
4.8671875
4.58203125
4.58203125
4.8671875
4.8671875
4.8671875
4.8671875
4.58203125
4.58203125
4.9375
4.9375
4.9375
4.9375
5.01171875
5.01171875
5.01171875
5.01171875
5.33203125
5.33203125
5.47265625
5.47265625
5.61328125
5.61328125
5.61328125
5.61328125
5.4375
5.4375
5.4375
5.4375
5.61328125
5.61328125
6.04296875
6.04296875
6.1484375
6.1484375
6.00390625
6.00390625
6.00390625
6.00390625
6.00390625
6.00390625
6.18359375
6.18359375
6.5390625
6.5390625
6.32421875
6.32421875
6.32421875
6.32421875
6.46875
6.46875
6.46875
6.46875
6.64453125
6.64453125
6.2890625
6.2890625
6.32421875
6.32421875
6.6796875
6.6796875
6.43359375
6.43359375
6.1484375
6.1484375
6.46875
6.46875
6.7890625
6.7890625
6.859375
6.859375
6.2890625
6.2890625
6.64453125
6.64453125
6.64453125
6.89453125
6.609375
6.609375
6.89453125
6.89453125
7.1796875
7.1796875
7.390625
7.390625
7.0703125
7.0703125
7.14453125
7.14453125
7.5
7.5
7.1796875
7.1796875
7.14453125
7.14453125
7.28515625
7.28515625
7
7
7.42578125
7.42578125
7.390625
7.390625
7.5703125
7.5703125
7.53515625
7.53515625
7.99609375
7.99609375
8.17578125
8.17578125
8.17578125
8.17578125
8.06640625
8.06640625
8.06640625
8.06640625
8.1015625
8.1015625
8.24609375
8.24609375
8.3515625
8.3515625
8.4921875
8.4921875
8.56640625
8.56640625
8.7421875
8.7421875
8.95703125
8.95703125
8.9921875
8.9921875
9.203125
9.203125
9.3828125
9.3828125
9.453125
9.453125
9.34765625
9.34765625
8.8125
8.8125
8.9921875
8.9921875
9.0625
9.0625
9.0625
9.0625
8.77734375
8.77734375
8.8125
8.8125
8.8125
8.8125
8.8125
8.8125
8.56640625
8.56640625
8.7421875
8.7421875
8.70703125
8.70703125
8.88671875
8.88671875
8.671875
8.671875
8.8125
8.8125
8.63671875
8.63671875
8.63671875
8.63671875
8.63671875
8.63671875
8.63671875
8.63671875
8.77734375
8.77734375
8.6015625
8.6015625
8.95703125
8.95703125
8.53125
8.53125
8.921875
8.921875
8.84765625
8.84765625
8.84765625
8.84765625
8.921875
8.921875
8.77734375
8.77734375
8.77734375
8.77734375
8.77734375
8.77734375
8.63671875
8.63671875
8.63671875
8.63671875
8.421875
8.13671875
8.13671875
8.13671875
8.45703125
8.45703125
8.45703125
8.45703125
8.4921875
8.4921875
8.38671875
8.38671875
8.38671875
8.38671875
8.3515625
8.3515625
8.53125
8.53125
8.53125
8.53125
8.45703125
8.45703125
8.70703125
8.70703125
8.3515625
8.3515625
8.45703125
8.45703125
8.4921875
8.4921875
8.3515625
8.3515625
8.28125
8.28125
8.6015625
8.6015625
8.421875
8.421875
0
0
0
0
0
0
0
0
0
0
0
0
0
0
0
0
0
0
0
0
0
0
0
0
0
0
0
0
0
0
0
0
0
0
0
0
0
0
0
0
0
0
0
0
0
0
0
0
0
0
0
0
0
0
0
0
0
0
0
0
0
0
0
0
0
0
0
0
0
0
0
0
0
0
0
0
0
0
0
0
0
0
0
0
0
0
0
0
0
0
0
0
0
0
0
0
0
0
0
0
0
0
0
0
0
0
0
0
0
0
0
0
0
0
