5.046875
5.29296875
5.29296875
5.61328125
5.61328125
5.29296875
5.29296875
5.15234375
5.15234375
4.90234375
4.90234375
4.12109375
4.12109375
4.4765625
4.4765625
4.76171875
4.76171875
4.9765625
4.9765625
4.83203125
4.83203125
5.33203125
5.33203125
5.33203125
5.33203125
5.29296875
5.29296875
5.29296875
5.29296875
5.40234375
5.40234375
5.61328125
5.61328125
5.6484375
5.6484375
5.578125
5.578125
5.828125
5.828125
6.078125
6.078125
5.79296875
5.79296875
6.078125
6.078125
5.86328125
5.86328125
5.6484375
5.6484375
5.47265625
5.47265625
5.33203125
5.33203125
5.40234375
5.40234375
4.7265625
4.7265625
4.546875
4.546875
4.30078125
4.30078125
4.19140625
4.19140625
4.30078125
4.30078125
3.91015625
3.91015625
3.6953125
3.6953125
3.625
3.625
3.9453125
3.9453125
4.015625
4.015625
4.015625
4.015625
3.80078125
3.80078125
3.80078125
3.80078125
3.515625
3.515625
3.625
3.625
3.58984375
3.58984375
3.73046875
3.73046875
3.765625
3.765625
3.765625
3.765625
3.41015625
3.41015625
3.765625
3.765625
3.91015625
3.91015625
3.58984375
3.58984375
3.6953125
3.6953125
3.26953125
3.26953125
3.3046875
3.3046875
3.375
3.375
3.0546875
3.0546875
3.08984375
3.08984375
2.76953125
2.76953125
2.87890625
2.87890625
2.44921875
2.44921875
2.69921875
2.69921875
2.37890625
2.37890625
2.203125
2.203125
2.16796875
2.16796875
2.05859375
2.05859375
1.5625
1.5625
1.4921875
1.4921875
1.171875
1.171875
1.06640625
1.06640625
0.78125
0.78125
0.78125
0.78125
0.17578125
0.17578125
0.53125
0.53125
0.390625
0.390625
0.390625
0.390625
-0.2109375
-0.2109375
-0.4609375
-0.4609375
-0.35546875
-0.35546875
-0.35546875
-0.53125
-0.921875
-0.921875
-0.4609375
-0.4609375
-0.63671875
-0.63671875
-0.49609375
-0.49609375
-0.7109375
-0.7109375
-1.1015625
-1.1015625
-1.02734375
-1.02734375
-0.9921875
-0.9921875
-0.88671875
-0.88671875
-0.74609375
-0.74609375
-0.78125
-0.78125
-0.78125
-0.78125
-0.78125
-0.78125
-0.78125
-0.78125
-0.4609375
-0.4609375
-0.56640625
-0.56640625
-0.49609375
-0.49609375
-0.49609375
-0.49609375
-0.7109375
-0.7109375
-0.6015625
-0.6015625
-0.671875
-0.671875
-0.63671875
-0.63671875
-0.49609375
-0.49609375
-0.49609375
-0.49609375
-0.24609375
-0.24609375
-0.31640625
-0.31640625
-0.49609375
-0.49609375
-0.35546875
-0.35546875
-0.24609375
-0.24609375
-0.0703125
-0.0703125
-0.28125
-0.28125
-0.390625
-0.390625
-0.0703125
-0.0703125
0
0
-0.03515625
-0.03515625
-0.03515625
-0.03515625
0.0703125
0.0703125
-0.31640625
-0.31640625
0.4609375
0.4609375
1.06640625
1.06640625
1.45703125
1.45703125
2.05859375
2.05859375
2.76953125
2.76953125
3.234375
3.234375
4.015625
4.015625
3.98046875
3.98046875
5.33203125
5.33203125
6.2890625
6.2890625
7.25
7.25
7.67578125
7.67578125
8.24609375
8.24609375
8.17578125
8.17578125
9.3125
9.3125
9.3125
9.3125
9.9140625
9.9140625
10.83984375
10.83984375
11.94140625
11.94140625
12.0859375
12.0859375
12.44140625
12.44140625
12.19140625
12.19140625
12.40234375
12.40234375
12.33203125
12.33203125
12.97265625
12.97265625
12.97265625
12.97265625
12.97265625
12.97265625
12.65234375
12.65234375
12.40234375
12.40234375
12.15625
12.15625
12.51171875
12.51171875
12.4765625
12.4765625
12.796875
12.796875
12.6171875
12.6171875
13.54296875
13.54296875
13.82421875
13.82421875
13.93359375
13.93359375
13.43359375
13.43359375
13.96875
13.96875
13.96875
13.96875
14.14453125
14.14453125
14.96484375
14.96484375
14.6796875
14.6796875
14.07421875
14.07421875
15.0703125
15.0703125
15.0703125
15.0703125
14.8203125
14.8203125
14.46484375
14.46484375
16.171875
16.171875
15.921875
15.921875
15.35546875
15.35546875
14.46484375
14.46484375
16.66796875
16.66796875
16.98828125
16.98828125
17.48828125
17.48828125
17.5234375
17.5234375
17.0625
17.0625
17.0625
17.0625
14.8203125
14.8203125
17.203125
17.203125
16.171875
16.171875
17.9140625
17.9140625
17.69921875
17.69921875
17.34375
17.34375
17.0234375
17.0234375
17.0234375
17.0234375
17.203125
17.203125
14.14453125
14.14453125
14.2890625
14.2890625
15.640625
15.640625
13.3984375
13.3984375
13.3984375
13.3984375
12.7578125
12.7578125
12.7578125
12.7578125
12.58203125
12.58203125
7.28515625
7.28515625
11.80078125
11.80078125
12.12109375
12.12109375
10.44921875
10.44921875
10.1640625
10.1640625
9.453125
9.453125
9.3828125
9.3828125
8.24609375
8.24609375
9.34765625
9.34765625
8.88671875
8.88671875
7.78125
0
0
0
0
0
0
0
0
0
0
0
0
0
0
0
0
0
0
0
0
0
0
0
0
0
0
0
0
0
0
0
0
0
0
0
