4.51171875
4.7265625
4.7265625
4.44140625
4.44140625
4.8671875
4.8671875
4.62109375
4.62109375
4.796875
4.796875
-3.08984375
-3.08984375
-0.03515625
-0.03515625
0.78125
0.78125
2.9140625
2.9140625
2.4140625
2.4140625
2.69921875
2.69921875
2.69921875
2.69921875
2.62890625
2.62890625
2.44921875
2.44921875
2.9140625
2.9140625
2.94921875
2.94921875
3.6953125
3.6953125
4.30078125
4.30078125
4.51171875
4.51171875
5.29296875
5.29296875
5.47265625
5.47265625
5.828125
5.828125
6.82421875
6.82421875
7.21484375
7.21484375
7.92578125
7.92578125
8.56640625
8.56640625
9.203125
9.203125
9.1328125
9.1328125
9.953125
9.953125
9.87890625
9.87890625
10.44921875
10.44921875
10.4140625
10.4140625
11.48046875
11.48046875
11.87109375
11.87109375
12.51171875
12.51171875
12.6171875
12.6171875
13.1875
13.1875
13.1875
13.1875
13.43359375
13.43359375
13.46875
13.46875
13.11328125
13.11328125
13.328125
13.328125
13.43359375
13.43359375
13.328125
13.328125
13.71875
13.71875
13.71875
13.71875
14.1796875
14.1796875
13.86328125
13.86328125
12.97265625
12.97265625
13.11328125
13.11328125
12.72265625
12.72265625
12.58203125
12.58203125
12.51171875
12.51171875
12.19140625
12.19140625
12.19140625
12.19140625
12.4765625
12.4765625
12.19140625
12.19140625
11.9765625
11.9765625
12.0859375
12.0859375
11.69140625
11.69140625
11.515625
11.515625
11.515625
11.515625
11.55078125
11.55078125
11.515625
11.515625
11.125
11.125
11.30078125
11.30078125
11.375
11.375
11.265625
11.265625
11.01953125
11.01953125
11.0546875
11.0546875
10.484375
10.484375
11.23046875
11.23046875
10.76953125
10.76953125
10.76953125
10.76953125
10.734375
10.734375
10.234375
10.234375
10.19921875
10.19921875
10.19921875
10.0234375
9.9140625
9.9140625
9.84375
9.84375
9.55859375
9.55859375
8.9921875
8.9921875
8.63671875
8.63671875
8.4921875
8.4921875
8.06640625
8.06640625
8.13671875
8.13671875
7.74609375
7.74609375
7.109375
7.109375
6.859375
6.859375
6.859375
6.859375
6.11328125
6.11328125
6.11328125
6.11328125
5.72265625
5.72265625
5.29296875
5.29296875
4.9375
4.9375
4.9375
4.9375
4.12109375
4.12109375
4.4765625
4.4765625
3.625
3.625
3.234375
3.234375
3.3046875
3.3046875
3.3046875
3.3046875
2.9140625
2.9140625
2.6640625
2.6640625
2.6640625
2.6640625
2.30859375
2.30859375
1.8828125
1.8828125
1.703125
1.703125
1.8828125
1.8828125
1.84765625
1.84765625
1.703125
1.703125
1.73828125
1.73828125
1.73828125
1.73828125
1.703125
1.703125
1.421875
1.421875
0.95703125
0.95703125
1.3828125
1.3828125
0.88671875
0.88671875
1.13671875
1.13671875
0.88671875
0.88671875
0.88671875
0.88671875
1.27734375
1.27734375
0.78125
0.78125
0.49609375
0.49609375
0.81640625
0.81640625
0.921875
0.921875
0.95703125
0.95703125
0.8515625
0.8515625
0.63671875
0.63671875
0.42578125
0.42578125
0.4609375
0.4609375
0.4609375
0.4609375
0.56640625
0.56640625
0.53125
0.53125
0.6015625
0.6015625
0.6015625
0.6015625
0.49609375
0.49609375
0.4609375
0.4609375
0.17578125
0.17578125
0.49609375
0.49609375
0.28125
0.28125
0.28125
0.28125
0.10546875
0.10546875
-0.0703125
-0.0703125
0.28125
0.28125
0.0703125
0.0703125
0.17578125
0.17578125
0.2109375
0.2109375
0.03515625
0.03515625
-0.49609375
-0.49609375
0.31640625
0.31640625
0.74609375
0.74609375
0.49609375
0.49609375
0.17578125
0.17578125
0.390625
0.390625
0.390625
0.390625
0.24609375
0.24609375
0.31640625
0.31640625
0.42578125
0.42578125
0.31640625
0.31640625
0.671875
0.671875
1.20703125
1.20703125
0.78125
0.78125
0.49609375
0.49609375
0.56640625
0.56640625
0.74609375
0.74609375
0.35546875
0.35546875
-0.17578125
-0.17578125
1.1015625
1.1015625
1.13671875
1.13671875
1.13671875
1.13671875
1.02734375
1.02734375
0.671875
0.671875
0.671875
0.671875
0.8515625
0.8515625
0.78125
0.78125
0.31640625
0.31640625
-0.31640625
-0.31640625
0.03515625
0.03515625
1.171875
1.171875
-0.42578125
-0.42578125
-0.42578125
-0.42578125
0.390625
0.390625
0.921875
0.921875
0.7109375
0.7109375
0.24609375
0.24609375
0.7109375
0.7109375
0.7109375
0.7109375
0
0
0
0
0.17578125
0.17578125
-0.56640625
-0.56640625
-0.2109375
-0.2109375
-0.31640625
-0.31640625
-0.921875
-0.921875
1.4921875
1.4921875
1.02734375
1.02734375
-0.0703125
-0.0703125
1.3828125
1.3828125
1.73828125
1.73828125
2.09375
2.09375
0.8515625
0
0
0
0
0
0
0
0
0
0
0
0
0
0
0
0
0
0
0
0
0
0
0
0
0
0
0
0
0
0
0
0
0
0
0
