-5.29296875
-4.9765625
-4.9765625
-4.58203125
-4.58203125
-4.7265625
-4.7265625
-4.76171875
-4.76171875
-5.08203125
-5.08203125
-0.0703125
-0.0703125
-0.56640625
-0.56640625
-0.35546875
-0.35546875
-0.10546875
-0.10546875
-0.49609375
-0.49609375
-1.13671875
-1.13671875
-1.13671875
-1.13671875
-0.53125
-0.53125
-0.17578125
-0.17578125
0
0
-0.0703125
-0.0703125
0.31640625
0.31640625
0.28125
0.28125
0.4609375
0.4609375
0.63671875
0.63671875
0.4609375
0.4609375
0.671875
0.671875
0.03515625
0.03515625
0.140625
0.140625
-0.17578125
-0.17578125
-0.10546875
-0.10546875
0.0703125
0.0703125
0.10546875
0.10546875
0.10546875
0.10546875
0.2109375
0.2109375
0.03515625
0.03515625
-0.24609375
-0.24609375
-0.28125
-0.28125
-0.0703125
-0.0703125
0.24609375
0.24609375
-0.03515625
-0.03515625
-0.03515625
-0.03515625
-0.03515625
-0.03515625
-0.10546875
-0.10546875
-0.2109375
-0.2109375
-0.17578125
-0.17578125
-0.35546875
-0.35546875
-0.35546875
-0.35546875
-0.24609375
-0.24609375
-0.390625
-0.390625
-0.390625
-0.390625
-0.2109375
-0.2109375
-0.28125
-0.28125
-0.35546875
-0.35546875
-0.140625
-0.140625
-0.03515625
-0.03515625
-0.140625
-0.140625
-0.03515625
-0.03515625
-0.390625
-0.390625
-0.49609375
-0.49609375
-0.4609375
-0.4609375
-0.28125
-0.28125
-0.35546875
-0.35546875
-0.140625
-0.140625
-0.2109375
-0.2109375
-0.0703125
-0.0703125
0
0
0
0
0.0703125
0.0703125
0.0703125
0.0703125
0
0
-0.03515625
-0.03515625
-0.24609375
-0.24609375
0.10546875
0.10546875
-0.0703125
-0.0703125
0.0703125
0.0703125
-0.140625
-0.140625
-0.03515625
-0.03515625
-0.03515625
-0.03515625
0
0
0.10546875
0.10546875
0.17578125
0.17578125
0.17578125
0.10546875
0.24609375
0.24609375
-0.03515625
-0.03515625
0.140625
0.140625
0.24609375
0.24609375
0.31640625
0.31640625
0.24609375
0.24609375
0.0703125
0.0703125
0.17578125
0.17578125
0.2109375
0.2109375
0.35546875
0.35546875
0.4609375
0.4609375
0.4609375
0.4609375
0.10546875
0.10546875
0.10546875
0.10546875
0.2109375
0.2109375
0.2109375
0.2109375
0.140625
0.140625
0.140625
0.140625
0.17578125
0.17578125
0.0703125
0.0703125
0.390625
0.390625
0.35546875
0.35546875
0.4609375
0.4609375
0.4609375
0.4609375
0.35546875
0.35546875
0.10546875
0.10546875
0.31640625
0.31640625
0.4609375
0.4609375
0.6015625
0.6015625
0.31640625
0.31640625
0.31640625
0.31640625
0.6015625
0.6015625
0.31640625
0.31640625
0.4609375
0.4609375
0.03515625
0.03515625
0.42578125
0.42578125
0.390625
0.390625
0.42578125
0.42578125
0.4609375
0.4609375
0.35546875
0.35546875
0.0703125
0.0703125
-0.49609375
-0.49609375
-2.16796875
-2.16796875
-3.3046875
-3.3046875
-3.33984375
-3.33984375
-3.19921875
-3.19921875
-4.40625
-4.40625
-5.08203125
-5.08203125
-4.83203125
-4.83203125
-5.4375
-5.4375
-5.47265625
-5.47265625
-4.9375
-4.9375
-5.1171875
-5.1171875
-5.1171875
-5.1171875
-5.4375
-5.4375
-5.72265625
-5.72265625
-5.2578125
-5.2578125
-5.3671875
-5.3671875
-5.6875
-5.6875
-5.33203125
-5.33203125
-4.8671875
-4.8671875
-4.9765625
-4.9765625
-4.9375
-4.9375
-4.9375
-4.9375
-4.37109375
-4.37109375
-4.05078125
-4.05078125
-3.625
-3.625
-3.8359375
-3.8359375
-3.4453125
-3.4453125
-3.41015625
-3.41015625
-3.01953125
-3.01953125
-3.125
-3.125
-2.69921875
-2.69921875
-2.5234375
-2.5234375
-2.16796875
-2.16796875
-2.34375
-2.34375
-1.98828125
-1.98828125
-1.98828125
-1.98828125
-1.8125
-1.8125
-1.59765625
-1.59765625
-1.59765625
-1.59765625
-1.66796875
-1.66796875
-1.2421875
-1.2421875
-1.59765625
-1.59765625
-1.02734375
-1.02734375
-1.20703125
-1.20703125
-1.171875
-1.171875
-1.421875
-1.421875
-0.88671875
-0.88671875
-1.421875
-1.421875
-1.06640625
-1.06640625
-1.06640625
-1.06640625
-0.390625
-0.390625
-0.42578125
-0.42578125
-0.4609375
-0.4609375
-0.4609375
-0.4609375
-0.28125
-0.28125
0
0
0.31640625
0.31640625
0.42578125
0.42578125
0.81640625
0.81640625
0.95703125
0.95703125
1.6328125
1.6328125
1.6328125
1.6328125
1.8828125
1.8828125
2.30859375
2.30859375
1.953125
1.953125
2.1328125
2.1328125
2.59375
2.59375
2.59375
2.59375
2.94921875
2.94921875
2.94921875
2.94921875
3.26953125
3.26953125
3.26953125
3.26953125
3.125
3.125
3.125
3.125
3.08984375
3.08984375
3.3046875
3.3046875
3.01953125
3.01953125
3.01953125
3.01953125
2.94921875
2.94921875
3.41015625
3.41015625
3.19921875
3.19921875
3.234375
0
0
0
0
0
0
0
0
0
0
0
0
0
0
0
0
0
0
0
0
0
0
0
0
0
0
0
0
0
0
0
0
0
0
0
