0
-0.2109375
-0.2109375
0.9921875
0.9921875
3.234375
3.234375
3.26953125
3.26953125
4.05078125
4.05078125
5.96875
5.96875
4.40625
4.40625
2.76953125
2.76953125
-4.12109375
-4.12109375
-9.1328125
-9.1328125
-5.15234375
-5.15234375
-4.546875
-4.546875
-6.2890625
-6.2890625
-5.29296875
-5.29296875
-4.19140625
-4.19140625
-2.0234375
-2.0234375
-0.8515625
-0.8515625
-0.8515625
-0.8515625
-3.26953125
-3.26953125
-5.47265625
-5.47265625
-4.0859375
-4.0859375
-4.7265625
-4.7265625
-5.6875
-5.6875
-5.79296875
-5.79296875
-6.57421875
-6.57421875
-8.53125
-8.53125
-9.7734375
-9.7734375
-9.59765625
-9.59765625
-8.671875
-8.671875
-8.06640625
-8.06640625
-7.5703125
-7.5703125
-7.53515625
-7.53515625
-7.28515625
-7.28515625
-7.109375
-7.109375
-5.6484375
-5.6484375
-5.29296875
-5.29296875
-4.51171875
-4.51171875
-4.30078125
-4.30078125
-4.265625
-4.265625
-3.33984375
-3.33984375
-2.984375
-2.984375
-2.6640625
-2.6640625
-2.2734375
-2.2734375
-1.8828125
-1.8828125
-1.02734375
-1.02734375
-0.81640625
-0.81640625
-0.2109375
-0.2109375
-0.24609375
-0.24609375
-0.0703125
-0.0703125
-0.03515625
-0.03515625
0.95703125
0.95703125
1.45703125
1.45703125
1.5625
1.5625
1.5625
1.5625
2.34375
2.34375
2.34375
2.0234375
2.1328125
2.1328125
1.8828125
1.8828125
1.8828125
1.8828125
1.66796875
1.66796875
1.5625
1.5625
1.3125
1.3125
1.4921875
1.4921875
1.34765625
1.34765625
0.7109375
0.7109375
0.88671875
0.88671875
0.6015625
0.6015625
0.42578125
0.42578125
0.28125
0.28125
0.35546875
0.35546875
0.2109375
0.2109375
-0.24609375
-0.24609375
0
0
0
0
-0.31640625
-0.31640625
-0.24609375
-0.24609375
-0.2109375
-0.2109375
-0.140625
-0.140625
-0.17578125
-0.17578125
-0.390625
-0.390625
-0.78125
-0.78125
-0.7109375
-0.7109375
-0.31640625
-0.31640625
-0.56640625
-0.56640625
-0.671875
-0.671875
-0.35546875
-0.35546875
-0.78125
-0.78125
-0.56640625
-0.56640625
-0.74609375
-0.74609375
-0.78125
-0.78125
-0.78125
-0.78125
-0.8515625
-0.8515625
-0.56640625
-0.56640625
-0.56640625
-0.56640625
-0.56640625
-0.56640625
-0.56640625
-0.56640625
-0.671875
-0.671875
-0.78125
-0.78125
-0.74609375
-0.74609375
-0.921875
-0.921875
-0.63671875
-0.63671875
-0.74609375
-0.74609375
-0.671875
-0.671875
-0.74609375
-0.74609375
-0.74609375
-0.74609375
-0.56640625
-0.56640625
-0.671875
-0.671875
-0.81640625
-0.81640625
-0.49609375
-0.49609375
-0.74609375
-0.74609375
-0.56640625
-0.56640625
-0.95703125
-0.95703125
-0.8515625
-0.8515625
-0.56640625
-0.56640625
-0.56640625
-0.56640625
-0.6015625
-0.6015625
-0.42578125
-0.42578125
-0.53125
-0.53125
-0.2109375
-0.2109375
-0.2109375
-0.53125
-0.42578125
-0.42578125
-0.49609375
-0.49609375
-0.49609375
-0.49609375
-0.42578125
-0.42578125
-0.56640625
-0.56640625
-0.31640625
-0.31640625
-0.42578125
-0.42578125
-0.24609375
-0.24609375
-0.74609375
-0.74609375
-0.6015625
-0.6015625
-0.35546875
-0.35546875
-0.4609375
-0.4609375
-0.63671875
-0.63671875
-1.27734375
-1.27734375
-1.73828125
-1.73828125
-2.05859375
-2.05859375
-2.734375
-2.734375
-2.69921875
-2.69921875
-2.84375
-2.84375
-3.0546875
-3.0546875
-2.76953125
-2.76953125
-3.01953125
-3.01953125
-2.16796875
-2.16796875
-2.0234375
-2.0234375
-2.16796875
-2.16796875
-2.16796875
-2.16796875
-2.203125
-2.203125
-1.84765625
-1.84765625
-2.0234375
-2.0234375
-2.05859375
-2.05859375
-2.48828125
-2.48828125
-2.94921875
-2.94921875
-3.234375
-3.234375
-2.94921875
-2.94921875
-3.765625
-3.765625
-3.80078125
-3.80078125
-3.80078125
-3.80078125
-3.8359375
-3.8359375
-4.12109375
-4.12109375
-4.12109375
-4.12109375
-3.87109375
-3.87109375
-4.30078125
-4.30078125
-4.05078125
-4.05078125
-3.6953125
-3.6953125
-3.375
-3.375
-3.33984375
-3.33984375
-3.3046875
-3.3046875
-3.3046875
-3.3046875
-2.9140625
-2.9140625
-2.34375
-2.34375
-2.48828125
-2.48828125
-2.55859375
-2.55859375
-2.59375
-2.59375
-2.30859375
-2.30859375
-2.16796875
-2.16796875
-2.203125
-2.203125
-2.16796875
-2.16796875
-2.30859375
-2.30859375
-2.34375
-2.34375
-2.23828125
-2.23828125
-2.1328125
-2.1328125
-2.2734375
-2.2734375
-2.09375
-2.09375
-2.1328125
-2.203125
-2.203125
-2.203125
-1.91796875
-1.91796875
-2.09375
-2.09375
-2.34375
-2.34375
-2.1328125
-2.1328125
-2.09375
-2.09375
-2.0234375
-2.0234375
-1.953125
-1.953125
-1.91796875
-1.91796875
-1.66796875
-1.66796875
-2.16796875
-2.16796875
-2.09375
-2.09375
-2.2734375
-2.2734375
-2.203125
-2.203125
-2.1328125
-2.1328125
-2.203125
-2.203125
-2.09375
-2.09375
-2.37890625
-2.37890625
0
0
0
0
0
0
0
0
0
0
0
0
0
0
0
0
0
0
0
0
0
0
0
0
0
0
0
0
0
0
0
0
0
0
0
0
0
0
0
0
0
0
0
0
0
0
0
0
0
0
0
0
0
0
0
0
0
0
0
0
0
0
0
0
0
0
0
0
0
0
0
0
0
0
0
0
0
0
0
0
0
0
0
0
0
0
0
0
0
0
0
0
0
0
0
0
0
0
0
0
0
0
0
0
0
0
0
0
0
0
0
0
0
0
