9.7734375
9.34765625
9.34765625
9.34765625
9.48828125
9.48828125
9.48828125
9.5234375
9.5234375
9.5234375
9.5234375
9.3828125
9.3828125
22.53515625
22.53515625
17.62890625
17.62890625
17.62890625
17.62890625
13.8984375
13.8984375
13.8984375
13.8984375
14.21875
14.21875
15.3203125
15.3203125
15.03515625
15.03515625
15.03515625
15.03515625
12.15625
12.15625
12.01171875
12.01171875
12.01171875
12.01171875
11.16015625
11.16015625
10.44921875
10.44921875
11.62109375
11.62109375
11.0546875
11.0546875
11.0546875
11.0546875
10.91015625
10.91015625
9.27734375
9.27734375
8.7421875
8.7421875
7.35546875
7.35546875
8.3515625
8.3515625
7.3203125
7.3203125
6.57421875
6.57421875
5.6875
5.6875
4.58203125
4.58203125
4.65625
4.65625
4.40625
4.40625
4.15625
4.15625
3.375
3.375
3.375
3.375
3.41015625
3.41015625
3.234375
3.234375
3.234375
3.234375
3.9453125
3.9453125
3.9453125
3.9453125
4.05078125
4.05078125
4.05078125
4.05078125
4.76171875
4.76171875
5.1875
5.1875
5.47265625
5.47265625
5.6875
5.6875
5.6875
5.6875
6.46875
6.46875
6.3984375
6.3984375
6.3984375
6.3984375
6.9296875
6.9296875
7.74609375
7.74609375
7.640625
7.640625
7.390625
7.390625
7.390625
7.390625
7.8203125
7.8203125
7.5703125
7.5703125
7.390625
7.390625
7.85546875
7.85546875
7.7109375
7.7109375
7.7109375
7.7109375
6.89453125
6.89453125
7.21484375
7.21484375
7.390625
7.390625
6.9296875
6.9296875
6.75390625
6.75390625
6.57421875
6.57421875
6.75390625
6.75390625
6.75390625
6.75390625
6.2890625
6.2890625
5.93359375
5.93359375
6.04296875
6.04296875
5.1171875
5.1171875
5.828125
5.828125
5.828125
5.828125
4.546875
4.546875
4.4765625
4.4765625
4.51171875
4.51171875
4.65625
4.65625
3.87109375
3.87109375
3.6953125
3.6953125
3.80078125
3.80078125
3.80078125
3.80078125
3.19921875
3.19921875
2.76953125
2.76953125
2.44921875
1.8125
1.8125
1.8125
1.953125
1.953125
1.3828125
1.3828125
1.703125
1.703125
1.421875
1.421875
0.81640625
0.81640625
0.8515625
0.8515625
0.9921875
0.9921875
0.49609375
0.49609375
0.42578125
0.42578125
0.0703125
0.0703125
-0.24609375
-0.24609375
-0.31640625
-0.31640625
-0.4609375
-0.4609375
-0.4609375
-0.4609375
-0.49609375
-0.56640625
-0.56640625
-0.56640625
-0.56640625
-0.56640625
-1.8125
-1.8125
-1.8828125
-1.8828125
-0.74609375
-0.74609375
-1.13671875
-1.13671875
-1.13671875
-1.13671875
-1.5625
-1.5625
-1.59765625
-1.59765625
-2.1328125
-2.1328125
-2.37890625
-2.37890625
-2.55859375
-2.55859375
-2.69921875
-2.69921875
-2.76953125
-2.76953125
-2.76953125
-2.76953125
-2.984375
-2.984375
-3.3046875
-3.3046875
-3.125
-3.125
-3.6953125
-3.6953125
-3.26953125
-3.26953125
-3.4453125
-3.4453125
-3.9453125
-3.9453125
-3.91015625
-3.91015625
-3.58984375
-3.58984375
-3.8359375
-3.8359375
-4.37109375
-4.37109375
-5.29296875
-5.29296875
-5.29296875
-5.29296875
-5.1171875
-5.1171875
-5.046875
-5.046875
-4.90234375
-4.90234375
-5.1875
-5.1875
-4.65625
-4.65625
-5.046875
-5.046875
-5.1171875
-5.1171875
-5.1171875
-5.1171875
-5.046875
-5.046875
-4.83203125
-4.83203125
-4.90234375
-4.90234375
-4.62109375
-4.62109375
-4.12109375
-4.12109375
-4.37109375
-4.37109375
-4.30078125
-4.30078125
-4.51171875
-4.51171875
-4.546875
-4.546875
-4.58203125
-4.58203125
-4.44140625
-4.44140625
-4.44140625
-4.44140625
-5.29296875
-5.29296875
-4.9375
-4.9375
-5.29296875
-5.29296875
-5.40234375
-5.40234375
-5.29296875
-5.29296875
-5.6484375
-5.6484375
-6.21875
-6.21875
-6.9296875
-6.9296875
-6.5390625
-6.5390625
-7.390625
-7.390625
-7.25
-7.25
-7.25
-7.25
-7.1796875
-7.1796875
-7.85546875
-7.85546875
-7.85546875
-7.85546875
-7.53515625
-7.53515625
-8.06640625
-8.06640625
-8.06640625
-8.06640625
-7.390625
-7.390625
-7.92578125
-7.92578125
-7.99609375
-7.99609375
-8.2109375
-8.2109375
-8.421875
-8.421875
-8.63671875
-8.63671875
-8.2109375
-8.2109375
-7.42578125
-7.42578125
-7.42578125
-7.42578125
-8.4921875
-8.4921875
-8.53125
-8.53125
-8.53125
-8.53125
-7.60546875
-7.60546875
-8.421875
-8.421875
-7.0703125
-7.0703125
-6.859375
-6.859375
-6.46875
-6.46875
-7.25
-7.25
-7.25
-7.25
-7.99609375
-7.99609375
-7.99609375
-7.99609375
-5.96875
-5.96875
-6.46875
-6.46875
-4.83203125
-4.83203125
-4.9375
-4.9375
-2.16796875
-2.16796875
-3.625
-3.625
-2.59375
-2.59375
-0.56640625
-0.56640625
-1.06640625
-1.06640625
-1.06640625
-1.06640625
-0.31640625
0
0
0
0
0
0
0
0
0
0
0
0
0
0
0
0
0
0
0
0
0
0
0
0
0
0
0
0
0
0
0
0
0
0
0
