2.203125
2.0234375
2.0234375
2.0234375
2.05859375
2.05859375
2.05859375
2.16796875
2.16796875
2.16796875
2.16796875
1.98828125
1.98828125
1.66796875
1.66796875
0.9921875
0.9921875
0.9921875
0.9921875
0.31640625
0.31640625
0.31640625
0.31640625
0.140625
0.140625
0
0
0.0703125
0.0703125
0.0703125
0.0703125
0.56640625
0.56640625
0.78125
0.78125
0.78125
0.78125
0
0
0
0
-0.10546875
-0.10546875
-0.0703125
-0.0703125
-0.0703125
-0.0703125
0.35546875
0.35546875
0.24609375
0.24609375
0.17578125
0.17578125
-0.10546875
-0.10546875
-0.10546875
-0.10546875
-0.24609375
-0.24609375
0.2109375
0.2109375
0.28125
0.28125
0.31640625
0.31640625
0.24609375
0.24609375
0.42578125
0.42578125
0.31640625
0.31640625
0.140625
0.140625
0.140625
0.140625
0.35546875
0.35546875
0.140625
0.140625
0.140625
0.140625
0.03515625
0.03515625
0.03515625
0.03515625
0.140625
0.140625
0.140625
0.140625
0.24609375
0.24609375
0.10546875
0.10546875
-0.03515625
-0.03515625
0.10546875
0.10546875
0.10546875
0.10546875
0
0
0.10546875
0.10546875
0.10546875
0.10546875
0.0703125
0.0703125
0.0703125
0.0703125
0.0703125
0.0703125
-0.17578125
-0.17578125
-0.17578125
-0.17578125
-0.10546875
-0.10546875
-0.31640625
-0.31640625
-0.35546875
-0.35546875
0
0
0.140625
0.140625
0.140625
0.140625
-0.0703125
-0.0703125
-0.390625
-0.390625
-0.10546875
-0.10546875
-0.10546875
-0.10546875
0
0
0.10546875
0.10546875
-0.140625
-0.140625
-0.140625
-0.140625
-0.35546875
-0.35546875
-0.10546875
-0.10546875
-0.24609375
-0.24609375
-0.03515625
-0.03515625
0
0
0
0
0.31640625
0.31640625
0.24609375
0.24609375
0.17578125
0.17578125
0
0
0.2109375
0.2109375
0.0703125
0.0703125
0.4609375
0.4609375
0.4609375
0.4609375
0.10546875
0.10546875
0.2109375
0.2109375
0.49609375
0.53125
0.53125
0.53125
0.53125
0.53125
0.390625
0.390625
0.53125
0.53125
0.390625
0.390625
0.28125
0.28125
0.49609375
0.49609375
0.671875
0.671875
0.671875
0.671875
0.921875
0.921875
0.63671875
0.63671875
0.74609375
0.74609375
0.56640625
0.56640625
0.671875
0.671875
0.63671875
0.63671875
0.95703125
0.7109375
0.7109375
0.7109375
0.7109375
0.7109375
1.171875
1.171875
1.3125
1.3125
1.73828125
1.73828125
1.45703125
1.45703125
1.45703125
1.45703125
1.5625
1.5625
1.4921875
1.4921875
1.5625
1.5625
1.8125
1.8125
1.91796875
1.91796875
2.09375
2.09375
2.203125
2.203125
2.203125
2.203125
2.34375
2.34375
2.94921875
2.94921875
3.375
3.375
3.33984375
3.33984375
3.91015625
3.91015625
4.19140625
4.19140625
4.19140625
4.19140625
4.44140625
4.44140625
4.83203125
4.83203125
4.76171875
4.76171875
5.08203125
5.08203125
4.796875
4.796875
4.796875
4.796875
4.83203125
4.83203125
5.01171875
5.01171875
5.046875
5.046875
4.7265625
4.7265625
4.69140625
4.69140625
4.37109375
4.37109375
4.65625
4.65625
4.65625
4.65625
4.44140625
4.44140625
4.265625
4.265625
3.9453125
3.9453125
4.12109375
4.12109375
4.265625
4.265625
3.765625
3.765625
3.5546875
3.5546875
3.08984375
3.08984375
3.33984375
3.33984375
3.16015625
3.16015625
3.01953125
3.01953125
3.01953125
3.01953125
2.30859375
2.30859375
2.44921875
2.44921875
2.37890625
2.37890625
2.05859375
2.05859375
1.98828125
1.98828125
2.2734375
2.2734375
2.203125
2.203125
1.98828125
1.98828125
2.16796875
2.16796875
2.05859375
2.05859375
1.8125
1.8125
1.8125
1.8125
1.421875
1.421875
1.2421875
1.2421875
1.2421875
1.2421875
0.921875
0.921875
0.4609375
0.4609375
0.4609375
0.4609375
0.49609375
0.49609375
0.42578125
0.42578125
0.49609375
0.49609375
0.17578125
0.17578125
-0.03515625
-0.03515625
-0.0703125
-0.0703125
-0.10546875
-0.10546875
-0.49609375
-0.49609375
-0.49609375
-0.49609375
0
0
-0.35546875
-0.35546875
-0.35546875
-0.35546875
-0.7109375
-0.7109375
-0.8515625
-0.8515625
-1.06640625
-1.06640625
-1.77734375
-1.77734375
-1.73828125
-1.73828125
-2.23828125
-2.23828125
-2.23828125
-2.23828125
-2.76953125
-2.76953125
-2.76953125
-2.76953125
-3.48046875
-3.48046875
-2.55859375
-2.55859375
-3.125
-3.125
-3.3046875
-3.3046875
-3.5546875
-3.5546875
-3.4453125
-3.4453125
-3.48046875
-3.48046875
-3.3046875
-3.3046875
-3.125
-3.125
-3.125
-3.125
-3.33984375
0
0
0
0
0
0
0
0
0
0
0
0
0
0
0
0
0
0
0
0
0
0
0
0
0
0
0
0
0
0
0
0
0
0
0
