0.24609375
-0.140625
-0.140625
-0.0703125
-0.0703125
-0.4609375
-0.4609375
-0.4609375
-0.4609375
-0.390625
-0.390625
-0.390625
-0.390625
-0.35546875
-0.35546875
-0.35546875
-0.35546875
-0.140625
-0.140625
-0.140625
-0.140625
-0.2109375
-0.2109375
0.17578125
0.17578125
0.17578125
0.17578125
0.2109375
0.2109375
0.31640625
0.31640625
0.10546875
0.10546875
0.10546875
0.10546875
-1.1015625
-1.1015625
-1.1015625
-1.1015625
-0.9921875
-0.9921875
-0.9921875
-0.9921875
1.171875
1.171875
1.171875
1.171875
3.66015625
3.66015625
13.71875
13.71875
13.71875
13.71875
22.85546875
22.85546875
29.0390625
29.0390625
36.3984375
36.3984375
36.3984375
36.3984375
35.046875
35.046875
27.015625
27.015625
23.17578125
23.17578125
20.8984375
20.8984375
20.046875
20.046875
20.046875
20.046875
21.82421875
21.82421875
22.46484375
22.46484375
22.39453125
22.39453125
22.39453125
22.39453125
20.26171875
20.26171875
19.12109375
19.12109375
18.1640625
18.1640625
18.1640625
18.1640625
12.83203125
12.83203125
12.83203125
12.83203125
11.01953125
11.01953125
7.78125
7.78125
6.18359375
6.18359375
5.79296875
5.79296875
5.79296875
5.79296875
3.73046875
3.73046875
3.73046875
3.73046875
2.69921875
2.69921875
2.203125
2.203125
1.703125
1.703125
1.52734375
1.52734375
0.921875
0.921875
0.921875
0.921875
0.35546875
0.35546875
0.03515625
0.03515625
0.2109375
0.2109375
0.2109375
0.2109375
0.10546875
0.10546875
0.10546875
0.10546875
0.6015625
0.6015625
0.6015625
0.6015625
0.31640625
0.31640625
0.31640625
0.31640625
0
0
0.0703125
0.0703125
0.0703125
0.0703125
0.10546875
0.10546875
-0.31640625
-0.31640625
-0.17578125
-0.17578125
-0.28125
-0.28125
-0.31640625
-0.31640625
-0.24609375
-0.24609375
-0.17578125
-0.17578125
-0.2109375
-0.2109375
-0.10546875
-0.10546875
-0.49609375
-0.49609375
-0.17578125
-0.17578125
-0.17578125
-0.17578125
-0.28125
-0.28125
-0.2109375
-0.2109375
-0.2109375
-0.2109375
-0.2109375
-0.2109375
0
0
-0.0703125
-0.0703125
-0.03515625
-0.03515625
-0.140625
-0.140625
-0.2109375
-0.2109375
-0.24609375
-0.24609375
-0.28125
-0.28125
0
0
0
0
0.0703125
0.0703125
-0.35546875
-0.35546875
-0.49609375
-0.49609375
-0.49609375
-0.49609375
-0.2109375
-0.2109375
-0.17578125
-0.17578125
-0.35546875
-0.35546875
-0.35546875
-0.35546875
-0.390625
-0.390625
-0.140625
-0.140625
-0.17578125
-0.17578125
-0.24609375
-0.24609375
-0.24609375
-0.24609375
-0.56640625
-0.56640625
-0.35546875
-0.35546875
-0.35546875
-0.35546875
-0.10546875
-0.10546875
-0.24609375
-0.24609375
-0.24609375
-0.10546875
-0.10546875
-0.10546875
-0.6015625
-0.6015625
-0.140625
-0.140625
-0.10546875
-0.10546875
-0.6015625
-0.6015625
-0.390625
-0.390625
-0.390625
-0.390625
-0.24609375
-0.24609375
-0.24609375
-0.24609375
-0.24609375
-0.24609375
-0.0703125
-0.0703125
-0.0703125
-0.0703125
0
0
-0.24609375
-0.24609375
0.2109375
0.2109375
-0.0703125
-0.0703125
0
0
-0.03515625
-0.03515625
0.03515625
0.03515625
0.140625
0.140625
0.390625
0.390625
0.671875
0.671875
0.671875
0.671875
0.6015625
0.6015625
0.6015625
0.6015625
0.8515625
0.8515625
0.8515625
0.8515625
0.95703125
0.95703125
0.95703125
0.95703125
1.171875
1.171875
1.06640625
1.06640625
1.66796875
1.13671875
1.13671875
1.13671875
1.2421875
1.2421875
1.2421875
1.2421875
1.171875
1.171875
1.171875
1.171875
1.1015625
1.1015625
1.1015625
1.1015625
1.20703125
1.20703125
1.2421875
1.2421875
1.34765625
1.34765625
1.1015625
1.1015625
1.1015625
1.1015625
1.1015625
1.1015625
1.1015625
1.1015625
1.171875
1.171875
1.171875
1.171875
1.3125
1.3125
1.3125
1.3125
1.3125
1.3125
1.06640625
1.06640625
1.171875
1.171875
1.2421875
1.2421875
1.06640625
1.06640625
1.27734375
1.27734375
1.52734375
1.52734375
1.45703125
1.45703125
1.45703125
1.45703125
1.3828125
1.3828125
1.3828125
1.3828125
1.27734375
1.27734375
1.34765625
1.34765625
1.13671875
1.3828125
1.3828125
1.3828125
1.3828125
1.3828125
1.421875
1.421875
1.421875
1.421875
1.34765625
1.34765625
1.13671875
1.13671875
1.20703125
1.20703125
1.20703125
1.20703125
1.06640625
1.06640625
1.1015625
1.1015625
1.2421875
1.2421875
1.20703125
1.20703125
0.921875
0.921875
0.95703125
0.95703125
0.95703125
0.95703125
1.2421875
1.3828125
1.3828125
1.3828125
1.02734375
1.02734375
1.171875
1.171875
0.9921875
0.9921875
1.13671875
1.13671875
1.02734375
1.02734375
1.02734375
1.02734375
1.02734375
1.02734375
1.20703125
1.20703125
1.27734375
1.27734375
1.06640625
1.06640625
1.34765625
1.34765625
1.13671875
1.13671875
1.27734375
1.27734375
1.34765625
1.34765625
1.06640625
1.06640625
1.27734375
1.27734375
1.27734375
1.27734375
0.95703125
0.95703125
1.13671875
1.13671875
0.921875
0.921875
0.74609375
0.74609375
0.81640625
0.81640625
0.74609375
0.74609375
0
0
0
0
0
0
0
0
0
0
0
0
0
0
0
0
0
0
0
0
0
0
0
0
0
0
0
0
0
0
0
0
0
0
0
0
0
0
0
0
0
0
0
0
0
0
0
0
0
0
0
0
0
0
0
0
0
0
0
0
0
0
0
0
0
0
0
0
0
0
0
0
0
0
0
0
0
0
