-1.8125
-2.16796875
-2.16796875
-2.16796875
-2.05859375
-2.05859375
-2.05859375
-2.16796875
-2.16796875
-2.16796875
-2.16796875
-1.91796875
-1.91796875
15.3203125
15.3203125
6.43359375
6.43359375
6.43359375
6.43359375
5.2578125
5.2578125
5.2578125
5.2578125
5.2578125
5.2578125
7.60546875
7.60546875
6.50390625
6.50390625
6.50390625
6.50390625
5.578125
5.578125
4.40625
4.40625
4.40625
4.40625
4.65625
4.65625
4.3359375
4.3359375
4.69140625
4.69140625
6.00390625
6.00390625
6.00390625
6.00390625
7.35546875
7.35546875
7.390625
7.390625
7.21484375
7.21484375
7.42578125
7.42578125
7.35546875
7.35546875
7.1796875
7.1796875
6.82421875
6.82421875
7.5
7.5
7.1796875
7.1796875
5.7578125
5.7578125
6.25390625
6.25390625
6.11328125
6.11328125
6.359375
6.359375
6.359375
6.359375
6.7890625
6.7890625
6.6796875
6.6796875
6.6796875
6.6796875
7.390625
7.390625
7.390625
7.390625
7.46484375
7.46484375
7.46484375
7.46484375
7.78125
7.78125
8.03125
8.03125
7.99609375
7.99609375
8.3515625
8.3515625
8.3515625
8.3515625
8.63671875
8.63671875
8.56640625
8.56640625
8.56640625
8.56640625
8.8125
8.8125
9.09765625
9.09765625
9.98828125
9.98828125
9.16796875
9.16796875
9.16796875
9.16796875
9.5234375
9.5234375
9.73828125
9.73828125
8.921875
8.921875
8.671875
8.671875
8.77734375
8.77734375
8.77734375
8.77734375
8.6015625
8.6015625
8.921875
8.921875
7.8203125
7.8203125
7.60546875
7.60546875
7.5
7.5
7.109375
7.109375
6.50390625
6.50390625
6.50390625
6.50390625
6.46875
6.46875
5.828125
5.828125
5.47265625
5.47265625
6.00390625
6.00390625
5.79296875
5.79296875
5.79296875
5.79296875
5.01171875
5.01171875
4.0859375
4.0859375
4.12109375
4.12109375
4.015625
4.015625
3.8359375
3.8359375
3.19921875
3.19921875
3.48046875
3.48046875
3.48046875
3.48046875
3.58984375
3.58984375
3.3046875
3.3046875
3.625
2.76953125
2.76953125
2.76953125
2.734375
2.734375
1.98828125
1.98828125
2.16796875
2.16796875
3.01953125
3.01953125
1.66796875
1.66796875
2.09375
2.09375
1.91796875
1.91796875
1.953125
1.953125
1.52734375
1.52734375
1.3125
1.3125
1.13671875
1.13671875
0.42578125
0.42578125
0.49609375
0.49609375
0.56640625
0.56640625
0.7109375
0.17578125
0.17578125
0.17578125
0.17578125
0.17578125
-0.03515625
-0.03515625
0.0703125
0.0703125
0.2109375
0.2109375
-0.24609375
-0.24609375
-0.24609375
-0.24609375
-0.0703125
-0.0703125
-0.28125
-0.28125
-0.7109375
-0.7109375
-0.74609375
-0.74609375
-0.35546875
-0.35546875
-0.671875
-0.671875
-0.2109375
-0.2109375
-0.2109375
-0.2109375
-0.56640625
-0.56640625
-1.13671875
-1.13671875
-1.27734375
-1.27734375
-1.45703125
-1.45703125
-1.45703125
-1.45703125
-1.34765625
-1.34765625
-1.6328125
-1.6328125
-1.77734375
-1.77734375
-1.77734375
-1.77734375
-1.52734375
-1.52734375
-2.16796875
-2.16796875
-2.44921875
-2.44921875
-2.44921875
-2.44921875
-3.08984375
-3.08984375
-2.94921875
-2.94921875
-2.9140625
-2.9140625
-3.3046875
-3.3046875
-3.3046875
-3.3046875
-3.3046875
-3.3046875
-3.58984375
-3.58984375
-3.58984375
-3.58984375
-4.2265625
-4.2265625
-4.2265625
-4.2265625
-4.12109375
-4.12109375
-4.30078125
-4.30078125
-3.9453125
-3.9453125
-4.15625
-4.15625
-3.9453125
-3.9453125
-3.66015625
-3.66015625
-4.69140625
-4.69140625
-4.7265625
-4.7265625
-4.546875
-4.546875
-4.546875
-4.546875
-5.33203125
-5.33203125
-5.08203125
-5.08203125
-5.86328125
-5.86328125
-6.32421875
-6.32421875
-5.2578125
-5.2578125
-6.2890625
-6.2890625
-7.14453125
-7.14453125
-6.3984375
-6.3984375
-6.46875
-6.46875
-6.96484375
-6.96484375
-7.21484375
-7.21484375
-7.21484375
-7.21484375
-7.03515625
-7.03515625
-7.7109375
-7.7109375
-7.7109375
-7.7109375
-7.92578125
-7.92578125
-8.56640625
-8.56640625
-8.56640625
-8.56640625
-6.75390625
-6.75390625
-6.9296875
-6.9296875
-7.74609375
-7.74609375
-8.1015625
-8.1015625
-6.89453125
-6.89453125
-7.74609375
-7.74609375
-7.99609375
-7.99609375
-8.53125
-8.53125
-8.53125
-8.53125
-6.75390625
-6.75390625
-7.28515625
-7.28515625
-7.28515625
-7.28515625
-7.60546875
-7.60546875
-7.99609375
-7.99609375
-8.31640625
-8.31640625
-9.953125
-9.953125
-7.14453125
-7.14453125
-7.67578125
-7.67578125
-7.67578125
-7.67578125
-7.1796875
-7.1796875
-7.1796875
-7.1796875
-6.078125
-6.078125
-6.7890625
-6.7890625
-6.9296875
-6.9296875
-6.64453125
-6.64453125
-4.90234375
-4.90234375
-6.25390625
-6.25390625
-2.984375
-2.984375
-3.0546875
-3.0546875
-4.15625
-4.15625
-4.15625
-4.15625
-2.05859375
0
0
0
0
0
0
0
0
0
0
0
0
0
0
0
0
0
0
0
0
0
0
0
0
0
0
0
0
0
0
0
0
0
0
0
