11.23046875
11.125
11.125
11.125
11.265625
11.265625
11.265625
11.41015625
11.41015625
11.41015625
11.41015625
11.9765625
11.9765625
11.16015625
11.16015625
8.56640625
8.56640625
8.56640625
8.56640625
8.9921875
8.9921875
8.9921875
8.9921875
8.84765625
8.84765625
9.02734375
9.02734375
8.95703125
8.95703125
8.95703125
8.95703125
10.1640625
10.1640625
10.05859375
10.05859375
10.05859375
10.05859375
11.23046875
11.23046875
11.5859375
11.5859375
12.296875
12.296875
12.8671875
12.8671875
12.8671875
12.8671875
14.2890625
14.2890625
14.5
14.5
15.24609375
15.24609375
15.2109375
15.2109375
15.8515625
15.8515625
15.7109375
15.7109375
16.20703125
16.20703125
16.70703125
16.70703125
16.4921875
16.4921875
17.37890625
17.37890625
17.41796875
17.41796875
17.1328125
17.1328125
16.84765625
16.84765625
16.84765625
16.84765625
17.0625
17.0625
16.3125
16.3125
16.3125
16.3125
15.8515625
15.8515625
15.8515625
15.8515625
14.78515625
14.78515625
14.78515625
14.78515625
14.14453125
14.14453125
13.75390625
13.75390625
13.1875
13.1875
12.6875
12.6875
12.6875
12.6875
12.046875
12.046875
11.90625
11.90625
11.90625
11.90625
11.80078125
11.80078125
11.30078125
11.30078125
11.265625
11.265625
10.83984375
10.83984375
10.83984375
10.83984375
10.34375
10.34375
10.625
10.625
10.05859375
10.05859375
9.703125
9.703125
9.453125
9.453125
9.453125
9.453125
9.453125
9.453125
8.70703125
8.70703125
8.56640625
8.56640625
8.31640625
8.31640625
7.8203125
7.8203125
7.42578125
7.42578125
7
7
7
7
7.03515625
7.03515625
6.57421875
6.57421875
6.64453125
6.64453125
6.00390625
6.00390625
5.828125
5.828125
5.828125
5.828125
5.22265625
5.22265625
5.1875
5.1875
4.58203125
4.58203125
4.8671875
4.8671875
4.546875
4.546875
4.12109375
4.12109375
4.12109375
4.12109375
4.12109375
4.12109375
3.625
3.625
3.16015625
3.16015625
3.16015625
2.734375
2.734375
2.734375
2.44921875
2.44921875
2.5234375
2.5234375
2.4140625
2.4140625
2.30859375
2.30859375
1.98828125
1.98828125
1.77734375
1.77734375
1.45703125
1.45703125
1.1015625
1.1015625
1.02734375
1.02734375
0.81640625
0.81640625
0.9921875
0.9921875
0.56640625
0.56640625
0.81640625
0.81640625
0.53125
0.53125
0.390625
0.921875
0.921875
0.921875
0.921875
0.921875
0.4609375
0.4609375
0.42578125
0.42578125
0.53125
0.53125
0.35546875
0.35546875
0.35546875
0.35546875
0.6015625
0.6015625
0.56640625
0.56640625
0.95703125
0.95703125
0.8515625
0.8515625
0.42578125
0.42578125
0.42578125
0.42578125
0.42578125
0.42578125
0.42578125
0.42578125
0.56640625
0.56640625
0.56640625
0.56640625
0.31640625
0.31640625
0.35546875
0.35546875
0.24609375
0.24609375
0.390625
0.390625
0
0
0.390625
0.390625
0.42578125
0.42578125
-0.10546875
-0.10546875
-0.24609375
-0.24609375
-0.4609375
-0.4609375
-0.4609375
-0.4609375
-0.24609375
-0.24609375
-0.31640625
-0.31640625
-0.56640625
-0.56640625
-0.671875
-0.671875
-0.6015625
-0.6015625
-0.49609375
-0.49609375
-0.88671875
-0.88671875
-0.88671875
-0.88671875
-0.6015625
-0.6015625
-0.4609375
-0.4609375
-0.56640625
-0.56640625
-0.42578125
-0.42578125
-0.53125
-0.53125
-0.63671875
-0.63671875
0
0
-0.671875
-0.671875
-1.02734375
-1.02734375
-0.56640625
-0.56640625
-0.6015625
-0.6015625
-0.6015625
-0.6015625
0
0
-0.0703125
-0.0703125
-0.42578125
-0.42578125
-0.35546875
-0.35546875
0.17578125
0.17578125
-0.921875
-0.921875
-0.88671875
-0.88671875
0
0
-0.31640625
-0.31640625
-0.31640625
-0.31640625
-0.6015625
-0.6015625
-0.6015625
-0.6015625
-0.74609375
-0.74609375
-0.95703125
-0.95703125
-0.95703125
-0.95703125
-0.95703125
-0.95703125
-0.63671875
-0.63671875
-0.63671875
-0.63671875
-0.390625
-0.390625
-0.78125
-0.78125
-0.24609375
-0.24609375
-0.35546875
-0.35546875
-1.34765625
-1.34765625
0
0
-1.02734375
-1.02734375
0.4609375
0.4609375
0.4609375
0.4609375
-0.74609375
-0.74609375
-0.56640625
-0.56640625
-0.56640625
-0.56640625
-0.6015625
-0.6015625
-0.56640625
-0.56640625
-0.8515625
-0.8515625
-0.42578125
-0.42578125
-0.9921875
-0.9921875
0.81640625
0.81640625
0.81640625
0.81640625
-1.8828125
-1.8828125
-1.8828125
-1.8828125
-0.6015625
-0.6015625
0.2109375
0.2109375
-0.49609375
-0.49609375
1.06640625
1.06640625
-0.10546875
-0.10546875
2.05859375
2.05859375
0
0
1.421875
1.421875
0.6015625
0.6015625
0.6015625
0.6015625
1.45703125
0
0
0
0
0
0
0
0
0
0
0
0
0
0
0
0
0
0
0
0
0
0
0
0
0
0
0
0
0
0
0
0
0
0
0
