10.734375
10.83984375
10.83984375
11.41015625
11.41015625
11.9765625
11.9765625
9.6328125
9.6328125
10.58984375
10.58984375
10.58984375
10.58984375
9.2421875
9.2421875
9.2421875
9.2421875
15.95703125
15.95703125
23.63671875
23.63671875
29.0390625
29.0390625
34.1953125
34.1953125
34.1953125
34.1953125
34.62109375
34.62109375
34.16015625
34.16015625
30
30
30
30
26.48046875
26.48046875
26.48046875
26.48046875
27.2265625
27.2265625
27.2265625
27.2265625
30
30
30
30
30.640625
30.640625
30.4609375
30.4609375
30.4609375
30.4609375
30.390625
30.390625
29.46484375
29.46484375
27.546875
27.546875
25.5546875
25.5546875
24.20703125
24.20703125
21.9296875
21.9296875
20.47265625
20.47265625
17.9140625
17.9140625
16.6328125
16.6328125
16.6328125
16.6328125
13.75390625
13.75390625
12.90234375
12.90234375
12.796875
12.796875
12.796875
12.796875
11.94140625
11.94140625
11.5859375
11.5859375
11.4453125
11.4453125
11.4453125
11.4453125
11.515625
11.515625
11.515625
11.515625
11.9765625
11.9765625
12.0859375
12.0859375
12.546875
12.546875
12.12109375
12.12109375
12.12109375
12.12109375
11.23046875
11.23046875
11.23046875
11.23046875
9.7734375
9.7734375
9.203125
9.203125
9.09765625
9.09765625
9.02734375
9.02734375
8.8125
8.8125
8.8125
8.8125
7.85546875
7.85546875
7.5703125
7.5703125
7.14453125
7.14453125
7.14453125
7.14453125
6.6796875
6.6796875
6.6796875
6.6796875
6.359375
6.359375
6.359375
6.359375
6.43359375
6.43359375
6.43359375
6.43359375
6.25390625
6.25390625
6.2890625
6.2890625
6.00390625
6.00390625
6.21875
6.21875
5.86328125
5.86328125
6.359375
6.359375
5.79296875
5.79296875
5.96875
5.96875
6.21875
6.21875
6.609375
6.609375
6.1484375
6.1484375
6.43359375
6.43359375
6.46875
6.46875
6.71484375
6.71484375
6.71484375
6.71484375
6.6796875
6.6796875
6.9296875
6.9296875
7.21484375
7.21484375
7.42578125
7.42578125
7.28515625
7.28515625
7.14453125
7.14453125
7.35546875
7.35546875
7.35546875
7.35546875
7.42578125
7.42578125
7.21484375
7.21484375
7.42578125
7.42578125
7.25
7.25
7.25
7.25
7.28515625
7.28515625
7.74609375
7.74609375
7.74609375
7.74609375
7.74609375
7.74609375
7.92578125
7.92578125
7.67578125
7.67578125
7.640625
7.640625
7.640625
7.640625
7.78125
7.78125
7.92578125
7.92578125
7.92578125
7.92578125
8.13671875
8.13671875
8.13671875
8.13671875
7.85546875
7.85546875
8.2109375
8.2109375
8.2109375
8.2109375
8.4921875
8.4921875
8.53125
8.53125
8.421875
8.13671875
8.13671875
8.13671875
8.56640625
8.56640625
8.6015625
8.6015625
8.31640625
8.31640625
8.17578125
8.17578125
8.17578125
8.17578125
8.17578125
8.17578125
8.421875
8.421875
8.24609375
8.24609375
8.24609375
8.24609375
8.56640625
8.56640625
8.56640625
8.56640625
8.6015625
8.6015625
8.6015625
8.6015625
8.8125
8.8125
8.921875
8.921875
8.921875
8.921875
8.8125
8.8125
8.921875
8.921875
8.7421875
8.7421875
8.7421875
8.7421875
8.671875
8.671875
8.671875
8.671875
8.9921875
8.9921875
8.9921875
8.9921875
9.3125
9.3125
9.3125
9.3125
9.48828125
9.48828125
9.48828125
9.48828125
9.27734375
9.27734375
9.48828125
9.48828125
9.27734375
9.55859375
9.55859375
9.55859375
9.703125
9.703125
9.7734375
9.7734375
9.703125
9.703125
9.703125
9.703125
9.6328125
9.6328125
9.6328125
9.6328125
9.6328125
9.6328125
9.703125
9.703125
9.5234375
9.5234375
9.5234375
9.5234375
9.5234375
9.5234375
9.34765625
9.34765625
9.34765625
9.34765625
9.34765625
9.34765625
9.6328125
9.6328125
9.59765625
9.59765625
9.453125
9.453125
9.453125
9.453125
9.59765625
9.59765625
10.0234375
10.0234375
10.09375
10.09375
9.87890625
9.87890625
9.73828125
9.73828125
10.19921875
10.19921875
9.9140625
9.9140625
9.9140625
9.9140625
9.80859375
9.80859375
9.80859375
9.80859375
9.7734375
9.7734375
9.84375
9.84375
9.80859375
9.453125
9.453125
9.453125
9.6328125
9.6328125
9.953125
9.953125
9.953125
9.953125
9.9140625
9.9140625
9.7734375
9.7734375
9.953125
9.953125
9.84375
9.84375
10.09375
10.09375
10.0234375
10.0234375
10.0234375
10.0234375
9.87890625
9.87890625
10.05859375
10.05859375
9.9140625
9.9140625
9.9140625
9.9140625
9.953125
9.9140625
9.9140625
9.9140625
9.7734375
9.7734375
9.7734375
9.7734375
10.12890625
10.12890625
10.12890625
10.12890625
9.87890625
9.87890625
9.87890625
9.87890625
10.19921875
10.19921875
9.953125
9.953125
10.1640625
10.1640625
10.12890625
10.12890625
10.1640625
10.1640625
10.05859375
10.05859375
10.12890625
10.12890625
-17.984375
-17.984375
19.65625
19.65625
12.6171875
12.6171875
12.6171875
12.6171875
5.08203125
5.08203125
5.93359375
5.93359375
6.6796875
6.6796875
6.00390625
6.00390625
6.64453125
6.64453125
6.32421875
6.32421875
0
0
0
0
0
0
0
0
0
0
0
0
0
0
0
0
0
0
0
0
0
0
0
0
0
0
0
0
0
0
0
0
0
0
0
0
0
0
0
0
0
0
0
0
0
0
0
0
0
0
0
0
0
0
0
0
0
0
0
0
0
0
0
0
0
0
0
0
0
0
0
0
0
0
0
0
0
0
