0.56640625
1.6328125
1.6328125
4.796875
4.796875
3.01953125
3.01953125
1.421875
1.421875
-0.4609375
-0.4609375
-0.4609375
-0.4609375
-1.52734375
-1.52734375
-1.52734375
-1.52734375
-0.42578125
-0.42578125
0.24609375
0.24609375
0.28125
0.28125
0.31640625
0.31640625
0.31640625
0.31640625
1.20703125
1.20703125
0.9921875
0.9921875
4.40625
4.40625
4.40625
4.40625
36.859375
36.859375
36.859375
36.859375
36.7890625
36.7890625
36.7890625
36.7890625
38.74609375
38.74609375
38.74609375
38.74609375
37.21484375
37.21484375
36.9296875
36.9296875
36.9296875
36.9296875
37.25
37.25
37.14453125
37.14453125
36.50390625
36.50390625
36.96875
36.96875
36.0078125
36.0078125
37.28515625
37.28515625
36.7890625
36.7890625
36.71875
36.71875
37.00390625
37.00390625
37.00390625
37.00390625
36.9296875
36.9296875
36.89453125
36.89453125
37.0390625
37.0390625
37.0390625
37.0390625
35.47265625
35.47265625
31.91796875
31.91796875
29.39453125
29.39453125
29.39453125
29.39453125
27.44140625
27.44140625
27.44140625
27.44140625
26.515625
26.515625
22.53515625
22.53515625
20.86328125
20.86328125
20.22265625
20.22265625
20.22265625
20.22265625
19.05078125
19.05078125
19.05078125
19.05078125
16.70703125
16.70703125
15.390625
15.390625
15.28515625
15.28515625
14.39453125
14.39453125
13.078125
13.078125
13.078125
13.078125
10.83984375
10.83984375
11.125
11.125
10.1640625
10.1640625
10.1640625
10.1640625
9.02734375
9.02734375
9.02734375
9.02734375
8.31640625
8.31640625
8.31640625
8.31640625
8.06640625
8.06640625
8.06640625
8.06640625
7.390625
7.390625
6.46875
6.46875
6.9296875
6.9296875
6.50390625
6.50390625
6.71484375
6.71484375
6.11328125
6.11328125
5.8984375
5.8984375
5.86328125
5.86328125
5.79296875
5.79296875
6.00390625
6.00390625
5.54296875
5.54296875
5.578125
5.578125
5.6875
5.6875
5.4375
5.4375
5.4375
5.4375
5.22265625
5.22265625
5.15234375
5.15234375
4.90234375
4.90234375
4.83203125
4.83203125
4.69140625
4.69140625
4.4765625
4.4765625
4.51171875
4.51171875
4.76171875
4.76171875
4.546875
4.546875
4.546875
4.546875
4.65625
4.65625
4.40625
4.40625
4.40625
4.40625
4.15625
4.15625
4.51171875
4.51171875
4.65625
4.65625
4.65625
4.65625
5.22265625
5.22265625
5.79296875
5.79296875
5.578125
5.578125
5.578125
5.578125
6.18359375
6.18359375
6.3984375
6.3984375
6.359375
6.359375
6.11328125
6.11328125
6.11328125
6.11328125
6.25390625
6.25390625
7.14453125
7.14453125
7.14453125
7.14453125
6.96484375
6.96484375
7
7
6.9296875
7.28515625
7.28515625
7.28515625
7.109375
7.109375
7.53515625
7.53515625
7.7109375
7.7109375
7.85546875
7.85546875
8.03125
8.03125
8.03125
8.03125
7.78125
7.78125
7.99609375
7.99609375
7.99609375
7.99609375
8.24609375
8.24609375
8.24609375
8.24609375
8.28125
8.28125
8.2109375
8.2109375
8.1015625
8.1015625
7.890625
7.890625
8.63671875
8.63671875
8.24609375
8.24609375
7.99609375
7.99609375
8.31640625
8.31640625
8.13671875
8.13671875
8.53125
8.53125
8.53125
8.53125
8.13671875
8.13671875
8.13671875
8.13671875
8.1015625
8.1015625
8.1015625
8.1015625
8.03125
8.03125
8.03125
8.03125
7.9609375
7.9609375
8.06640625
8.06640625
7.9609375
7.78125
7.78125
7.78125
7.74609375
7.74609375
8.03125
8.03125
7.78125
7.78125
7.78125
7.78125
7.85546875
7.85546875
7.85546875
7.85546875
7.67578125
7.67578125
7.46484375
7.46484375
7.28515625
7.28515625
7.640625
7.640625
7.640625
7.640625
7.60546875
7.60546875
7.60546875
7.60546875
7.7109375
7.7109375
7.640625
7.640625
7.5703125
7.5703125
7.28515625
7.28515625
7.28515625
7.28515625
7.35546875
7.35546875
7.28515625
7.28515625
7.3203125
7.3203125
7.3203125
7.3203125
7.25
7.25
7.25
7.25
7.25
7.25
7.25
7.25
7.35546875
7.35546875
7.35546875
7.35546875
6.859375
6.859375
7.28515625
7.28515625
7.25
7.1796875
7.1796875
7.1796875
7.14453125
7.14453125
7.1796875
7.1796875
7.1796875
7.1796875
7.3203125
7.3203125
7.8203125
7.8203125
7.109375
7.109375
7.0703125
7.0703125
7.3203125
7.3203125
7.21484375
7.21484375
7.42578125
7.42578125
7.1796875
7.1796875
7.28515625
7.28515625
7.60546875
7.60546875
7.60546875
7.60546875
7.1796875
7
7
7
7.25
7.25
7.42578125
7.42578125
7.1796875
7.1796875
7.1796875
7.1796875
6.96484375
6.96484375
6.96484375
6.96484375
6.96484375
6.96484375
7.35546875
7.35546875
7.0703125
7.0703125
7.21484375
7.21484375
6.89453125
6.89453125
6.859375
6.859375
7
7
7.109375
7.109375
7.3203125
7.3203125
6.89453125
6.89453125
6.89453125
6.89453125
6.57421875
6.57421875
6.57421875
6.57421875
7.14453125
7.14453125
6.5390625
6.5390625
6.9296875
6.9296875
6.859375
6.859375
0
0
0
0
0
0
0
0
0
0
0
0
0
0
0
0
0
0
0
0
0
0
0
0
0
0
0
0
0
0
0
0
0
0
0
0
0
0
0
0
0
0
0
0
0
0
0
0
0
0
0
0
0
0
0
0
0
0
0
0
0
0
0
0
0
0
0
0
0
0
0
0
0
0
0
0
0
0
