-18.625
-13.82421875
-13.82421875
-6.46875
-6.46875
-2.55859375
-2.55859375
-0.390625
-0.390625
2.1328125
2.1328125
2.1328125
2.1328125
10.484375
10.484375
10.484375
10.484375
7.390625
7.390625
5.3671875
5.3671875
6.71484375
6.71484375
6.859375
6.859375
6.859375
6.859375
8.95703125
8.95703125
10.26953125
10.26953125
10.875
10.875
10.875
10.875
11.48046875
11.48046875
11.48046875
11.48046875
14.25390625
14.25390625
14.25390625
14.25390625
17.37890625
17.37890625
17.37890625
17.37890625
19.05078125
19.05078125
20.8984375
20.8984375
20.8984375
20.8984375
21.078125
21.078125
19.9765625
19.9765625
15.390625
15.390625
12.15625
12.15625
11.01953125
11.01953125
8.84765625
8.84765625
6.43359375
6.43359375
7.03515625
7.03515625
6.6796875
6.6796875
6.6796875
6.6796875
6.71484375
6.71484375
7.21484375
7.21484375
7.53515625
7.53515625
7.53515625
7.53515625
6.43359375
6.43359375
5.01171875
5.01171875
4.015625
4.015625
4.015625
4.015625
4.12109375
4.12109375
4.12109375
4.12109375
4.796875
4.796875
5.61328125
5.61328125
5.8984375
5.8984375
6.1484375
6.1484375
6.1484375
6.1484375
5.47265625
5.47265625
5.47265625
5.47265625
5.6875
5.6875
5.8984375
5.8984375
6.00390625
6.00390625
5.72265625
5.72265625
5.29296875
5.29296875
5.29296875
5.29296875
5.22265625
5.22265625
5.5078125
5.5078125
5.5078125
5.5078125
5.5078125
5.5078125
4.76171875
4.76171875
4.76171875
4.76171875
5.2578125
5.2578125
5.2578125
5.2578125
5.5078125
5.5078125
5.5078125
5.5078125
5.08203125
5.08203125
5.046875
5.046875
5.15234375
5.15234375
4.796875
4.796875
5.22265625
5.22265625
4.58203125
4.58203125
4.9375
4.9375
4.62109375
4.62109375
4.83203125
4.83203125
4.83203125
4.83203125
4.83203125
4.83203125
4.12109375
4.12109375
5.08203125
5.08203125
4.90234375
4.90234375
4.90234375
4.90234375
4.76171875
4.76171875
4.76171875
4.76171875
4.65625
4.65625
4.8671875
4.8671875
4.58203125
4.58203125
4.9765625
4.9765625
4.3359375
4.3359375
4.30078125
4.30078125
3.8359375
3.8359375
4.15625
4.15625
4.30078125
4.30078125
4.15625
4.15625
4.15625
4.15625
4.44140625
4.44140625
3.98046875
3.98046875
3.87109375
3.87109375
3.87109375
3.87109375
3.98046875
3.98046875
3.91015625
3.91015625
3.6953125
3.6953125
3.6953125
3.6953125
3.58984375
3.58984375
4.015625
4.015625
4.12109375
4.12109375
3.8359375
3.8359375
3.8359375
3.8359375
3.91015625
3.91015625
4.015625
4.015625
4.015625
4.015625
4.12109375
4.12109375
4.2265625
4.2265625
3.87109375
4.015625
4.015625
4.015625
3.91015625
3.91015625
4.015625
4.015625
3.9453125
3.9453125
4.2265625
4.2265625
4.0859375
4.0859375
4.0859375
4.0859375
4.0859375
4.0859375
3.98046875
3.98046875
3.98046875
3.98046875
4.2265625
4.2265625
4.2265625
4.2265625
4.51171875
4.51171875
3.98046875
3.98046875
4.15625
4.15625
4.19140625
4.19140625
4.3359375
4.3359375
4.37109375
4.37109375
4.58203125
4.58203125
4.40625
4.40625
4.796875
4.796875
4.40625
4.40625
4.40625
4.40625
4.546875
4.546875
4.546875
4.546875
4.44140625
4.44140625
4.44140625
4.44140625
4.05078125
4.05078125
4.05078125
4.05078125
4.265625
4.265625
3.98046875
3.98046875
3.9453125
4.2265625
4.2265625
4.2265625
3.98046875
3.98046875
3.6953125
3.6953125
4.0859375
4.0859375
4.0859375
4.0859375
3.8359375
3.8359375
3.8359375
3.8359375
4.015625
4.015625
3.66015625
3.66015625
3.6953125
3.6953125
3.73046875
3.73046875
3.73046875
3.73046875
3.80078125
3.80078125
3.80078125
3.80078125
3.765625
3.765625
3.80078125
3.80078125
3.8359375
3.8359375
3.66015625
3.66015625
3.66015625
3.66015625
3.80078125
3.80078125
3.9453125
3.9453125
3.98046875
3.98046875
3.87109375
3.87109375
3.58984375
3.58984375
3.80078125
3.80078125
3.73046875
3.73046875
3.73046875
3.73046875
3.58984375
3.58984375
3.58984375
3.58984375
3.8359375
3.8359375
3.66015625
3.66015625
3.58984375
3.4453125
3.4453125
3.4453125
3.4453125
3.4453125
3.33984375
3.33984375
3.33984375
3.33984375
3.41015625
3.41015625
3.26953125
3.26953125
3.41015625
3.41015625
3.48046875
3.48046875
3.4453125
3.4453125
3.48046875
3.48046875
3.515625
3.515625
3.41015625
3.41015625
3.5546875
3.5546875
3.33984375
3.33984375
3.33984375
3.33984375
3.66015625
3.515625
3.515625
3.515625
3.515625
3.515625
3.3046875
3.3046875
3.4453125
3.4453125
3.4453125
3.4453125
3.625
3.625
3.625
3.625
3.66015625
3.66015625
3.41015625
3.41015625
3.625
3.625
3.80078125
3.80078125
3.58984375
3.58984375
3.3046875
3.3046875
35.7578125
35.7578125
-5.40234375
-5.40234375
2.5234375
2.5234375
0.78125
0.78125
0.78125
0.78125
1.66796875
1.66796875
2.9140625
2.9140625
4.76171875
4.76171875
3.6953125
3.6953125
2.84375
2.84375
4.12109375
4.12109375
0
0
0
0
0
0
0
0
0
0
0
0
0
0
0
0
0
0
0
0
0
0
0
0
0
0
0
0
0
0
0
0
0
0
0
0
0
0
0
0
0
0
0
0
0
0
0
0
0
0
0
0
0
0
0
0
0
0
0
0
0
0
0
0
0
0
0
0
0
0
0
0
0
0
0
0
0
0
