1.5625
1.3828125
1.3828125
1.45703125
1.45703125
-0.31640625
-0.31640625
0.53125
0.53125
-0.17578125
-0.17578125
-0.17578125
-0.17578125
4.265625
4.265625
4.265625
4.265625
6.50390625
6.50390625
2.4140625
2.4140625
0.56640625
0.56640625
-0.17578125
-0.17578125
-0.17578125
-0.17578125
3.5546875
3.5546875
2.09375
2.09375
1.84765625
1.84765625
1.84765625
1.84765625
1.2421875
1.2421875
1.2421875
1.2421875
-2.94921875
-2.94921875
-2.94921875
-2.94921875
-1.8828125
-1.8828125
-1.8828125
-1.8828125
0
0
1.4921875
1.4921875
1.4921875
1.4921875
1.2421875
1.2421875
1.98828125
1.98828125
-2.62890625
-2.62890625
-5.33203125
-5.33203125
-7.1796875
-7.1796875
-6.96484375
-6.96484375
-10.4140625
-10.4140625
-9.87890625
-9.87890625
-11.80078125
-11.80078125
-11.80078125
-11.80078125
-11.69140625
-11.69140625
-11.16015625
-11.16015625
-10.34375
-10.34375
-10.34375
-10.34375
-9.953125
-9.953125
-10.5546875
-10.5546875
-10.625
-10.625
-10.625
-10.625
-10.234375
-10.234375
-10.234375
-10.234375
-9.6328125
-9.6328125
-8.17578125
-8.17578125
-7.890625
-7.890625
-6.21875
-6.21875
-6.21875
-6.21875
-5.4375
-5.4375
-5.4375
-5.4375
-2.4140625
-2.4140625
-1.953125
-1.953125
-1.2421875
-1.2421875
-0.8515625
-0.8515625
-1.3125
-1.3125
-1.3125
-1.3125
-0.17578125
-0.17578125
-0.53125
-0.53125
-0.03515625
-0.03515625
-0.03515625
-0.03515625
-0.6015625
-0.6015625
-0.6015625
-0.6015625
-0.35546875
-0.35546875
-0.35546875
-0.35546875
-0.4609375
-0.4609375
-0.4609375
-0.4609375
-0.4609375
-0.4609375
-0.49609375
-0.49609375
-0.42578125
-0.42578125
-1.171875
-1.171875
-0.78125
-0.78125
-1.2421875
-1.2421875
-1.4921875
-1.4921875
-1.66796875
-1.66796875
-1.421875
-1.421875
-1.59765625
-1.59765625
-1.3828125
-1.3828125
-1.59765625
-1.59765625
-1.4921875
-1.4921875
-1.45703125
-1.45703125
-1.45703125
-1.45703125
-1.52734375
-1.52734375
-1.3828125
-1.3828125
-1.421875
-1.421875
-1.5625
-1.5625
-1.3125
-1.3125
-1.20703125
-1.20703125
-1.421875
-1.421875
-1.171875
-1.171875
-1.171875
-1.171875
-1.3125
-1.3125
-1.3828125
-1.3828125
-1.27734375
-1.27734375
-1.27734375
-1.27734375
-0.9921875
-0.9921875
-1.02734375
-1.02734375
-0.9921875
-0.9921875
-0.9921875
-0.9921875
-1.27734375
-1.27734375
-1.20703125
-1.20703125
-1.3828125
-1.3828125
-1.3828125
-1.3828125
-1.20703125
-1.20703125
-1.20703125
-1.20703125
-1.421875
-1.421875
-1.2421875
-1.2421875
-1.2421875
-1.2421875
-1.421875
-1.421875
-1.2421875
-1.2421875
-1.2421875
-1.2421875
-1.3125
-1.3125
-1.5625
-1.5625
-1.66796875
-1.45703125
-1.45703125
-1.45703125
-1.4921875
-1.4921875
-1.3125
-1.3125
-1.8125
-1.8125
-1.5625
-1.5625
-1.5625
-1.5625
-1.5625
-1.5625
-1.703125
-1.703125
-1.5625
-1.5625
-1.5625
-1.5625
-1.73828125
-1.73828125
-1.73828125
-1.73828125
-1.73828125
-1.73828125
-1.3828125
-1.3828125
-1.5625
-1.5625
-1.171875
-1.171875
-1.34765625
-1.34765625
-1.66796875
-1.66796875
-1.66796875
-1.66796875
-1.5625
-1.5625
-1.5625
-1.5625
-1.66796875
-1.66796875
-1.66796875
-1.66796875
-1.5625
-1.5625
-1.5625
-1.5625
-1.5625
-1.5625
-1.5625
-1.5625
-1.5625
-1.5625
-1.5625
-1.5625
-1.8125
-1.8125
-1.98828125
-1.98828125
-1.5625
-1.421875
-1.421875
-1.421875
-1.77734375
-1.77734375
-1.77734375
-1.77734375
-1.84765625
-1.84765625
-1.84765625
-1.84765625
-1.421875
-1.421875
-1.421875
-1.421875
-1.5625
-1.5625
-1.703125
-1.703125
-1.45703125
-1.45703125
-1.703125
-1.703125
-1.703125
-1.703125
-1.8828125
-1.8828125
-1.8828125
-1.8828125
-2.1328125
-2.1328125
-1.66796875
-1.66796875
-1.77734375
-1.77734375
-1.3828125
-1.3828125
-1.3828125
-1.3828125
-1.52734375
-1.52734375
-1.52734375
-1.52734375
-1.703125
-1.703125
-1.91796875
-1.91796875
-2.0234375
-2.0234375
-1.59765625
-1.59765625
-1.73828125
-1.73828125
-1.73828125
-1.73828125
-1.3828125
-1.3828125
-1.3828125
-1.3828125
-1.73828125
-1.73828125
-1.98828125
-1.98828125
-1.8828125
-1.8828125
-1.8828125
-1.8828125
-1.84765625
-1.84765625
-1.6328125
-1.6328125
-1.6328125
-1.6328125
-1.59765625
-1.59765625
-1.52734375
-1.52734375
-1.84765625
-1.84765625
-1.77734375
-1.77734375
-1.8125
-1.8125
-1.703125
-1.703125
-1.52734375
-1.52734375
-1.84765625
-1.84765625
-1.77734375
-1.77734375
-1.84765625
-1.84765625
-1.84765625
-1.84765625
-2.0234375
-1.953125
-1.953125
-1.953125
-1.6328125
-1.6328125
-1.45703125
-1.45703125
-1.73828125
-1.73828125
-1.6328125
-1.6328125
-1.84765625
-1.84765625
-1.84765625
-1.84765625
-1.953125
-1.953125
-2.2734375
-2.2734375
-1.953125
-1.953125
-2.09375
-2.09375
-1.953125
-1.953125
-1.84765625
-1.84765625
-1.8125
-1.8125
-2.09375
-2.09375
-2.23828125
-2.23828125
-2.05859375
-2.05859375
-2.05859375
-2.05859375
-2.69921875
-2.69921875
-2.734375
-2.734375
-2.55859375
-2.55859375
-2.55859375
-2.55859375
-2.76953125
-2.76953125
-3.26953125
-3.26953125
0
0
0
0
0
0
0
0
0
0
0
0
0
0
0
0
0
0
0
0
0
0
0
0
0
0
0
0
0
0
0
0
0
0
0
0
0
0
0
0
0
0
0
0
0
0
0
0
0
0
0
0
0
0
0
0
0
0
0
0
0
0
0
0
0
0
0
0
0
0
0
0
0
0
0
0
0
0
