4.265625
2.734375
2.734375
4.40625
4.40625
2.76953125
2.76953125
2.0234375
2.0234375
4.0859375
4.0859375
4.0859375
4.0859375
6.00390625
6.00390625
6.00390625
6.00390625
3.66015625
3.66015625
5.4375
5.4375
5.2578125
5.2578125
6.00390625
6.00390625
6.00390625
6.00390625
3.48046875
3.48046875
1.5625
1.5625
-0.17578125
-0.17578125
-0.17578125
-0.17578125
-0.78125
-0.78125
-0.78125
-0.78125
-0.8515625
-0.8515625
-0.8515625
-0.8515625
-2.62890625
-2.62890625
-2.62890625
-2.62890625
0.2109375
0.2109375
1.421875
1.421875
1.421875
1.421875
4.05078125
4.05078125
2.87890625
2.87890625
-0.42578125
-0.42578125
1.02734375
1.02734375
0.56640625
0.56640625
1.171875
1.171875
-0.17578125
-0.17578125
0.0703125
0.0703125
-1.3125
-1.3125
-1.3125
-1.3125
-1.4921875
-1.4921875
-3.16015625
-3.16015625
-4.65625
-4.65625
-4.65625
-4.65625
-4.05078125
-4.05078125
-4.40625
-4.40625
-3.58984375
-3.58984375
-3.58984375
-3.58984375
-2.37890625
-2.37890625
-2.37890625
-2.37890625
-1.953125
-1.953125
-0.10546875
-0.10546875
0.140625
0.140625
0.671875
0.671875
0.671875
0.671875
0.63671875
0.63671875
0.63671875
0.63671875
0.9921875
0.9921875
0.7109375
0.7109375
2.62890625
2.62890625
2.76953125
2.76953125
1.59765625
1.59765625
1.59765625
1.59765625
2.4140625
2.4140625
2.05859375
2.05859375
1.27734375
1.27734375
1.27734375
1.27734375
0.63671875
0.63671875
0.63671875
0.63671875
0.9921875
0.9921875
0.9921875
0.9921875
0.49609375
0.49609375
0.49609375
0.49609375
1.171875
1.171875
0.78125
0.78125
0.390625
0.390625
0.49609375
0.49609375
0.2109375
0.2109375
-0.10546875
-0.10546875
0
0
0.17578125
0.17578125
-0.28125
-0.28125
-0.24609375
-0.24609375
-0.10546875
-0.10546875
0.03515625
0.03515625
-0.24609375
-0.24609375
-0.10546875
-0.10546875
-0.10546875
-0.10546875
-0.140625
-0.140625
0.10546875
0.10546875
-0.140625
-0.140625
0.0703125
0.0703125
-0.03515625
-0.03515625
-0.03515625
-0.03515625
-0.0703125
-0.0703125
-0.0703125
-0.0703125
0.2109375
0.2109375
0.0703125
0.0703125
0.2109375
0.2109375
0.0703125
0.0703125
0.0703125
0.0703125
0.28125
0.28125
0.2109375
0.2109375
0.6015625
0.6015625
0.6015625
0.6015625
0.63671875
0.63671875
0.88671875
0.88671875
0.63671875
0.63671875
0.63671875
0.63671875
0.921875
0.921875
0.6015625
0.6015625
0.74609375
0.74609375
0.63671875
0.63671875
0.63671875
0.63671875
0.49609375
0.49609375
0.8515625
0.8515625
0.8515625
0.8515625
0.81640625
0.81640625
0.8515625
0.8515625
0.78125
0.74609375
0.74609375
0.74609375
1.02734375
1.02734375
1.1015625
1.1015625
1.02734375
1.02734375
0.7109375
0.7109375
0.49609375
0.49609375
0.49609375
0.49609375
1.02734375
1.02734375
1.3125
1.3125
1.3125
1.3125
0.95703125
0.95703125
0.95703125
0.95703125
1.06640625
1.06640625
0.88671875
0.88671875
0.78125
0.78125
1.02734375
1.02734375
0.49609375
0.49609375
0.17578125
0.17578125
0.390625
0.390625
0.17578125
0.17578125
0.0703125
0.0703125
0.31640625
0.31640625
0.31640625
0.31640625
0.10546875
0.10546875
0.10546875
0.10546875
0.63671875
0.63671875
0.63671875
0.63671875
0.88671875
0.88671875
0.88671875
0.88671875
0.390625
0.390625
0.63671875
0.63671875
0.6015625
0.49609375
0.49609375
0.49609375
0.81640625
0.81640625
0.49609375
0.49609375
1.1015625
1.1015625
1.1015625
1.1015625
0.8515625
0.8515625
0.8515625
0.8515625
0.6015625
0.6015625
0.7109375
0.7109375
0.49609375
0.49609375
0.671875
0.671875
0.671875
0.671875
0.4609375
0.4609375
0.4609375
0.4609375
0.49609375
0.49609375
0.31640625
0.31640625
0.671875
0.671875
0.671875
0.671875
0.671875
0.671875
0.74609375
0.74609375
0.63671875
0.63671875
0.81640625
0.81640625
1.20703125
1.20703125
0.78125
0.78125
0.4609375
0.4609375
0.42578125
0.42578125
0.42578125
0.42578125
0.4609375
0.4609375
0.4609375
0.4609375
0.31640625
0.31640625
0
0
0.0703125
0.35546875
0.35546875
0.35546875
0.35546875
0.35546875
0.4609375
0.4609375
0.4609375
0.4609375
0.24609375
0.24609375
0.35546875
0.35546875
0.42578125
0.42578125
0.2109375
0.2109375
0.24609375
0.24609375
0.140625
0.140625
0.2109375
0.2109375
0.24609375
0.24609375
0.17578125
0.17578125
0.0703125
0.0703125
0.0703125
0.0703125
0
0.390625
0.390625
0.390625
0.0703125
0.0703125
0.140625
0.140625
0.03515625
0.03515625
0.24609375
0.24609375
0.17578125
0.17578125
0.17578125
0.17578125
0.03515625
0.03515625
0
0
-0.0703125
-0.0703125
0.28125
0.28125
0.42578125
0.42578125
0.24609375
0.24609375
0.140625
0.140625
0.0703125
0.0703125
-0.10546875
-0.10546875
-0.0703125
-0.0703125
-0.0703125
-0.0703125
-0.4609375
-0.4609375
-0.4609375
-0.4609375
-0.390625
-0.390625
-0.35546875
-0.35546875
-0.6015625
-0.6015625
-1.13671875
-1.13671875
0
0
0
0
0
0
0
0
0
0
0
0
0
0
0
0
0
0
0
0
0
0
0
0
0
0
0
0
0
0
0
0
0
0
0
0
0
0
0
0
0
0
0
0
0
0
0
0
0
0
0
0
0
0
0
0
0
0
0
0
0
0
0
0
0
0
0
0
0
0
0
0
0
0
0
0
0
0
