4.9765625
4.76171875
4.76171875
4.76171875
5.5078125
5.5078125
5.5078125
5.1171875
5.1171875
5.1171875
5.1171875
5.3671875
5.3671875
4.8671875
4.8671875
5.1171875
5.1171875
5.1171875
5.1171875
4.51171875
4.51171875
4.51171875
4.51171875
5.046875
5.046875
5.15234375
5.15234375
5.47265625
5.47265625
5.47265625
5.47265625
5.1171875
5.1171875
5.2578125
5.2578125
5.2578125
5.2578125
5.6484375
5.6484375
5.61328125
5.61328125
6.00390625
6.00390625
5.86328125
5.86328125
5.86328125
5.86328125
6.11328125
6.11328125
5.2578125
5.2578125
5.22265625
5.22265625
5.08203125
5.08203125
4.83203125
4.83203125
4.69140625
4.69140625
4.265625
4.265625
4.7265625
4.7265625
4.37109375
4.37109375
4.30078125
4.30078125
3.80078125
3.80078125
3.80078125
3.80078125
3.80078125
3.80078125
3.80078125
3.80078125
3.58984375
3.58984375
3.66015625
3.66015625
3.66015625
3.66015625
3.5546875
3.5546875
3.5546875
3.5546875
3.515625
3.515625
3.515625
3.515625
3.6953125
3.6953125
3.91015625
3.91015625
3.765625
3.765625
3.765625
3.765625
3.765625
3.765625
3.87109375
3.87109375
3.73046875
3.73046875
3.73046875
3.73046875
3.98046875
3.98046875
3.87109375
3.87109375
4.12109375
4.12109375
3.91015625
3.91015625
3.91015625
3.91015625
3.80078125
3.80078125
3.66015625
3.66015625
3.66015625
3.66015625
3.515625
3.515625
3.125
3.125
3.125
3.125
2.94921875
2.94921875
2.34375
2.34375
2.30859375
2.30859375
2.16796875
2.16796875
1.703125
1.703125
1.52734375
1.52734375
1.34765625
1.34765625
1.34765625
1.34765625
0.9921875
0.9921875
0.6015625
0.6015625
0.63671875
0.63671875
0.31640625
0.31640625
0.28125
0.28125
0.28125
0.28125
-0.140625
-0.140625
-0.03515625
-0.03515625
-0.24609375
-0.24609375
-0.31640625
-0.31640625
-0.390625
-0.390625
-0.31640625
-0.31640625
-0.24609375
-0.24609375
-0.24609375
-0.24609375
-0.42578125
-0.42578125
-0.28125
-0.28125
-0.49609375
-0.31640625
-0.31640625
-0.31640625
-0.56640625
-0.56640625
-1.1015625
-1.1015625
-1.20703125
-1.20703125
-1.02734375
-1.02734375
-0.921875
-0.921875
-0.78125
-0.78125
-0.88671875
-0.88671875
-0.671875
-0.671875
-0.63671875
-0.63671875
-0.56640625
-0.56640625
-0.74609375
-0.74609375
-0.42578125
-0.42578125
-0.49609375
-0.49609375
-0.390625
-0.390625
-0.35546875
-0.49609375
-0.49609375
-0.49609375
-0.49609375
-0.49609375
-0.140625
-0.140625
-0.4609375
-0.4609375
-0.24609375
-0.24609375
-0.0703125
-0.0703125
-0.0703125
-0.0703125
0.0703125
0.0703125
-0.03515625
-0.03515625
0.63671875
0.63671875
1.20703125
1.20703125
1.02734375
1.02734375
1.91796875
1.91796875
2.1328125
2.1328125
2.1328125
2.1328125
3.01953125
3.01953125
3.73046875
3.73046875
4.37109375
4.37109375
4.65625
4.65625
5.40234375
5.40234375
5.7578125
5.7578125
6.2890625
6.2890625
6.5390625
6.5390625
7.28515625
7.28515625
7.42578125
7.42578125
7.53515625
7.53515625
7.60546875
7.60546875
7.60546875
7.60546875
8.8125
8.8125
9.7734375
9.7734375
10.26953125
10.26953125
9.73828125
9.73828125
10.484375
10.484375
9.98828125
9.98828125
9.27734375
9.27734375
9.27734375
9.27734375
9.73828125
9.73828125
10.12890625
10.12890625
10.37890625
10.37890625
11.30078125
11.30078125
11.0546875
11.0546875
10.9453125
10.9453125
11.4453125
11.4453125
11.90625
11.90625
11.515625
11.515625
12.83203125
12.83203125
12.90234375
12.90234375
12.90234375
12.90234375
14.00390625
14.00390625
13.43359375
13.43359375
13.15234375
13.15234375
13.2578125
13.2578125
13.96875
13.96875
13.93359375
13.93359375
13.8984375
13.8984375
14.25390625
14.25390625
14.75
14.75
15.24609375
15.24609375
15.56640625
15.56640625
15.56640625
15.56640625
15.78125
15.78125
16.06640625
16.06640625
16.06640625
16.06640625
15.2109375
15.2109375
15.88671875
15.88671875
15.88671875
15.88671875
17.16796875
17.16796875
17.37890625
17.37890625
16.6328125
16.6328125
18.1640625
18.1640625
19.51171875
19.51171875
18.9453125
18.9453125
19.0859375
19.0859375
19.5859375
19.5859375
19.5859375
19.5859375
15.81640625
15.81640625
14.53515625
14.53515625
14.53515625
14.53515625
15.921875
15.921875
15.81640625
15.81640625
15.7109375
15.7109375
16.13671875
16.13671875
15.53125
15.53125
13.93359375
13.93359375
13.93359375
13.93359375
14.39453125
14.39453125
14.39453125
14.39453125
13.7890625
13.7890625
12.26171875
12.26171875
12.2265625
12.2265625
10.875
10.875
5.54296875
5.54296875
10.91015625
10.91015625
9.66796875
9.66796875
7.46484375
7.46484375
9.16796875
9.16796875
9.16796875
9.16796875
7.78125
0
0
0
0
0
0
0
0
0
0
0
0
0
0
0
0
0
0
0
0
0
0
0
0
0
0
0
0
0
0
0
0
0
0
0
