-1.6328125
-13.68359375
-13.68359375
-10.69921875
-10.69921875
-7.5703125
-7.5703125
-3.234375
-3.234375
-1.5625
-1.5625
-1.5625
-1.5625
-0.35546875
-0.35546875
-0.35546875
-0.35546875
-0.10546875
-0.10546875
-1.02734375
-1.02734375
-0.78125
-0.78125
-1.06640625
-1.06640625
-1.06640625
-1.06640625
-0.42578125
-0.42578125
-0.140625
-0.140625
0
0
0
0
5.828125
5.828125
5.828125
5.828125
4.3359375
4.3359375
4.3359375
4.3359375
2.37890625
2.37890625
2.37890625
2.37890625
3.0546875
3.0546875
7.9609375
7.9609375
7.9609375
7.9609375
10.05859375
10.05859375
12.796875
12.796875
18.484375
18.484375
17.6640625
17.6640625
17.734375
17.734375
17.09765625
17.09765625
15.4609375
15.4609375
13.15234375
13.15234375
11.94140625
11.94140625
11.94140625
11.94140625
9.3828125
9.3828125
9.203125
9.203125
9.27734375
9.27734375
9.27734375
9.27734375
7.5
7.5
7.03515625
7.03515625
6.46875
6.46875
6.46875
6.46875
5.79296875
5.79296875
5.79296875
5.79296875
4.83203125
4.83203125
4.37109375
4.37109375
4.12109375
4.12109375
3.26953125
3.26953125
3.26953125
3.26953125
2.84375
2.84375
2.84375
2.84375
1.8828125
1.8828125
1.5625
1.5625
0.9921875
0.9921875
0.49609375
0.49609375
0.78125
0.78125
0.78125
0.78125
0.671875
0.671875
0.4609375
0.4609375
0.6015625
0.6015625
0.6015625
0.6015625
0.42578125
0.42578125
0.42578125
0.42578125
0.28125
0.28125
0.28125
0.28125
0.24609375
0.24609375
0.24609375
0.24609375
0.24609375
0.24609375
-0.140625
-0.140625
-0.03515625
-0.03515625
0.2109375
0.2109375
-0.03515625
-0.03515625
0.10546875
0.10546875
-0.17578125
-0.17578125
0
0
0.140625
0.140625
0.2109375
0.2109375
0.49609375
0.49609375
0.140625
0.140625
0.140625
0.140625
0.03515625
0.03515625
0.03515625
0.03515625
0.24609375
0.24609375
0.35546875
0.35546875
0.53125
0.53125
0.35546875
0.35546875
1.27734375
1.27734375
1.52734375
1.52734375
1.171875
1.171875
0.921875
0.921875
0.81640625
0.81640625
0.7109375
0.7109375
0.49609375
0.49609375
0.56640625
0.56640625
0.56640625
0.56640625
0.53125
0.53125
0.7109375
0.7109375
0.6015625
0.6015625
0.6015625
0.6015625
0.10546875
0.10546875
0.56640625
0.56640625
0.78125
0.78125
0.78125
0.78125
0.42578125
0.42578125
0.6015625
0.6015625
0.31640625
0.31640625
0.49609375
0.49609375
0.49609375
0.49609375
0.4609375
0.4609375
0.78125
0.78125
0.78125
0.78125
0.35546875
0.35546875
0.53125
0.53125
0.42578125
0.49609375
0.49609375
0.49609375
0.2109375
0.2109375
0.42578125
0.42578125
0.140625
0.140625
0.53125
0.53125
0.4609375
0.4609375
0.4609375
0.4609375
0.28125
0.28125
0.140625
0.140625
0.140625
0.140625
0.390625
0.390625
0.390625
0.390625
0.03515625
0.03515625
0.49609375
0.49609375
0.671875
0.671875
0.95703125
0.95703125
1.45703125
1.45703125
1.3125
1.3125
1.91796875
1.91796875
1.953125
1.953125
2.23828125
2.23828125
2.37890625
2.37890625
2.37890625
2.37890625
2.87890625
2.87890625
2.87890625
2.87890625
2.94921875
2.94921875
2.94921875
2.94921875
2.734375
2.734375
2.734375
2.734375
2.734375
2.734375
2.87890625
2.87890625
2.734375
2.55859375
2.55859375
2.55859375
2.94921875
2.94921875
3.0546875
3.0546875
3.08984375
3.08984375
3.08984375
3.08984375
2.9140625
2.9140625
2.9140625
2.9140625
2.9140625
2.9140625
3.01953125
3.01953125
3.01953125
3.01953125
2.9140625
2.9140625
2.9140625
2.9140625
2.5234375
2.5234375
2.5234375
2.5234375
2.8046875
2.8046875
2.87890625
2.87890625
2.62890625
2.62890625
2.8046875
2.8046875
2.8046875
2.8046875
3.01953125
3.01953125
2.6640625
2.6640625
3.08984375
3.08984375
2.87890625
2.87890625
3.125
3.125
3.08984375
3.08984375
3.0546875
3.0546875
3.0546875
3.0546875
2.87890625
2.87890625
2.87890625
2.87890625
2.94921875
2.94921875
3.16015625
3.16015625
3.01953125
2.984375
2.984375
2.984375
2.9140625
2.9140625
3.125
3.125
3.125
3.125
2.84375
2.84375
3.234375
3.234375
3.0546875
3.0546875
3.19921875
3.19921875
3.125
3.125
3.234375
3.234375
3.3046875
3.3046875
2.9140625
2.9140625
2.984375
2.984375
3.0546875
3.0546875
3.0546875
3.0546875
2.94921875
3.16015625
3.16015625
3.16015625
3.08984375
3.08984375
3.19921875
3.19921875
3.0546875
3.0546875
3.234375
3.234375
2.94921875
2.94921875
2.94921875
2.94921875
3.08984375
3.08984375
2.94921875
2.94921875
3.16015625
3.16015625
2.76953125
2.76953125
3.08984375
3.08984375
2.94921875
2.94921875
2.94921875
2.94921875
3.19921875
3.19921875
2.984375
2.984375
3.5546875
3.5546875
3.5546875
3.5546875
3.4453125
3.4453125
3.125
3.125
2.9140625
2.9140625
3.01953125
3.01953125
2.94921875
2.94921875
3.3046875
3.3046875
0
0
0
0
0
0
0
0
0
0
0
0
0
0
0
0
0
0
0
0
0
0
0
0
0
0
0
0
0
0
0
0
0
0
0
0
0
0
0
0
0
0
0
0
0
0
0
0
0
0
0
0
0
0
0
0
0
0
0
0
0
0
0
0
0
0
0
0
0
0
0
0
0
0
0
0
0
0
