-1.02734375
-1.171875
-1.171875
-1.171875
-1.27734375
-1.27734375
-1.27734375
-1.13671875
-1.13671875
-1.13671875
-1.13671875
-1.13671875
-1.13671875
13.68359375
13.68359375
5.29296875
5.29296875
5.29296875
5.29296875
5.8984375
5.8984375
5.8984375
5.8984375
5.3671875
5.3671875
6.859375
6.859375
6.32421875
6.32421875
6.32421875
6.32421875
4.83203125
4.83203125
3.80078125
3.80078125
3.80078125
3.80078125
2.5234375
2.5234375
1.91796875
1.91796875
1.421875
1.421875
1.45703125
1.45703125
1.45703125
1.45703125
1.13671875
1.13671875
0.4609375
0.4609375
0.31640625
0.31640625
-0.03515625
-0.03515625
0.35546875
0.35546875
0.03515625
0.03515625
0.28125
0.28125
-0.81640625
-0.81640625
-0.63671875
-0.63671875
-0.390625
-0.390625
-0.140625
-0.140625
-0.390625
-0.390625
-0.0703125
-0.0703125
-0.0703125
-0.0703125
0.0703125
0.0703125
1.13671875
1.13671875
1.13671875
1.13671875
1.59765625
1.59765625
1.59765625
1.59765625
1.73828125
1.73828125
1.73828125
1.73828125
1.45703125
1.45703125
0.6015625
0.6015625
0.671875
0.671875
0.63671875
0.63671875
0.63671875
0.63671875
0.24609375
0.24609375
0.42578125
0.42578125
0.42578125
0.42578125
1.421875
1.421875
0.56640625
0.56640625
0.9921875
0.9921875
1.06640625
1.06640625
1.06640625
1.06640625
0.95703125
0.95703125
1.13671875
1.13671875
0.9921875
0.9921875
1.13671875
1.13671875
0.63671875
0.63671875
0.63671875
0.63671875
0.78125
0.78125
0.2109375
0.2109375
0.78125
0.78125
0.78125
0.78125
0.2109375
0.2109375
0
0
-0.03515625
-0.03515625
-0.03515625
-0.03515625
0.17578125
0.17578125
0.0703125
0.0703125
-0.2109375
-0.2109375
0.390625
0.390625
0.390625
0.390625
0.390625
0.390625
0
0
0.31640625
0.31640625
-0.03515625
-0.03515625
0.140625
0.140625
-0.2109375
-0.2109375
-0.140625
-0.140625
0.671875
0.671875
0.671875
0.671875
0.28125
0.28125
0.24609375
0.24609375
0.35546875
-0.0703125
-0.0703125
-0.0703125
0.0703125
0.0703125
0.56640625
0.56640625
0.17578125
0.17578125
0.2109375
0.2109375
0.35546875
0.35546875
0.390625
0.390625
0.17578125
0.17578125
0.24609375
0.24609375
0.35546875
0.35546875
0.31640625
0.31640625
0
0
0.17578125
0.17578125
-0.28125
-0.28125
0
0
0.17578125
0.17578125
0.17578125
0.17578125
0.17578125
0.17578125
0.28125
0.28125
0.35546875
0.35546875
0.390625
0.390625
0.28125
0.28125
0.28125
0.28125
0.35546875
0.35546875
-0.17578125
-0.17578125
-0.53125
-0.53125
-1.06640625
-1.06640625
-4.90234375
-4.90234375
-6.50390625
-6.50390625
-6.00390625
-6.00390625
-6.00390625
-6.00390625
-7.3203125
-7.3203125
-8.13671875
-8.13671875
-8.1015625
-8.1015625
-9.02734375
-9.02734375
-9.27734375
-9.27734375
-10.234375
-10.234375
-11.515625
-11.515625
-11.8359375
-11.8359375
-12.296875
-12.296875
-12.58203125
-12.58203125
-14.0390625
-14.0390625
-14.71484375
-14.71484375
-14.71484375
-14.71484375
-15.24609375
-15.24609375
-15.49609375
-15.49609375
-15.53125
-15.53125
-15.921875
-15.921875
-15.921875
-15.921875
-16.7421875
-16.7421875
-16.84765625
-16.84765625
-16.84765625
-16.84765625
-16.953125
-16.953125
-17.69921875
-17.69921875
-18.41015625
-18.41015625
-19.44140625
-19.44140625
-19.44140625
-19.44140625
-20.33203125
-20.33203125
-21.04296875
-21.04296875
-20.40234375
-20.40234375
-21.71875
-21.71875
-21.82421875
-21.82421875
-22.39453125
-22.39453125
-22.39453125
-22.39453125
-22.9609375
-22.9609375
-22.46484375
-22.46484375
-23.24609375
-23.24609375
-23.49609375
-23.49609375
-22.39453125
-22.39453125
-22.890625
-22.890625
-22.92578125
-22.92578125
-23.70703125
-23.70703125
-23.95703125
-23.95703125
-23.671875
-23.671875
-23.56640625
-23.56640625
-23.56640625
-23.56640625
-24.02734375
-24.02734375
-23.4609375
-23.4609375
-23.4609375
-23.4609375
-23.9921875
-23.9921875
-24.2421875
-24.2421875
-24.2421875
-24.2421875
-24.20703125
-24.20703125
-23.31640625
-23.31640625
-24.1328125
-24.1328125
-25.0234375
-25.0234375
-23.31640625
-23.31640625
-23.88671875
-23.88671875
-21.21875
-21.21875
-23.03125
-23.03125
-23.03125
-23.03125
-23.77734375
-23.77734375
-22.14453125
-22.14453125
-22.14453125
-22.14453125
-23.421875
-23.421875
-25.1640625
-25.1640625
-25.484375
-25.484375
-22.14453125
-22.14453125
-22.7109375
-22.7109375
-19.83203125
-19.83203125
-19.83203125
-19.83203125
-16.59765625
-16.59765625
-16.59765625
-16.59765625
-22.1796875
-22.1796875
-19.8671875
-19.8671875
-21.859375
-21.859375
-20.828125
-20.828125
-19.5859375
-19.5859375
-20.296875
-20.296875
-18.91015625
-18.91015625
-20.47265625
-20.47265625
-17.453125
-17.453125
-17.453125
-17.453125
-15.640625
0
0
0
0
0
0
0
0
0
0
0
0
0
0
0
0
0
0
0
0
0
0
0
0
0
0
0
0
0
0
0
0
0
0
0
