-5.15234375
-5.3671875
-5.3671875
-5.3671875
-5.6875
-5.6875
-5.6875
-5.54296875
-5.54296875
-5.54296875
-5.54296875
-5.4375
-5.4375
0.9921875
0.9921875
-0.88671875
-0.88671875
-0.88671875
-0.88671875
-0.49609375
-0.49609375
-0.49609375
-0.49609375
-1.2421875
-1.2421875
-1.02734375
-1.02734375
-0.6015625
-0.6015625
-0.6015625
-0.6015625
-0.0703125
-0.0703125
0.0703125
0.0703125
0.0703125
0.0703125
0.2109375
0.2109375
0.03515625
0.03515625
0.0703125
0.0703125
0.17578125
0.17578125
0.17578125
0.17578125
0.03515625
0.03515625
-0.0703125
-0.0703125
0
0
-0.35546875
-0.35546875
0.140625
0.140625
0.140625
0.140625
0.2109375
0.2109375
-0.03515625
-0.03515625
0.0703125
0.0703125
0.03515625
0.03515625
-0.03515625
-0.03515625
0.2109375
0.2109375
-0.03515625
-0.03515625
-0.03515625
-0.03515625
-0.2109375
-0.2109375
-0.17578125
-0.17578125
-0.17578125
-0.17578125
-0.17578125
-0.17578125
-0.17578125
-0.17578125
0.0703125
0.0703125
0.0703125
0.0703125
-0.17578125
-0.17578125
-0.2109375
-0.2109375
-0.31640625
-0.31640625
0.2109375
0.2109375
0.2109375
0.2109375
-0.2109375
-0.2109375
-0.10546875
-0.10546875
-0.10546875
-0.10546875
-0.140625
-0.140625
0
0
0.03515625
0.03515625
0.0703125
0.0703125
0.0703125
0.0703125
0.0703125
0.0703125
-0.2109375
-0.2109375
0
0
-0.0703125
-0.0703125
-0.10546875
-0.10546875
-0.10546875
-0.10546875
0.03515625
0.03515625
-0.0703125
-0.0703125
0.24609375
0.24609375
-0.10546875
-0.10546875
-0.17578125
-0.17578125
-0.28125
-0.28125
-0.42578125
-0.42578125
-0.42578125
-0.42578125
-0.10546875
-0.10546875
0.0703125
0.0703125
0.140625
0.140625
-0.2109375
-0.2109375
-0.10546875
-0.10546875
-0.10546875
-0.10546875
0.03515625
0.03515625
-0.0703125
-0.0703125
0.2109375
0.2109375
0.10546875
0.10546875
0.10546875
0.10546875
0.28125
0.28125
0.140625
0.140625
0.140625
0.140625
0.28125
0.28125
0
0
0.0703125
0.28125
0.28125
0.28125
0.03515625
0.03515625
0.17578125
0.17578125
0.28125
0.28125
0.140625
0.140625
0.35546875
0.35546875
0.2109375
0.2109375
0.24609375
0.24609375
0.17578125
0.17578125
0.24609375
0.24609375
0.31640625
0.31640625
0.42578125
0.42578125
0.2109375
0.2109375
0.31640625
0.31640625
0.2109375
0.2109375
0.4609375
0.28125
0.28125
0.28125
0.28125
0.28125
0.10546875
0.10546875
0.390625
0.390625
0.17578125
0.17578125
0.35546875
0.35546875
0.35546875
0.35546875
0.28125
0.28125
0.17578125
0.17578125
0
0
-0.24609375
-0.24609375
-0.9921875
-0.9921875
-2.4140625
-2.4140625
-2.09375
-2.09375
-2.09375
-2.09375
-2.59375
-2.59375
-3.41015625
-3.41015625
-3.375
-3.375
-3.66015625
-3.66015625
-4.05078125
-4.05078125
-4.0859375
-4.0859375
-3.80078125
-3.80078125
-4.0859375
-4.0859375
-3.765625
-3.765625
-3.91015625
-3.91015625
-3.9453125
-3.9453125
-4.0859375
-4.0859375
-4.0859375
-4.0859375
-4.3359375
-4.3359375
-4.015625
-4.015625
-4.19140625
-4.19140625
-4.2265625
-4.2265625
-4.12109375
-4.12109375
-4.19140625
-4.19140625
-4.12109375
-4.12109375
-4.12109375
-4.12109375
-3.9453125
-3.9453125
-3.5546875
-3.5546875
-3.58984375
-3.58984375
-3.33984375
-3.33984375
-3.26953125
-3.26953125
-2.94921875
-2.94921875
-3.16015625
-3.16015625
-2.94921875
-2.94921875
-2.76953125
-2.76953125
-2.34375
-2.34375
-2.44921875
-2.44921875
-2.44921875
-2.44921875
-1.98828125
-1.98828125
-1.8828125
-1.8828125
-1.59765625
-1.59765625
-1.59765625
-1.59765625
-2.0234375
-2.0234375
-1.8828125
-1.8828125
-1.73828125
-1.73828125
-1.77734375
-1.77734375
-1.4921875
-1.4921875
-1.13671875
-1.13671875
-1.703125
-1.703125
-1.703125
-1.703125
-1.2421875
-1.2421875
-1.06640625
-1.06640625
-1.06640625
-1.06640625
-0.88671875
-0.88671875
-0.671875
-0.671875
-0.671875
-0.671875
-0.74609375
-0.74609375
-0.78125
-0.78125
-0.53125
-0.53125
-0.10546875
-0.10546875
-0.03515625
-0.03515625
-0.2109375
-0.2109375
-0.42578125
-0.42578125
-0.24609375
-0.24609375
-0.24609375
-0.24609375
-0.03515625
-0.03515625
0.671875
0.671875
0.671875
0.671875
0.53125
0.53125
1.3125
1.3125
1.52734375
1.52734375
1.5625
1.5625
2.34375
2.34375
2.37890625
2.37890625
2.37890625
2.37890625
3.08984375
3.08984375
3.08984375
3.08984375
2.76953125
2.76953125
2.984375
2.984375
3.6953125
3.6953125
3.515625
3.515625
3.4453125
3.4453125
3.515625
3.515625
3.33984375
3.33984375
3.80078125
3.80078125
3.4453125
3.4453125
3.4453125
3.4453125
3.625
0
0
0
0
0
0
0
0
0
0
0
0
0
0
0
0
0
0
0
0
0
0
0
0
0
0
0
0
0
0
0
0
0
0
0
