3.98046875
4.12109375
4.12109375
4.12109375
3.91015625
3.91015625
3.91015625
4.3359375
4.3359375
4.3359375
4.3359375
3.9453125
3.9453125
4.15625
4.15625
0.53125
0.53125
0.53125
0.53125
3.0546875
3.0546875
3.0546875
3.0546875
2.34375
2.34375
2.87890625
2.87890625
2.30859375
2.30859375
2.30859375
2.30859375
3.125
3.125
3.58984375
3.58984375
3.58984375
3.58984375
3.87109375
3.87109375
4.3359375
4.3359375
5.1171875
5.1171875
5.3671875
5.3671875
5.3671875
5.3671875
6.50390625
6.50390625
6.9296875
6.9296875
7.46484375
7.46484375
8.45703125
8.45703125
8.84765625
8.84765625
9.16796875
9.16796875
9.59765625
9.59765625
9.73828125
9.73828125
10.1640625
10.1640625
10.76953125
10.76953125
11.375
11.375
11.73046875
11.73046875
12.296875
12.296875
12.296875
12.296875
12.8671875
12.8671875
13.04296875
13.04296875
13.04296875
13.04296875
13.22265625
13.22265625
13.22265625
13.22265625
12.7578125
12.7578125
12.7578125
12.7578125
12.6171875
12.6171875
12.8671875
12.8671875
13.0078125
13.0078125
12.6875
12.6875
12.6875
12.6875
12.8671875
12.8671875
12.296875
12.296875
12.296875
12.296875
12.0859375
12.0859375
12.12109375
12.12109375
11.90625
11.90625
11.87109375
11.87109375
11.87109375
11.87109375
11.765625
11.765625
12.12109375
12.12109375
12.01171875
12.01171875
11.94140625
11.94140625
11.62109375
11.62109375
11.62109375
11.62109375
11.90625
11.90625
11.87109375
11.87109375
11.8359375
11.8359375
11.265625
11.265625
11.1953125
11.1953125
11.3359375
11.3359375
10.8046875
10.8046875
10.8046875
10.8046875
10.625
10.625
10.69921875
10.69921875
10.05859375
10.05859375
9.7734375
9.7734375
9.59765625
9.59765625
9.59765625
9.59765625
8.921875
8.921875
8.88671875
8.88671875
8.7421875
8.7421875
8.45703125
8.45703125
8.4921875
8.4921875
8.13671875
8.13671875
7.74609375
7.74609375
7.74609375
7.74609375
7.42578125
7.42578125
7.1796875
7.1796875
6.7890625
6.3984375
6.3984375
6.3984375
6.11328125
6.11328125
5.86328125
5.86328125
5.86328125
5.86328125
5.2578125
5.2578125
5.1171875
5.1171875
4.4765625
4.4765625
4.4765625
4.4765625
4.05078125
4.05078125
3.8359375
3.8359375
3.625
3.625
3.515625
3.515625
3.33984375
3.33984375
3.19921875
3.19921875
2.84375
2.84375
2.734375
2.5234375
2.5234375
2.5234375
2.5234375
2.5234375
2.2734375
2.2734375
2.09375
2.09375
1.91796875
1.91796875
1.91796875
1.91796875
1.91796875
1.91796875
1.953125
1.953125
1.8125
1.8125
1.953125
1.953125
1.73828125
1.73828125
1.52734375
1.52734375
1.73828125
1.73828125
1.45703125
1.45703125
1.45703125
1.45703125
1.5625
1.5625
1.13671875
1.13671875
1.421875
1.421875
1.06640625
1.06640625
1.3125
1.3125
0.81640625
0.81640625
0.9921875
0.9921875
0.74609375
0.74609375
0.9921875
0.9921875
0.81640625
0.81640625
0.6015625
0.6015625
0.74609375
0.74609375
0.74609375
0.74609375
0.140625
0.140625
0.10546875
0.10546875
0.31640625
0.31640625
0.28125
0.28125
0.28125
0.28125
0.28125
0.28125
0.140625
0.140625
0.140625
0.140625
0.03515625
0.03515625
0.0703125
0.0703125
-0.0703125
-0.0703125
0.0703125
0.0703125
0.140625
0.140625
0.03515625
0.03515625
0.53125
0.53125
-0.0703125
-0.0703125
-0.10546875
-0.10546875
0.31640625
0.31640625
0.63671875
0.63671875
0.63671875
0.63671875
0.2109375
0.2109375
0.140625
0.140625
0.17578125
0.17578125
0.42578125
0.42578125
0.56640625
0.56640625
0.03515625
0.03515625
0.88671875
0.88671875
0.95703125
0.95703125
1.2421875
1.2421875
1.02734375
1.02734375
0.53125
0.53125
0.53125
0.53125
0.74609375
0.74609375
1.20703125
1.20703125
1.20703125
1.20703125
1.1015625
1.1015625
0.78125
0.78125
0.78125
0.78125
0.9921875
0.9921875
2.48828125
2.48828125
2.0234375
2.0234375
0.88671875
0.88671875
0.53125
0.53125
2.23828125
2.23828125
1.421875
1.421875
2.48828125
2.48828125
2.48828125
2.48828125
1.98828125
1.98828125
1.6328125
1.6328125
1.6328125
1.6328125
0.88671875
0.88671875
2.76953125
2.76953125
1.59765625
1.59765625
1.171875
1.171875
-0.24609375
-0.24609375
0.49609375
0.49609375
0.49609375
0.49609375
0.63671875
0.63671875
0.63671875
0.63671875
-0.24609375
-0.24609375
0.140625
0.140625
1.953125
1.953125
0.10546875
0.10546875
1.45703125
1.45703125
0.8515625
0.8515625
-0.2109375
-0.2109375
1.02734375
1.02734375
0.53125
0.53125
0.53125
0.53125
-0.88671875
0
0
0
0
0
0
0
0
0
0
0
0
0
0
0
0
0
0
0
0
0
0
0
0
0
0
0
0
0
0
0
0
0
0
0
