2.05859375
2.05859375
2.05859375
2.05859375
1.91796875
1.91796875
1.91796875
1.77734375
1.77734375
1.77734375
1.77734375
1.953125
1.953125
2.09375
2.09375
1.06640625
1.06640625
1.06640625
1.06640625
2.203125
2.203125
2.203125
2.203125
1.45703125
1.45703125
1.84765625
1.84765625
1.59765625
1.59765625
1.59765625
1.59765625
1.66796875
1.66796875
1.4921875
1.4921875
1.4921875
1.4921875
1.73828125
1.73828125
1.953125
1.953125
1.91796875
1.91796875
1.84765625
1.84765625
1.84765625
1.84765625
1.59765625
1.59765625
1.2421875
1.2421875
1.6328125
1.6328125
1.34765625
1.34765625
1.3828125
1.3828125
0.921875
0.921875
0.88671875
0.88671875
0.9921875
0.9921875
0.53125
0.53125
0.390625
0.390625
0.17578125
0.17578125
0.53125
0.53125
0.140625
0.140625
0.140625
0.140625
0.17578125
0.17578125
0.0703125
0.0703125
0.0703125
0.0703125
0.390625
0.390625
0.390625
0.390625
0.31640625
0.31640625
0.31640625
0.31640625
0.31640625
0.31640625
0.42578125
0.42578125
0.24609375
0.24609375
0.49609375
0.49609375
0.49609375
0.49609375
0.24609375
0.24609375
0.24609375
0.24609375
0.24609375
0.24609375
0
0
0.10546875
0.10546875
0.03515625
0.03515625
0.0703125
0.0703125
0.0703125
0.0703125
-0.0703125
-0.0703125
0
0
0
0
-0.140625
-0.140625
-0.17578125
-0.17578125
-0.17578125
-0.17578125
-0.4609375
-0.4609375
-0.17578125
-0.17578125
-0.49609375
-0.49609375
-0.17578125
-0.17578125
-0.35546875
-0.35546875
-0.390625
-0.390625
-0.49609375
-0.49609375
-0.49609375
-0.49609375
-0.78125
-0.78125
-0.74609375
-0.74609375
-0.78125
-0.78125
-0.7109375
-0.7109375
-0.7109375
-0.7109375
-0.7109375
-0.7109375
-1.13671875
-1.13671875
-0.81640625
-0.81640625
-1.20703125
-1.20703125
-0.8515625
-0.8515625
-0.671875
-0.671875
-1.06640625
-1.06640625
-0.78125
-0.78125
-0.78125
-0.78125
-0.8515625
-0.8515625
-0.88671875
-0.88671875
-0.88671875
-0.88671875
-0.88671875
-0.88671875
-1.06640625
-1.06640625
-0.78125
-0.78125
-0.8515625
-0.8515625
-0.7109375
-0.7109375
-0.6015625
-0.6015625
-0.63671875
-0.63671875
-0.42578125
-0.42578125
-0.390625
-0.390625
-0.42578125
-0.42578125
-0.53125
-0.53125
-0.56640625
-0.56640625
-0.6015625
-0.6015625
-0.7109375
-0.7109375
-0.78125
-0.78125
-0.42578125
-0.28125
-0.28125
-0.28125
-0.28125
-0.28125
-0.31640625
-0.31640625
-0.63671875
-0.63671875
-0.56640625
-0.56640625
-0.53125
-0.53125
-0.53125
-0.53125
-0.24609375
-0.24609375
-0.17578125
-0.17578125
0.140625
0.140625
0.49609375
0.49609375
1.6328125
1.6328125
2.44921875
2.44921875
2.05859375
2.05859375
2.05859375
2.05859375
3.5546875
3.5546875
4.44140625
4.44140625
5.3671875
5.3671875
5.61328125
5.61328125
6.5390625
6.5390625
6.6796875
6.6796875
7.21484375
7.21484375
8.28125
8.28125
8.63671875
8.63671875
8.4921875
8.4921875
8.63671875
8.63671875
9.27734375
9.27734375
9.27734375
9.27734375
9.5234375
9.5234375
10.34375
10.34375
10.76953125
10.76953125
11.265625
11.265625
11.9765625
11.9765625
12.296875
12.296875
13.04296875
13.04296875
13.04296875
13.04296875
13.578125
13.578125
13.93359375
13.93359375
13.61328125
13.61328125
14.00390625
14.00390625
13.86328125
13.86328125
14.109375
14.109375
14.6796875
14.6796875
14.8203125
14.8203125
14.609375
14.609375
16.06640625
16.06640625
15.7109375
15.7109375
15.7109375
15.7109375
16.13671875
16.13671875
16.6328125
16.6328125
16.13671875
16.13671875
16.8828125
16.8828125
17.734375
17.734375
18.41015625
18.41015625
18.5546875
18.5546875
19.4765625
19.4765625
18.80078125
18.80078125
19.796875
19.796875
19.015625
19.015625
19.015625
19.015625
20.578125
20.578125
18.26953125
18.26953125
18.26953125
18.26953125
18.73046875
18.73046875
18.58984375
18.58984375
18.58984375
18.58984375
21.859375
21.859375
20.4375
20.4375
19.76171875
19.76171875
18.4453125
18.4453125
20.22265625
20.22265625
19.9765625
19.9765625
17.2734375
17.2734375
16.20703125
16.20703125
16.20703125
16.20703125
20.40234375
20.40234375
19.05078125
19.05078125
19.05078125
19.05078125
16.5625
16.5625
15.140625
15.140625
14.890625
14.890625
14.109375
14.109375
18.83984375
18.83984375
15.7109375
15.7109375
15.7109375
15.7109375
15
15
15
15
11.23046875
11.23046875
13.36328125
13.36328125
13.2578125
13.2578125
11.08984375
11.08984375
11.62109375
11.62109375
8.77734375
8.77734375
10.44921875
10.44921875
7.85546875
7.85546875
7.60546875
7.60546875
7.60546875
7.60546875
9.6328125
0
0
0
0
0
0
0
0
0
0
0
0
0
0
0
0
0
0
0
0
0
0
0
0
0
0
0
0
0
0
0
0
0
0
0
