0
-0.140625
-0.140625
-0.4609375
-0.4609375
-0.49609375
-0.49609375
-0.0703125
-0.0703125
-0.10546875
-0.10546875
-0.10546875
-0.10546875
-2.09375
-2.09375
-2.09375
-2.09375
-1.5625
-1.5625
0.17578125
0.17578125
0.921875
0.921875
1.52734375
1.52734375
1.52734375
1.52734375
15.99609375
15.99609375
23.03125
23.03125
27.15625
27.15625
27.15625
27.15625
26.08984375
26.08984375
26.08984375
26.08984375
27.76171875
27.76171875
27.76171875
27.76171875
27.2265625
27.2265625
27.2265625
27.2265625
27.37109375
27.37109375
27.40625
27.40625
27.40625
27.40625
24.98828125
24.98828125
25.59375
25.59375
20.8984375
20.8984375
20.828125
20.828125
20.86328125
20.86328125
21.25390625
21.25390625
21.9296875
21.9296875
22.67578125
22.67578125
23.140625
23.140625
23.140625
23.140625
22.21484375
22.21484375
20.3671875
20.3671875
18.33984375
18.33984375
18.33984375
18.33984375
14.6796875
14.6796875
13.75390625
13.75390625
13.1875
13.1875
13.1875
13.1875
11.08984375
11.08984375
11.08984375
11.08984375
10.734375
10.734375
9.3828125
9.3828125
8.88671875
8.88671875
8.70703125
8.70703125
8.70703125
8.70703125
7.46484375
7.46484375
7.46484375
7.46484375
6.71484375
6.71484375
6.32421875
6.32421875
6.04296875
6.04296875
6.25390625
6.25390625
6.18359375
6.18359375
6.18359375
6.18359375
5.7578125
5.7578125
5.93359375
5.93359375
5.4375
5.4375
5.4375
5.4375
5.33203125
5.33203125
5.33203125
5.33203125
5.15234375
5.15234375
5.15234375
5.15234375
5.47265625
5.47265625
5.47265625
5.47265625
5.29296875
5.29296875
5.4375
5.4375
5.72265625
5.72265625
5.96875
5.96875
6.00390625
6.00390625
6.04296875
6.04296875
6.1484375
6.1484375
6.359375
6.359375
6.5390625
6.5390625
6.6796875
6.6796875
6.82421875
6.82421875
6.9296875
6.9296875
7.0703125
7.0703125
7.14453125
7.14453125
7.14453125
7.14453125
7.5703125
7.5703125
7.60546875
7.60546875
7.5
7.5
7.78125
7.78125
7.7109375
7.7109375
7.640625
7.640625
7.92578125
7.92578125
7.78125
7.78125
7.8203125
7.8203125
7.8203125
7.8203125
7.67578125
7.67578125
7.99609375
7.99609375
7.99609375
7.99609375
8.17578125
8.17578125
7.92578125
7.92578125
8.17578125
8.17578125
8.17578125
8.17578125
8.31640625
8.31640625
8.2109375
8.2109375
8.38671875
8.38671875
8.38671875
8.38671875
8.3515625
8.3515625
8.1015625
8.1015625
8.13671875
8.13671875
8.06640625
8.06640625
8.06640625
8.06640625
7.890625
7.890625
8.28125
8.28125
8.28125
8.28125
8.06640625
8.06640625
7.99609375
7.99609375
7.92578125
8.13671875
8.13671875
8.13671875
7.890625
7.890625
7.9609375
7.9609375
7.74609375
7.74609375
7.99609375
7.99609375
7.78125
7.78125
7.78125
7.78125
7.74609375
7.74609375
7.53515625
7.53515625
7.53515625
7.53515625
7.60546875
7.60546875
7.60546875
7.60546875
7.25
7.25
7.28515625
7.28515625
7.109375
7.109375
7.42578125
7.42578125
7.1796875
7.1796875
7.60546875
7.60546875
7
7
7.5703125
7.5703125
7.3203125
7.3203125
7.21484375
7.21484375
7.21484375
7.21484375
7.390625
7.390625
7.390625
7.390625
7.0703125
7.0703125
7.0703125
7.0703125
6.82421875
6.82421875
6.82421875
6.82421875
6.96484375
6.96484375
7.3203125
7.3203125
7.3203125
7.1796875
7.1796875
7.1796875
7.0703125
7.0703125
6.9296875
6.9296875
6.9296875
6.9296875
6.9296875
6.9296875
6.75390625
6.75390625
6.75390625
6.75390625
6.71484375
6.71484375
6.18359375
6.18359375
6.57421875
6.57421875
6.609375
6.609375
6.609375
6.609375
6.46875
6.46875
6.46875
6.46875
6.64453125
6.64453125
6.5390625
6.5390625
6.43359375
6.43359375
6.078125
6.078125
6.078125
6.078125
6.46875
6.46875
6.1484375
6.1484375
6.11328125
6.11328125
5.96875
5.96875
6.11328125
6.11328125
6.18359375
6.18359375
6.32421875
6.32421875
6.32421875
6.32421875
6.1484375
6.1484375
6.1484375
6.1484375
6.00390625
6.00390625
6.078125
6.078125
5.828125
5.93359375
5.93359375
5.93359375
5.79296875
5.79296875
6.11328125
6.11328125
6.11328125
6.11328125
6.3984375
6.3984375
6.21875
6.21875
6.359375
6.359375
6.32421875
6.32421875
6.1484375
6.1484375
6.18359375
6.18359375
6.18359375
6.18359375
6.32421875
6.32421875
6.2890625
6.2890625
6.00390625
6.00390625
6.00390625
6.00390625
6.25390625
6.04296875
6.04296875
6.04296875
5.54296875
5.54296875
5.8984375
5.8984375
5.79296875
5.79296875
5.8984375
5.8984375
6.1484375
6.1484375
6.1484375
6.1484375
6.25390625
6.25390625
6.18359375
6.18359375
5.5078125
5.5078125
5.93359375
5.93359375
5.828125
5.828125
5.93359375
5.93359375
5.93359375
5.93359375
-12.51171875
-12.51171875
12.51171875
12.51171875
8.38671875
8.38671875
8.38671875
8.38671875
2.84375
2.84375
3.87109375
3.87109375
3.8359375
3.8359375
3.98046875
3.98046875
4.76171875
4.76171875
4.37109375
4.37109375
0
0
0
0
0
0
0
0
0
0
0
0
0
0
0
0
0
0
0
0
0
0
0
0
0
0
0
0
0
0
0
0
0
0
0
0
0
0
0
0
0
0
0
0
0
0
0
0
0
0
0
0
0
0
0
0
0
0
0
0
0
0
0
0
0
0
0
0
0
0
0
0
0
0
0
0
0
0
