-4.05078125
-0.81640625
-0.81640625
2.6640625
2.6640625
4.15625
4.15625
7.390625
7.390625
8.421875
8.421875
8.421875
8.421875
1.6328125
1.6328125
1.6328125
1.6328125
0.31640625
0.31640625
-0.2109375
-0.2109375
0
0
1.2421875
1.2421875
1.2421875
1.2421875
-0.140625
-0.140625
-7.8203125
-7.8203125
-9.1328125
-9.1328125
-9.1328125
-9.1328125
-5.7578125
-5.7578125
-5.7578125
-5.7578125
-2.9140625
-2.9140625
-2.9140625
-2.9140625
-1.84765625
-1.84765625
-1.84765625
-1.84765625
-2.2734375
-2.2734375
-2.0234375
-2.0234375
-2.0234375
-2.0234375
-3.66015625
-3.66015625
-2.8046875
-2.8046875
-2.09375
-2.09375
-2.4140625
-2.4140625
-2.76953125
-2.76953125
-2.37890625
-2.37890625
-1.703125
-1.703125
-0.9921875
-0.9921875
-0.35546875
-0.35546875
-0.35546875
-0.35546875
-0.24609375
-0.24609375
-0.42578125
-0.42578125
-0.671875
-0.671875
-0.671875
-0.671875
-0.140625
-0.140625
-0.140625
-0.140625
0.140625
0.140625
0.140625
0.140625
0.95703125
0.95703125
0.95703125
0.95703125
0.49609375
0.49609375
0.03515625
0.03515625
0.03515625
0.03515625
0.74609375
0.74609375
0.74609375
0.74609375
0.42578125
0.42578125
0.42578125
0.42578125
0.24609375
0.24609375
0.6015625
0.6015625
0.140625
0.140625
0.0703125
0.0703125
-0.2109375
-0.2109375
-0.2109375
-0.2109375
-0.28125
-0.28125
-0.0703125
-0.0703125
-0.35546875
-0.35546875
-0.35546875
-0.35546875
-0.10546875
-0.10546875
-0.10546875
-0.10546875
-0.140625
-0.140625
-0.140625
-0.140625
-0.17578125
-0.17578125
-0.17578125
-0.17578125
-0.35546875
-0.35546875
-0.17578125
-0.17578125
-0.17578125
-0.17578125
-0.10546875
-0.10546875
-0.140625
-0.140625
0
0
-0.03515625
-0.03515625
-0.10546875
-0.10546875
0
0
-0.10546875
-0.10546875
-0.17578125
-0.17578125
0
0
-0.390625
-0.390625
-0.28125
-0.28125
-0.28125
-0.28125
-0.24609375
-0.24609375
-0.31640625
-0.31640625
-0.10546875
-0.10546875
-0.28125
-0.28125
-0.31640625
-0.31640625
-0.2109375
-0.2109375
0
0
-0.28125
-0.28125
-0.390625
-0.390625
-0.2109375
-0.2109375
-0.31640625
-0.31640625
-0.03515625
-0.03515625
-0.03515625
-0.03515625
-0.2109375
-0.2109375
-0.140625
-0.140625
-0.2109375
-0.2109375
-0.2109375
-0.2109375
-0.2109375
-0.2109375
-0.03515625
-0.03515625
-0.0703125
-0.0703125
-0.0703125
-0.0703125
0
0
-0.2109375
-0.2109375
0.0703125
0.0703125
-0.03515625
-0.03515625
-0.03515625
-0.03515625
0
0
0
0
0
0
0.03515625
0.03515625
0.03515625
0.03515625
0.140625
0.2109375
0.2109375
0.2109375
0.0703125
0.0703125
0
0
0
0
0.17578125
0.17578125
0.140625
0.140625
0.140625
0.140625
0.28125
0.28125
0.140625
0.140625
0.140625
0.140625
0.03515625
0.03515625
0.03515625
0.03515625
0.140625
0.140625
0.03515625
0.03515625
0.10546875
0.10546875
0.140625
0.140625
-0.0703125
-0.0703125
-0.0703125
-0.0703125
0.10546875
0.10546875
0.17578125
0.17578125
-0.35546875
-0.35546875
0.0703125
0.0703125
0.0703125
0.0703125
0.140625
0.140625
0.140625
0.140625
0.0703125
0.0703125
0.0703125
0.0703125
-0.2109375
-0.2109375
-0.2109375
-0.2109375
-0.24609375
-0.24609375
-0.35546875
-0.35546875
-0.2109375
-0.2109375
-0.2109375
-0.2109375
-0.140625
-0.140625
-0.10546875
-0.10546875
-0.140625
-0.140625
-0.140625
-0.140625
-0.28125
-0.28125
-0.28125
-0.28125
-0.140625
-0.140625
-0.10546875
-0.10546875
-0.03515625
-0.03515625
-0.31640625
-0.31640625
-0.31640625
-0.31640625
-0.2109375
-0.2109375
-0.2109375
-0.2109375
-0.140625
-0.140625
-0.03515625
-0.03515625
-0.31640625
-0.31640625
-0.24609375
-0.24609375
-0.24609375
-0.24609375
-0.03515625
-0.03515625
-0.390625
-0.390625
-0.24609375
-0.24609375
0.0703125
0.0703125
-0.03515625
-0.03515625
-0.0703125
-0.0703125
-0.140625
-0.140625
-0.140625
-0.140625
-0.2109375
-0.2109375
-0.2109375
-0.2109375
-0.0703125
-0.0703125
-0.03515625
-0.03515625
-0.17578125
0
0
0
0
0
-0.03515625
-0.03515625
-0.03515625
-0.03515625
-0.17578125
-0.17578125
-0.140625
-0.140625
-0.24609375
-0.24609375
-0.140625
-0.140625
-0.2109375
-0.2109375
-0.17578125
-0.17578125
-0.24609375
-0.24609375
-0.0703125
-0.0703125
-0.10546875
-0.10546875
-0.2109375
-0.2109375
-0.2109375
-0.2109375
-0.10546875
-0.0703125
-0.0703125
-0.0703125
-0.28125
-0.28125
-0.28125
-0.28125
-0.03515625
-0.03515625
-0.31640625
-0.31640625
-0.17578125
-0.17578125
-0.17578125
-0.17578125
-0.31640625
-0.31640625
-0.2109375
-0.2109375
-0.17578125
-0.17578125
-0.17578125
-0.17578125
0.03515625
0.03515625
-0.0703125
-0.0703125
0.03515625
0.03515625
-0.0703125
-0.0703125
-0.10546875
-0.10546875
0.24609375
0.24609375
0.24609375
0.24609375
-0.0703125
-0.0703125
-0.56640625
-0.56640625
-0.78125
-0.78125
-0.28125
-0.28125
-0.0703125
-0.0703125
-0.03515625
-0.03515625
0
0
0
0
0
0
0
0
0
0
0
0
0
0
0
0
0
0
0
0
0
0
0
0
0
0
0
0
0
0
0
0
0
0
0
0
0
0
0
0
0
0
0
0
0
0
0
0
0
0
0
0
0
0
0
0
0
0
0
0
0
0
0
0
0
0
0
0
0
0
0
0
0
0
0
0
0
0
