1.8125
6.04296875
6.04296875
7.21484375
7.21484375
3.66015625
3.66015625
1.45703125
1.45703125
0.42578125
0.42578125
0.42578125
0.42578125
4.05078125
4.05078125
4.05078125
4.05078125
6.89453125
6.89453125
5.1171875
5.1171875
3.66015625
3.66015625
4.4765625
4.4765625
4.4765625
4.4765625
9.5234375
9.5234375
8.06640625
8.06640625
11.01953125
11.01953125
11.01953125
11.01953125
13.29296875
13.29296875
13.29296875
13.29296875
11.80078125
11.80078125
11.80078125
11.80078125
10.8046875
10.8046875
10.8046875
10.8046875
11.265625
11.265625
13.43359375
13.43359375
13.43359375
13.43359375
12.58203125
12.58203125
13.68359375
13.68359375
10.234375
10.234375
8.421875
8.421875
6.96484375
6.96484375
6.96484375
6.96484375
5.046875
5.046875
4.58203125
4.58203125
3.41015625
3.41015625
3.41015625
3.41015625
4.265625
4.265625
4.265625
4.265625
4.7265625
4.7265625
4.7265625
4.7265625
5.3671875
5.3671875
5.6875
5.6875
6.00390625
6.00390625
6.00390625
6.00390625
6.75390625
6.75390625
6.75390625
6.75390625
7.42578125
7.42578125
8.38671875
8.38671875
8.38671875
8.38671875
9.16796875
9.16796875
9.16796875
9.16796875
8.6015625
8.6015625
8.6015625
8.6015625
8.1015625
8.1015625
7.25
7.25
6.32421875
6.32421875
6.21875
6.21875
6.04296875
6.04296875
6.04296875
6.04296875
4.8671875
4.8671875
4.9765625
4.9765625
4.62109375
4.62109375
4.62109375
4.62109375
5.01171875
5.01171875
5.01171875
5.01171875
5.33203125
5.33203125
5.33203125
5.33203125
5.046875
5.046875
5.046875
5.046875
5.08203125
5.08203125
4.9375
4.9375
4.69140625
4.69140625
4.76171875
4.76171875
4.3359375
4.3359375
4.40625
4.40625
4.0859375
4.0859375
3.73046875
3.73046875
3.6953125
3.6953125
3.26953125
3.26953125
3.125
3.125
3.0546875
3.0546875
3.01953125
3.01953125
2.9140625
2.9140625
2.9140625
2.9140625
2.5234375
2.5234375
1.77734375
1.77734375
2.30859375
2.30859375
2.1328125
2.1328125
2.2734375
2.2734375
1.5625
1.5625
1.73828125
1.73828125
1.84765625
1.84765625
1.6328125
1.6328125
1.8828125
1.8828125
1.45703125
1.45703125
1.91796875
1.91796875
1.91796875
1.91796875
1.98828125
1.98828125
2.30859375
2.30859375
2.30859375
2.30859375
2.30859375
2.30859375
2.8046875
2.8046875
2.5234375
2.5234375
3.01953125
3.01953125
3.01953125
3.01953125
2.734375
2.734375
2.76953125
2.76953125
2.8046875
2.8046875
2.984375
2.984375
2.984375
2.984375
2.84375
2.84375
3.19921875
3.19921875
3.19921875
3.19921875
3.33984375
3.33984375
2.8046875
2.8046875
3.26953125
3.125
3.125
3.125
3.3046875
3.3046875
3.08984375
3.08984375
2.984375
2.984375
3.08984375
3.08984375
3.0546875
3.0546875
3.0546875
3.0546875
3.125
3.125
3.16015625
3.16015625
3.16015625
3.16015625
3.33984375
3.33984375
3.33984375
3.33984375
3.26953125
3.26953125
3.3046875
3.3046875
3.33984375
3.33984375
2.87890625
2.87890625
2.87890625
2.87890625
3.0546875
3.0546875
2.984375
2.984375
2.94921875
2.94921875
3.3046875
3.3046875
3.08984375
3.08984375
3.08984375
3.08984375
2.9140625
2.9140625
2.9140625
2.9140625
2.76953125
2.76953125
2.76953125
2.76953125
2.55859375
2.55859375
2.55859375
2.55859375
2.62890625
2.62890625
2.76953125
2.76953125
2.6640625
2.734375
2.734375
2.734375
2.55859375
2.55859375
2.37890625
2.37890625
2.76953125
2.76953125
2.76953125
2.76953125
2.44921875
2.44921875
2.44921875
2.44921875
2.37890625
2.37890625
2.48828125
2.48828125
2.76953125
2.76953125
2.48828125
2.48828125
2.48828125
2.48828125
2.2734375
2.2734375
2.2734375
2.2734375
2.48828125
2.48828125
2.37890625
2.37890625
2.55859375
2.55859375
2.55859375
2.55859375
2.55859375
2.55859375
2.6640625
2.6640625
2.84375
2.84375
2.76953125
2.76953125
2.55859375
2.55859375
2.4140625
2.4140625
2.62890625
2.62890625
2.6640625
2.6640625
2.6640625
2.6640625
2.87890625
2.87890625
2.87890625
2.87890625
2.69921875
2.69921875
2.30859375
2.30859375
2.76953125
2.62890625
2.62890625
2.62890625
2.734375
2.734375
2.62890625
2.62890625
2.62890625
2.62890625
2.734375
2.734375
2.59375
2.59375
2.55859375
2.55859375
2.6640625
2.6640625
2.55859375
2.55859375
2.62890625
2.62890625
2.5234375
2.5234375
2.6640625
2.6640625
2.34375
2.34375
2.55859375
2.55859375
2.55859375
2.55859375
2.48828125
2.44921875
2.44921875
2.44921875
2.2734375
2.2734375
2.48828125
2.48828125
2.4140625
2.4140625
2.37890625
2.37890625
2.5234375
2.5234375
2.5234375
2.5234375
2.62890625
2.62890625
2.44921875
2.44921875
2.5234375
2.5234375
2.59375
2.59375
2.2734375
2.2734375
2.2734375
2.2734375
36.50390625
36.50390625
-6.75390625
-6.75390625
1.02734375
1.02734375
0.53125
0.53125
0.53125
0.53125
1.8125
1.8125
0.81640625
0.81640625
0.4609375
0.4609375
3.80078125
3.80078125
3.33984375
3.33984375
2.05859375
2.05859375
0
0
0
0
0
0
0
0
0
0
0
0
0
0
0
0
0
0
0
0
0
0
0
0
0
0
0
0
0
0
0
0
0
0
0
0
0
0
0
0
0
0
0
0
0
0
0
0
0
0
0
0
0
0
0
0
0
0
0
0
0
0
0
0
0
0
0
0
0
0
0
0
0
0
0
0
0
0
