16.77734375
13.578125
13.578125
3.73046875
3.73046875
-7.109375
-7.109375
-6.04296875
-6.04296875
-5.7578125
-5.7578125
-5.7578125
-5.7578125
-3.625
-3.625
-3.625
-3.625
-2.37890625
-2.37890625
-3.375
-3.375
-6.18359375
-6.18359375
-6.75390625
-6.75390625
-6.75390625
-6.75390625
-2.94921875
-2.94921875
-1.45703125
-1.45703125
-0.42578125
-0.42578125
-0.42578125
-0.42578125
-1.3125
-1.3125
-1.3125
-1.3125
0.140625
0.140625
0.140625
0.140625
0.42578125
0.42578125
0.42578125
0.42578125
3.16015625
3.16015625
1.59765625
1.59765625
1.59765625
1.59765625
0.53125
0.53125
0.140625
0.140625
3.234375
3.234375
2.9140625
2.9140625
2.203125
2.203125
2.05859375
2.05859375
1.4921875
1.4921875
0.81640625
0.81640625
0.671875
0.671875
0.671875
0.671875
0.140625
0.140625
0.10546875
0.10546875
0.03515625
0.03515625
0.03515625
0.03515625
-2.0234375
-2.0234375
-1.953125
-1.953125
-1.77734375
-1.77734375
-1.77734375
-1.77734375
-1.8828125
-1.8828125
-1.8828125
-1.8828125
-1.59765625
-1.59765625
-1.45703125
-1.45703125
-1.45703125
-1.45703125
-1.3125
-1.3125
-1.3125
-1.3125
-1.59765625
-1.59765625
-1.59765625
-1.59765625
-1.45703125
-1.45703125
-1.27734375
-1.27734375
-1.3828125
-1.3828125
-1.4921875
-1.4921875
-1.45703125
-1.45703125
-1.45703125
-1.45703125
-1.27734375
-1.27734375
-1.4921875
-1.4921875
-0.671875
-0.671875
-0.671875
-0.671875
-1.02734375
-1.02734375
-1.02734375
-1.02734375
-0.56640625
-0.56640625
-0.56640625
-0.56640625
-0.35546875
-0.35546875
-0.35546875
-0.35546875
-0.0703125
-0.0703125
-0.0703125
-0.0703125
-0.03515625
-0.03515625
-0.2109375
-0.2109375
-0.03515625
-0.03515625
-0.17578125
-0.17578125
0.0703125
0.0703125
0
0
0
0
-0.0703125
-0.0703125
0.140625
0.140625
-0.03515625
-0.03515625
-0.42578125
-0.42578125
0
0
0
0
0
0
0
0
-0.35546875
-0.35546875
-0.03515625
-0.03515625
-0.10546875
-0.10546875
-0.2109375
-0.2109375
-0.0703125
-0.0703125
-0.24609375
-0.24609375
0.03515625
0.03515625
0
0
0.17578125
0.17578125
-0.31640625
-0.31640625
-0.31640625
-0.31640625
-0.10546875
-0.10546875
0.10546875
0.10546875
-0.03515625
-0.03515625
-0.03515625
-0.03515625
0.0703125
0.0703125
0.03515625
0.03515625
-0.10546875
-0.10546875
-0.10546875
-0.10546875
-0.17578125
-0.17578125
0.03515625
0.03515625
-0.4609375
-0.4609375
-0.03515625
-0.03515625
-0.03515625
-0.03515625
0
0
-0.03515625
-0.03515625
-0.03515625
-0.03515625
0.10546875
0.10546875
-0.0703125
-0.0703125
0.0703125
0
0
0
-0.03515625
-0.03515625
0.28125
0.28125
0.0703125
0.0703125
0.140625
0.140625
0.63671875
0.63671875
0.63671875
0.63671875
0.49609375
0.49609375
0.31640625
0.31640625
0.31640625
0.31640625
0.4609375
0.4609375
0.4609375
0.4609375
0.42578125
0.42578125
0.6015625
0.6015625
0.74609375
0.74609375
0.4609375
0.4609375
0.35546875
0.35546875
0.140625
0.140625
0.17578125
0.17578125
0.28125
0.28125
0.03515625
0.03515625
0.10546875
0.10546875
0.10546875
0.10546875
0.10546875
0.10546875
0.10546875
0.10546875
0.03515625
0.03515625
0.03515625
0.03515625
0.0703125
0.0703125
0.0703125
0.0703125
0.0703125
0.0703125
0.10546875
0.10546875
-0.24609375
-0.03515625
-0.03515625
-0.03515625
0
0
-0.03515625
-0.03515625
0.03515625
0.03515625
0.03515625
0.03515625
-0.0703125
-0.0703125
-0.0703125
-0.0703125
0.0703125
0.0703125
0.2109375
0.2109375
0.03515625
0.03515625
-0.17578125
-0.17578125
-0.17578125
-0.17578125
-0.140625
-0.140625
-0.140625
-0.140625
0.24609375
0.24609375
0.10546875
0.10546875
0.17578125
0.17578125
0
0
0
0
0.28125
0.28125
-0.10546875
-0.10546875
-0.10546875
-0.10546875
0
0
-0.10546875
-0.10546875
-0.140625
-0.140625
-0.0703125
-0.0703125
-0.0703125
-0.0703125
-0.03515625
-0.03515625
-0.03515625
-0.03515625
0.03515625
0.03515625
-0.24609375
-0.24609375
-0.10546875
-0.28125
-0.28125
-0.28125
-0.10546875
-0.10546875
0
0
0
0
-0.17578125
-0.17578125
0
0
-0.10546875
-0.10546875
0
0
0.17578125
0.17578125
-0.0703125
-0.0703125
-0.03515625
-0.03515625
0
0
0.2109375
0.2109375
0.10546875
0.10546875
0.10546875
0.10546875
-0.10546875
-0.03515625
-0.03515625
-0.03515625
0
0
0.0703125
0.0703125
-0.2109375
-0.2109375
-0.10546875
-0.10546875
0.28125
0.28125
0.28125
0.28125
0
0
-0.17578125
-0.17578125
-0.17578125
-0.17578125
-0.24609375
-0.24609375
0.0703125
0.0703125
-0.140625
-0.140625
-0.24609375
-0.24609375
-0.2109375
-0.2109375
-1.953125
-1.953125
-1.27734375
-1.27734375
-1.27734375
-1.27734375
0
0
0.9921875
0.9921875
0.7109375
0.7109375
0.17578125
0.17578125
0.24609375
0.24609375
0.0703125
0.0703125
0
0
0
0
0
0
0
0
0
0
0
0
0
0
0
0
0
0
0
0
0
0
0
0
0
0
0
0
0
0
0
0
0
0
0
0
0
0
0
0
0
0
0
0
0
0
0
0
0
0
0
0
0
0
0
0
0
0
0
0
0
0
0
0
0
0
0
0
0
0
0
0
0
0
0
0
0
0
