-10.51953125
-13.8984375
-13.8984375
-13.43359375
-13.43359375
-7.53515625
-7.53515625
-3.0546875
-3.0546875
-0.921875
-0.921875
-0.921875
-0.921875
-1.171875
-1.171875
-1.171875
-1.171875
-1.73828125
-1.73828125
0.53125
0.53125
2.0234375
2.0234375
2.9140625
2.9140625
2.9140625
2.9140625
0.0703125
0.0703125
0.140625
0.140625
0.17578125
0.17578125
0.17578125
0.17578125
-11.125
-11.125
-11.125
-11.125
-11.375
-11.375
-11.375
-11.375
-9.48828125
-9.48828125
-9.48828125
-9.48828125
-4.90234375
-4.90234375
-4.05078125
-4.05078125
-4.05078125
-4.05078125
-4.3359375
-4.3359375
-6.609375
-6.609375
-9.09765625
-9.09765625
-6.04296875
-6.04296875
-5.6875
-5.6875
-6.50390625
-6.50390625
-6.43359375
-6.43359375
-5.1171875
-5.1171875
-5.15234375
-5.15234375
-5.15234375
-5.15234375
-6.43359375
-6.43359375
-6.75390625
-6.75390625
-6.5390625
-6.5390625
-6.5390625
-6.5390625
-4.546875
-4.546875
-3.87109375
-3.87109375
-3.765625
-3.765625
-3.765625
-3.765625
-2.84375
-2.84375
-2.84375
-2.84375
-2.203125
-2.203125
-1.27734375
-1.27734375
-0.53125
-0.53125
-0.56640625
-0.56640625
-0.56640625
-0.56640625
-0.2109375
-0.2109375
-0.2109375
-0.2109375
0.140625
0.140625
0.8515625
0.8515625
1.421875
1.421875
1.45703125
1.45703125
1.2421875
1.2421875
1.2421875
1.2421875
1.45703125
1.45703125
1.3125
1.3125
1.3828125
1.3828125
1.3828125
1.3828125
1.34765625
1.34765625
1.34765625
1.34765625
1.52734375
1.52734375
1.52734375
1.52734375
1.5625
1.5625
1.5625
1.5625
1.20703125
1.20703125
1.13671875
1.13671875
1.1015625
1.1015625
0.95703125
0.95703125
1.1015625
1.1015625
1.1015625
1.1015625
0.671875
0.671875
0.88671875
0.88671875
0.921875
0.921875
0.63671875
0.63671875
0.78125
0.78125
0.81640625
0.81640625
0.74609375
0.74609375
0.74609375
0.74609375
0.74609375
0.74609375
0.74609375
0.74609375
0.24609375
0.24609375
0.28125
0.28125
0.390625
0.390625
0.35546875
0.35546875
0.28125
0.28125
0.10546875
0.10546875
0.24609375
0.24609375
0.390625
0.390625
0.24609375
0.24609375
0.74609375
0.74609375
0.0703125
0.0703125
0.0703125
0.0703125
0.42578125
0.42578125
0.63671875
0.63671875
0.2109375
0.2109375
0.2109375
0.2109375
0.53125
0.53125
0.24609375
0.24609375
0.31640625
0.31640625
0.31640625
0.31640625
0.6015625
0.6015625
0.4609375
0.4609375
0.56640625
0.56640625
0.390625
0.390625
0.390625
0.390625
0.31640625
0.31640625
0.42578125
0.42578125
0.42578125
0.42578125
0.28125
0.28125
0.17578125
0.17578125
0.140625
0.28125
0.28125
0.28125
0.0703125
0.0703125
0.24609375
0.24609375
0.0703125
0.0703125
0.0703125
0.0703125
0.10546875
0.10546875
0.10546875
0.10546875
-0.17578125
-0.17578125
-0.0703125
-0.0703125
-0.0703125
-0.0703125
0.0703125
0.0703125
0.0703125
0.0703125
-0.140625
-0.140625
-0.2109375
-0.2109375
-0.42578125
-0.42578125
-0.17578125
-0.17578125
-0.35546875
-0.35546875
-0.35546875
-0.35546875
-0.28125
-0.28125
-0.2109375
-0.2109375
-0.35546875
-0.35546875
-0.4609375
-0.4609375
-0.4609375
-0.4609375
-0.7109375
-0.7109375
-0.7109375
-0.7109375
-0.88671875
-0.88671875
-0.88671875
-0.88671875
-0.88671875
-0.88671875
-0.88671875
-0.88671875
-1.27734375
-1.27734375
-1.52734375
-1.52734375
-1.2421875
-1.02734375
-1.02734375
-1.02734375
-1.1015625
-1.1015625
-1.13671875
-1.13671875
-1.171875
-1.171875
-1.171875
-1.171875
-1.171875
-1.171875
-1.171875
-1.171875
-0.9921875
-0.9921875
-1.3125
-1.3125
-1.02734375
-1.02734375
-1.27734375
-1.27734375
-1.27734375
-1.27734375
-1.27734375
-1.27734375
-1.27734375
-1.27734375
-1.02734375
-1.02734375
-1.02734375
-1.02734375
-0.95703125
-0.95703125
-1.171875
-1.171875
-1.171875
-1.171875
-1.2421875
-1.2421875
-1.34765625
-1.34765625
-1.4921875
-1.4921875
-1.02734375
-1.02734375
-1.13671875
-1.13671875
-1.02734375
-1.02734375
-1.3125
-1.3125
-1.3125
-1.3125
-0.9921875
-0.9921875
-0.9921875
-0.9921875
-0.95703125
-0.95703125
-1.20703125
-1.20703125
-1.20703125
-1.1015625
-1.1015625
-1.1015625
-1.171875
-1.171875
-1.1015625
-1.1015625
-1.1015625
-1.1015625
-1.2421875
-1.2421875
-1.20703125
-1.20703125
-1.34765625
-1.34765625
-1.171875
-1.171875
-1.3125
-1.3125
-1.171875
-1.171875
-1.171875
-1.171875
-1.5625
-1.5625
-1.171875
-1.171875
-1.3125
-1.3125
-1.3125
-1.3125
-1.02734375
-1.3828125
-1.3828125
-1.3828125
-1.52734375
-1.52734375
-1.27734375
-1.27734375
-1.1015625
-1.1015625
-1.3125
-1.3125
-1.171875
-1.171875
-1.171875
-1.171875
-1.13671875
-1.13671875
-1.171875
-1.171875
-0.9921875
-0.9921875
-1.171875
-1.171875
-1.171875
-1.171875
-1.34765625
-1.34765625
-1.1015625
-1.1015625
-1.3125
-1.3125
-0.6015625
-0.6015625
-0.63671875
-0.63671875
-0.63671875
-0.63671875
-1.13671875
-1.13671875
-1.59765625
-1.59765625
-1.52734375
-1.52734375
-1.4921875
-1.4921875
-1.59765625
-1.59765625
-1.59765625
-1.59765625
0
0
0
0
0
0
0
0
0
0
0
0
0
0
0
0
0
0
0
0
0
0
0
0
0
0
0
0
0
0
0
0
0
0
0
0
0
0
0
0
0
0
0
0
0
0
0
0
0
0
0
0
0
0
0
0
0
0
0
0
0
0
0
0
0
0
0
0
0
0
0
0
0
0
0
0
0
0
