-4.05078125
-4.30078125
-4.30078125
-4.30078125
-4.3359375
-4.3359375
-4.3359375
-3.8359375
-3.8359375
-3.8359375
-3.8359375
-4.05078125
-4.05078125
1.1015625
1.1015625
-0.35546875
-0.35546875
-0.35546875
-0.35546875
-1.91796875
-1.91796875
-1.91796875
-1.91796875
-2.23828125
-2.23828125
-1.953125
-1.953125
-2.0234375
-2.0234375
-2.0234375
-2.0234375
-2.30859375
-2.30859375
-2.23828125
-2.23828125
-2.23828125
-2.23828125
-2.4140625
-2.4140625
-2.44921875
-2.44921875
-2.05859375
-2.05859375
-2.44921875
-2.44921875
-2.44921875
-2.44921875
-2.37890625
-2.37890625
-2.59375
-2.59375
-2.4140625
-2.4140625
-2.62890625
-2.62890625
-2.69921875
-2.69921875
-2.9140625
-2.9140625
-2.87890625
-2.87890625
-3.3046875
-3.3046875
-3.3046875
-3.3046875
-3.16015625
-3.16015625
-3.19921875
-3.19921875
-3.33984375
-3.33984375
-3.19921875
-3.19921875
-3.19921875
-3.19921875
-2.984375
-2.984375
-2.984375
-2.984375
-2.984375
-2.984375
-2.55859375
-2.55859375
-2.55859375
-2.55859375
-2.34375
-2.34375
-2.34375
-2.34375
-2.23828125
-2.23828125
-2.16796875
-2.16796875
-2.37890625
-2.37890625
-1.8125
-1.8125
-1.8125
-1.8125
-1.8125
-1.8125
-1.73828125
-1.73828125
-1.73828125
-1.73828125
-1.52734375
-1.52734375
-1.66796875
-1.66796875
-1.5625
-1.5625
-1.52734375
-1.52734375
-1.52734375
-1.52734375
-1.66796875
-1.66796875
-1.5625
-1.5625
-1.66796875
-1.66796875
-1.52734375
-1.52734375
-1.8828125
-1.8828125
-1.8828125
-1.8828125
-1.4921875
-1.4921875
-1.3125
-1.3125
-1.34765625
-1.34765625
-1.27734375
-1.27734375
-1.4921875
-1.4921875
-1.3828125
-1.3828125
-1.3828125
-1.3828125
-1.3828125
-1.3828125
-1.20703125
-1.20703125
-1.171875
-1.171875
-0.9921875
-0.9921875
-1.06640625
-1.06640625
-0.8515625
-0.8515625
-0.8515625
-0.8515625
-0.7109375
-0.7109375
-0.671875
-0.671875
-0.671875
-0.671875
-0.49609375
-0.49609375
-0.49609375
-0.49609375
-0.81640625
-0.81640625
-0.4609375
-0.4609375
-0.4609375
-0.4609375
-0.31640625
-0.31640625
-0.42578125
-0.42578125
-0.28125
-0.49609375
-0.49609375
-0.49609375
-0.49609375
-0.49609375
-0.49609375
-0.49609375
-0.2109375
-0.2109375
-0.31640625
-0.31640625
0
0
-0.17578125
-0.17578125
-0.31640625
-0.31640625
0
0
-0.140625
-0.140625
-0.03515625
-0.03515625
-0.0703125
-0.0703125
-0.03515625
-0.03515625
0.10546875
0.10546875
-0.03515625
-0.03515625
-0.2109375
-0.2109375
-0.2109375
-0.2109375
-0.2109375
-0.2109375
-0.24609375
-0.24609375
-0.31640625
-0.31640625
-0.49609375
-0.49609375
-0.42578125
-0.42578125
-0.42578125
-0.42578125
-0.53125
-0.53125
-0.42578125
-0.42578125
-0.74609375
-0.74609375
-0.74609375
-0.74609375
-0.56640625
-0.56640625
-0.35546875
-0.35546875
-0.4609375
-0.4609375
-0.4609375
-0.4609375
-0.42578125
-0.42578125
-0.4609375
-0.4609375
-0.35546875
-0.35546875
-0.35546875
-0.35546875
-0.42578125
-0.42578125
-0.140625
-0.140625
-0.0703125
-0.0703125
-0.17578125
-0.17578125
0.24609375
0.24609375
0.17578125
0.17578125
0
0
-0.03515625
-0.03515625
-0.03515625
-0.03515625
0.17578125
0.17578125
0.0703125
0.0703125
0.0703125
0.0703125
0.35546875
0.35546875
0.390625
0.390625
0.2109375
0.2109375
0.2109375
0.2109375
0.2109375
0.2109375
0.31640625
0.31640625
0
0
0.42578125
0.42578125
0.2109375
0.2109375
0.140625
0.140625
0.0703125
0.0703125
0.10546875
0.10546875
0.2109375
0.2109375
0.03515625
0.03515625
-0.03515625
-0.03515625
-0.140625
-0.140625
-0.140625
-0.140625
-0.390625
-0.390625
-0.31640625
-0.31640625
-0.140625
-0.140625
-0.31640625
-0.31640625
-0.390625
-0.390625
-0.2109375
-0.2109375
-0.24609375
-0.24609375
-0.17578125
-0.17578125
-0.24609375
-0.24609375
-0.42578125
-0.42578125
-0.42578125
-0.42578125
-0.42578125
-0.42578125
-0.53125
-0.53125
-0.35546875
-0.35546875
-0.35546875
-0.35546875
-0.28125
-0.28125
-0.2109375
-0.2109375
-0.2109375
-0.2109375
-0.2109375
-0.2109375
-0.28125
-0.28125
-0.390625
-0.390625
0.0703125
0.0703125
-0.0703125
-0.0703125
0.0703125
0.0703125
0.56640625
0.56640625
0.0703125
0.0703125
0.0703125
0.0703125
0.28125
0.28125
0.6015625
0.6015625
0.6015625
0.6015625
0.49609375
0.49609375
0.24609375
0.24609375
0.28125
0.28125
0.31640625
0.31640625
0.42578125
0.42578125
0.42578125
0.42578125
0.42578125
0.42578125
0.35546875
0.35546875
0.35546875
0.35546875
0.88671875
0.88671875
0.671875
0.671875
0.74609375
0.74609375
0.56640625
0.56640625
0.7109375
0.7109375
0.56640625
0.56640625
0.4609375
0.4609375
0.390625
0.390625
0.6015625
0.6015625
0.6015625
0.6015625
0.49609375
0
0
0
0
0
0
0
0
0
0
0
0
0
0
0
0
0
0
0
0
0
0
0
0
0
0
0
0
0
0
0
0
0
0
0
