-0.0703125
-0.24609375
-0.24609375
-0.24609375
-0.2109375
-0.2109375
-0.2109375
0
0
0
0
0.28125
0.28125
17.203125
17.203125
11.73046875
11.73046875
11.73046875
11.73046875
7.78125
7.78125
7.78125
7.78125
9.9140625
9.9140625
10.625
10.625
11.765625
11.765625
11.765625
11.765625
8.921875
8.921875
8.70703125
8.70703125
8.70703125
8.70703125
5.79296875
5.79296875
5.61328125
5.61328125
6.89453125
6.89453125
5.40234375
5.40234375
5.40234375
5.40234375
4.2265625
4.2265625
4.05078125
4.05078125
3.625
3.625
2.84375
2.84375
3.08984375
3.08984375
3.19921875
3.19921875
2.62890625
2.62890625
3.48046875
3.48046875
1.91796875
1.91796875
2.09375
2.09375
2.2734375
2.2734375
2.76953125
2.76953125
3.33984375
3.33984375
3.33984375
3.33984375
3.33984375
3.33984375
4.69140625
4.69140625
4.69140625
4.69140625
4.9765625
4.9765625
4.9765625
4.9765625
4.37109375
4.37109375
4.37109375
4.37109375
4.76171875
4.76171875
5.01171875
5.01171875
4.546875
4.546875
4.15625
4.15625
4.15625
4.15625
4.3359375
4.3359375
4.51171875
4.51171875
4.51171875
4.51171875
4.37109375
4.37109375
4.51171875
4.51171875
4.265625
4.265625
4.0859375
4.0859375
4.0859375
4.0859375
3.6953125
3.6953125
3.8359375
3.8359375
3.73046875
3.73046875
3.91015625
3.91015625
3.6953125
3.6953125
3.6953125
3.6953125
3.625
3.625
3.19921875
3.19921875
3.16015625
3.16015625
2.84375
2.84375
1.66796875
1.66796875
1.953125
1.953125
1.13671875
1.13671875
1.13671875
1.13671875
1.703125
1.703125
1.3828125
1.3828125
0.35546875
0.35546875
0.49609375
0.49609375
0.56640625
0.56640625
0.56640625
0.56640625
0.88671875
0.88671875
0.81640625
0.81640625
0.49609375
0.49609375
0.49609375
0.49609375
0.49609375
0.49609375
0.31640625
0.31640625
0.390625
0.390625
0.390625
0.390625
0.17578125
0.17578125
0.63671875
0.63671875
0.17578125
0.2109375
0.2109375
0.2109375
-0.140625
-0.140625
0.4609375
0.4609375
0.10546875
0.10546875
0.42578125
0.42578125
0.0703125
0.0703125
0.24609375
0.24609375
0.74609375
0.74609375
0.17578125
0.17578125
0.49609375
0.49609375
0.42578125
0.42578125
0.28125
0.28125
0
0
0.4609375
0.4609375
0.53125
0.53125
-0.10546875
0.10546875
0.10546875
0.10546875
0.10546875
0.10546875
-0.53125
-0.53125
-1.421875
-1.421875
-2.16796875
-2.16796875
-2.23828125
-2.23828125
-2.23828125
-2.23828125
-3.234375
-3.234375
-3.9453125
-3.9453125
-3.91015625
-3.91015625
-4.15625
-4.15625
-4.796875
-4.796875
-5.1875
-5.1875
-6.1484375
-6.1484375
-6.1484375
-6.1484375
-6.32421875
-6.32421875
-7.5703125
-7.5703125
-7.35546875
-7.35546875
-8.7421875
-8.7421875
-9.1328125
-9.1328125
-9.55859375
-9.55859375
-10.6640625
-10.6640625
-11.4453125
-11.4453125
-11.41015625
-11.41015625
-11.1953125
-11.1953125
-12.9375
-12.9375
-13.6484375
-13.6484375
-13.6484375
-13.6484375
-14.00390625
-14.00390625
-14.109375
-14.109375
-14.8203125
-14.8203125
-14.96484375
-14.96484375
-14.8203125
-14.8203125
-15.35546875
-15.35546875
-15.4609375
-15.4609375
-15.4609375
-15.4609375
-15.390625
-15.390625
-16.84765625
-16.84765625
-18.08984375
-18.08984375
-18.26953125
-18.26953125
-18.33984375
-18.33984375
-18.83984375
-18.83984375
-18.4453125
-18.4453125
-18.01953125
-18.01953125
-19.69140625
-19.69140625
-19.51171875
-19.51171875
-20.26171875
-20.26171875
-20.26171875
-20.26171875
-20.578125
-20.578125
-20.65234375
-20.65234375
-20.47265625
-20.47265625
-19.94140625
-19.94140625
-20.33203125
-20.33203125
-20.3671875
-20.3671875
-21.11328125
-21.11328125
-21.2890625
-21.2890625
-20.72265625
-20.72265625
-21.2890625
-21.2890625
-21.75390625
-21.75390625
-21.75390625
-21.75390625
-21.328125
-21.328125
-20.8984375
-20.8984375
-20.8984375
-20.8984375
-21.609375
-21.609375
-20.828125
-20.828125
-20.828125
-20.828125
-21.7890625
-21.7890625
-20.86328125
-20.86328125
-20.578125
-20.578125
-20.93359375
-20.93359375
-20.08203125
-20.08203125
-20.046875
-20.046875
-20.1875
-20.1875
-22.109375
-22.109375
-22.109375
-22.109375
-20.7578125
-20.7578125
-20.1171875
-20.1171875
-20.1171875
-20.1171875
-22.890625
-22.890625
-21.46875
-21.46875
-20.1875
-20.1875
-20.4375
-20.4375
-20.33203125
-20.33203125
-22.14453125
-22.14453125
-22.14453125
-22.14453125
-19.05078125
-19.05078125
-19.05078125
-19.05078125
-19.0859375
-19.0859375
-20.47265625
-20.47265625
-19.15625
-19.15625
-16.91796875
-16.91796875
-19.9765625
-19.9765625
-19.3359375
-19.3359375
-20.33203125
-20.33203125
-21.57421875
-21.57421875
-18.625
-18.625
-18.625
-18.625
-16.45703125
0
0
0
0
0
0
0
0
0
0
0
0
0
0
0
0
0
0
0
0
0
0
0
0
0
0
0
0
0
0
0
0
0
0
0
