-2.30859375
-2.4140625
-2.4140625
-2.30859375
-2.30859375
-2.30859375
-2.30859375
-2.0234375
-2.0234375
-2.16796875
-2.16796875
10.83984375
10.83984375
5.3671875
5.3671875
6.21875
6.21875
5.4375
5.4375
4.265625
4.265625
4.2265625
4.2265625
5.22265625
5.22265625
5.96875
5.96875
7.46484375
7.46484375
6.859375
6.859375
7.25
7.25
5.93359375
5.93359375
5.29296875
5.29296875
4.9375
4.9375
3.33984375
3.33984375
2.84375
2.84375
3.765625
3.765625
4.7265625
4.7265625
5.72265625
5.72265625
5.4375
5.4375
5.72265625
5.72265625
5.96875
5.96875
5.79296875
5.79296875
5.93359375
5.93359375
5.93359375
5.93359375
6.078125
6.078125
5.47265625
5.47265625
5.22265625
5.22265625
5.15234375
5.15234375
5.15234375
5.15234375
5.578125
5.578125
6.00390625
6.00390625
5.33203125
5.33203125
5.8984375
5.8984375
6.32421875
6.32421875
5.6484375
5.6484375
6.1484375
6.1484375
6.359375
6.359375
6.21875
6.21875
5.828125
5.828125
5.96875
5.96875
6.078125
6.078125
5.54296875
5.54296875
5.33203125
5.33203125
5.29296875
5.29296875
5.6875
5.6875
5.33203125
5.33203125
5.29296875
5.29296875
5.8984375
5.8984375
5.6484375
5.6484375
5.72265625
5.72265625
5.5078125
5.5078125
5.72265625
5.72265625
5.1875
5.1875
4.8671875
4.8671875
5.47265625
5.47265625
5.29296875
5.29296875
4.62109375
4.62109375
4.796875
4.796875
4.40625
4.40625
4.15625
4.15625
4.30078125
4.30078125
3.98046875
3.98046875
3.6953125
3.6953125
3.33984375
3.33984375
3.91015625
3.91015625
3.98046875
3.98046875
4.265625
4.265625
3.66015625
3.66015625
3.98046875
3.98046875
3.9453125
3.9453125
3.16015625
3.16015625
3.4453125
3.4453125
3.08984375
3.08984375
2.8046875
2.8046875
2.59375
2.59375
3.73046875
3.73046875
2.55859375
2.55859375
2.4140625
2.4140625
3.375
3.375
2.76953125
2.76953125
2.30859375
2.30859375
1.98828125
1.98828125
2.05859375
2.05859375
1.98828125
1.98828125
1.703125
1.703125
1.8125
1.8125
1.8125
1.8125
1.91796875
1.91796875
1.52734375
1.52734375
1.77734375
1.77734375
1.13671875
1.13671875
0.88671875
0.88671875
1.1015625
1.1015625
0.63671875
0.63671875
0.63671875
0.63671875
0.28125
0.28125
0.140625
0.140625
0.0703125
0.0703125
-0.35546875
-0.35546875
0.140625
0.140625
0.2109375
0.2109375
-0.140625
-0.140625
-0.2109375
-0.2109375
0.03515625
0.03515625
-0.35546875
-0.35546875
-0.78125
-0.78125
-0.28125
-0.28125
-1.3125
-1.3125
-0.9921875
-0.9921875
-1.171875
-1.171875
-1.171875
-1.171875
-1.27734375
-1.27734375
-1.06640625
-1.06640625
-1.06640625
-1.06640625
-1.421875
-1.421875
-1.3828125
-1.3828125
-1.5625
-1.5625
-1.5625
-1.5625
-1.953125
-1.953125
-1.5625
-1.5625
-1.91796875
-1.91796875
-1.84765625
-1.84765625
-2.05859375
-2.05859375
-1.8125
-1.8125
-2.09375
-2.09375
-2.2734375
-2.2734375
-2.2734375
-2.2734375
-2.30859375
-2.30859375
-2.44921875
-2.44921875
-2.48828125
-2.48828125
-2.6640625
-2.6640625
-2.76953125
-2.76953125
-2.55859375
-2.55859375
-2.87890625
-2.87890625
-2.94921875
-2.94921875
-2.94921875
-2.94921875
-2.9140625
-2.9140625
-3.4453125
-3.4453125
-3.5546875
-3.5546875
-2.94921875
-2.94921875
-3.5546875
-3.5546875
-3.515625
-3.515625
-3.33984375
-3.33984375
-3.625
-3.625
-3.80078125
-3.80078125
-3.5546875
-3.5546875
-3.5546875
-3.5546875
-3.515625
-3.515625
-3.625
-3.625
-4.0859375
-4.0859375
-3.98046875
-3.98046875
-3.9453125
-3.9453125
-4.19140625
-4.19140625
-4.30078125
-4.30078125
-4.05078125
-4.05078125
-3.58984375
-3.58984375
-4.69140625
-4.69140625
-4.40625
-4.40625
-3.91015625
-3.91015625
-5.01171875
-5.01171875
-4.44140625
-4.44140625
-4.12109375
-4.12109375
-4.30078125
-4.30078125
-4.58203125
-4.58203125
-5.93359375
-5.93359375
-4.05078125
-4.05078125
-4.265625
-4.265625
-4.546875
-4.546875
-5.3671875
-5.3671875
-4.83203125
-4.83203125
-3.91015625
-3.91015625
-3.8359375
-3.8359375
-5.6484375
-5.6484375
-4.51171875
-4.51171875
-3.98046875
-3.98046875
-4.7265625
-4.7265625
-4.7265625
-4.7265625
-6.11328125
-6.11328125
-4.05078125
-4.05078125
-4.4765625
-4.4765625
-4.9375
-4.9375
-4.015625
-4.015625
-5.046875
-5.046875
-4.546875
-4.546875
-6.43359375
-6.43359375
-5.15234375
-5.15234375
-5.79296875
-5.79296875
-4.44140625
-4.44140625
-5.046875
-5.046875
-3.765625
-3.765625
-3.765625
-3.765625
-3.80078125
-3.80078125
-3.80078125
-3.80078125
-2.44921875
-2.44921875
-2.05859375
-2.05859375
-3.91015625
0
0
0
0
0
0
0
0
0
0
0
0
0
0
0
0
0
0
0
0
0
0
0
0
0
0
0
0
0
0
0
0
0
0
0
