4.265625
4.05078125
4.05078125
4.2265625
4.2265625
4.2265625
4.2265625
4.19140625
4.19140625
4.0859375
4.0859375
-3.16015625
-3.16015625
-0.17578125
-0.17578125
1.5625
1.5625
2.76953125
2.76953125
2.9140625
2.9140625
2.6640625
2.6640625
2.34375
2.34375
2.16796875
2.16796875
2.34375
2.34375
2.34375
2.34375
2.734375
2.734375
2.94921875
2.94921875
4.12109375
4.12109375
4.4765625
4.4765625
4.9375
4.9375
5.1875
5.1875
5.01171875
5.01171875
5.3671875
5.3671875
5.578125
5.578125
6.21875
6.21875
6.2890625
6.2890625
6.5390625
6.5390625
7.78125
7.78125
7.74609375
7.74609375
7.85546875
7.85546875
7.78125
7.78125
8.921875
8.921875
9.2421875
9.2421875
9.02734375
9.02734375
9.02734375
9.02734375
9.9140625
9.9140625
10.69921875
10.69921875
10.875
10.875
10.484375
10.484375
10.58984375
10.58984375
10.83984375
10.83984375
11.01953125
11.01953125
10.91015625
10.91015625
11.0546875
11.0546875
11.265625
11.265625
11.3359375
11.3359375
11.8359375
11.8359375
11.765625
11.765625
11.65625
11.65625
11.94140625
11.94140625
11.48046875
11.48046875
11.5859375
11.5859375
11.48046875
11.48046875
11.0546875
11.0546875
10.83984375
10.83984375
10.4140625
10.4140625
10.58984375
10.58984375
10.34375
10.34375
10.05859375
10.05859375
9.98828125
9.98828125
10.09375
10.09375
9.87890625
9.87890625
9.87890625
9.87890625
9.5234375
9.5234375
9.41796875
9.41796875
9.27734375
9.27734375
9.3828125
9.3828125
9.02734375
9.02734375
9.34765625
9.34765625
9.16796875
9.16796875
8.671875
8.671875
8.77734375
8.77734375
8.671875
8.671875
8.4921875
8.4921875
8.17578125
8.17578125
8.13671875
8.13671875
7.890625
7.890625
7.8203125
7.8203125
7.60546875
7.60546875
7.640625
7.640625
7.14453125
7.14453125
7.14453125
7.14453125
6.75390625
6.75390625
6.46875
6.46875
6.57421875
6.57421875
6.46875
6.46875
6.359375
6.359375
5.96875
5.96875
5.72265625
5.72265625
5.54296875
5.54296875
5.40234375
5.40234375
5.29296875
5.29296875
5.1875
5.1875
4.7265625
4.7265625
5.15234375
5.15234375
5.08203125
5.08203125
4.8671875
4.8671875
4.796875
4.796875
4.76171875
4.76171875
4.40625
4.40625
4.40625
4.40625
4.51171875
4.51171875
4.76171875
4.76171875
4.62109375
4.62109375
5.046875
5.046875
4.546875
4.546875
4.546875
4.546875
4.51171875
4.51171875
4.83203125
4.83203125
4.7265625
4.7265625
4.69140625
4.69140625
4.9375
4.9375
4.62109375
4.62109375
4.69140625
4.69140625
4.37109375
4.37109375
4.15625
4.15625
4.15625
4.15625
4.40625
4.40625
4.0859375
4.0859375
4.05078125
4.05078125
3.9453125
3.9453125
3.80078125
3.80078125
3.6953125
3.6953125
3.08984375
3.08984375
3.41015625
3.41015625
3.26953125
3.26953125
3.08984375
3.08984375
3.125
3.125
3.5546875
3.5546875
3.375
3.375
3.16015625
3.16015625
3.765625
3.765625
3.765625
3.765625
3.5546875
3.5546875
3.66015625
3.66015625
3.58984375
3.58984375
4.05078125
4.05078125
3.765625
3.765625
3.765625
3.765625
3.8359375
3.8359375
3.80078125
3.80078125
4.12109375
4.12109375
4.19140625
4.19140625
4.44140625
4.44140625
4.15625
4.15625
4.12109375
4.12109375
4.8671875
4.8671875
4.37109375
4.37109375
4.69140625
4.69140625
4.7265625
4.7265625
4.65625
4.65625
5.1171875
5.1171875
4.90234375
4.90234375
5.40234375
5.40234375
4.9375
4.9375
5.08203125
5.08203125
6.04296875
6.04296875
5.3671875
5.3671875
6.21875
6.21875
6.7890625
6.7890625
6.6796875
6.6796875
6.57421875
6.57421875
6.57421875
6.57421875
6.6796875
6.6796875
5.578125
5.578125
7.74609375
7.74609375
6.89453125
6.89453125
6.71484375
6.71484375
5.7578125
5.7578125
6.859375
6.859375
6.078125
6.078125
7.14453125
7.14453125
6.1484375
6.1484375
5.5078125
5.5078125
6.82421875
6.82421875
5.61328125
5.61328125
6.11328125
6.11328125
5.828125
5.828125
5.7578125
5.7578125
6.32421875
6.32421875
6.71484375
6.71484375
7.890625
7.890625
7.890625
7.890625
4.4765625
4.4765625
6.04296875
6.04296875
7.53515625
7.53515625
4.8671875
4.8671875
4.90234375
4.90234375
4.83203125
4.83203125
5.29296875
5.29296875
4.4765625
4.4765625
4.37109375
4.37109375
2.62890625
2.62890625
4.015625
4.015625
4.37109375
4.37109375
2.87890625
2.87890625
2.87890625
2.87890625
2.8046875
2.8046875
2.8046875
2.8046875
2.203125
2.203125
2.48828125
2.48828125
1.4921875
0
0
0
0
0
0
0
0
0
0
0
0
0
0
0
0
0
0
0
0
0
0
0
0
0
0
0
0
0
0
0
0
0
0
0
