8.45703125
8.3515625
8.3515625
9.5234375
9.5234375
9.5234375
9.5234375
8.8125
8.8125
9.34765625
9.34765625
3.87109375
3.87109375
3.87109375
3.87109375
3.98046875
3.98046875
3.58984375
3.58984375
3.58984375
3.58984375
4.0859375
4.0859375
3.19921875
3.19921875
3.41015625
3.41015625
2.48828125
2.48828125
2.2734375
2.2734375
1.703125
1.703125
2.05859375
2.05859375
2.4140625
2.4140625
2.34375
2.34375
2.09375
2.09375
1.8828125
1.8828125
1.8828125
1.8828125
1.8125
1.8125
2.09375
2.09375
2.09375
2.09375
1.8828125
1.8828125
1.91796875
1.91796875
1.98828125
1.98828125
1.91796875
1.91796875
1.8125
1.8125
1.84765625
1.84765625
1.73828125
1.73828125
1.98828125
1.98828125
2.2734375
2.2734375
2.2734375
2.2734375
2.34375
2.34375
2.16796875
2.16796875
2.4140625
2.4140625
2.44921875
2.44921875
2.59375
2.59375
2.37890625
2.37890625
2.30859375
2.30859375
2.4140625
2.4140625
2.34375
2.34375
2.203125
2.203125
2.30859375
2.30859375
2.1328125
2.1328125
1.52734375
1.52734375
1.52734375
1.52734375
1.6328125
1.6328125
1.421875
1.421875
1.703125
1.703125
1.5625
1.5625
0.9921875
0.9921875
1.06640625
1.06640625
1.2421875
1.2421875
1.171875
1.171875
1.06640625
1.06640625
0.81640625
0.81640625
0.95703125
0.95703125
1.02734375
1.02734375
0.9921875
0.9921875
0.95703125
0.95703125
0.921875
0.921875
0.81640625
0.81640625
1.171875
1.171875
0.7109375
0.7109375
0.9921875
0.9921875
0.95703125
0.95703125
1.171875
1.171875
1.13671875
1.13671875
1.171875
1.171875
1.421875
1.421875
1.1015625
1.1015625
1.13671875
1.13671875
1.20703125
1.20703125
1.3125
1.3125
1.27734375
1.27734375
1.2421875
1.2421875
1.2421875
1.2421875
0.9921875
0.9921875
0.95703125
0.95703125
1.02734375
1.02734375
1.3125
1.3125
1.1015625
1.1015625
1.3828125
1.3828125
1.1015625
1.1015625
1.421875
1.421875
1.171875
1.171875
1.27734375
1.27734375
0.9921875
0.9921875
1.06640625
1.06640625
1.13671875
1.13671875
0.95703125
0.95703125
1.02734375
1.02734375
1.171875
1.171875
1.13671875
1.13671875
1.2421875
1.2421875
1.02734375
1.02734375
1.34765625
1.34765625
1.34765625
1.34765625
1.27734375
1.27734375
1.4921875
1.4921875
1.34765625
1.34765625
1.3828125
1.3828125
1.45703125
1.45703125
1.34765625
1.34765625
1.1015625
1.1015625
1.13671875
1.13671875
1.171875
1.171875
0.8515625
0.8515625
0.921875
0.921875
0.95703125
0.95703125
1.20703125
1.20703125
1.2421875
1.2421875
1.171875
1.171875
1.171875
1.171875
0.95703125
0.95703125
1.06640625
1.06640625
1.02734375
1.02734375
1.171875
1.171875
0.9921875
0.9921875
1.421875
1.421875
1.421875
1.421875
1.20703125
1.20703125
1.1015625
1.1015625
0.88671875
0.88671875
1.02734375
1.02734375
1.06640625
1.06640625
0.95703125
0.95703125
0.88671875
0.88671875
1.02734375
1.02734375
1.02734375
1.02734375
0.53125
0.53125
0.56640625
0.56640625
0.28125
0.28125
0.35546875
0.35546875
0.31640625
0.31640625
0.24609375
0.24609375
0.17578125
0.17578125
0
0
0.0703125
0.0703125
0.17578125
0.17578125
0.17578125
0.17578125
0.390625
0.390625
0.53125
0.53125
-0.10546875
-0.10546875
0.35546875
0.35546875
0
0
-0.140625
-0.140625
0.03515625
0.03515625
0.0703125
0.0703125
0
0
-0.17578125
-0.17578125
-0.17578125
-0.17578125
-0.2109375
-0.2109375
-0.35546875
-0.35546875
-0.2109375
-0.2109375
-0.390625
-0.390625
-0.49609375
-0.49609375
-0.81640625
-0.81640625
-0.7109375
-0.7109375
-0.78125
-0.78125
-0.88671875
-0.88671875
-0.8515625
-0.8515625
-1.13671875
-1.13671875
-0.78125
-0.78125
-1.171875
-1.171875
-1.45703125
-1.45703125
-1.34765625
-1.34765625
-1.27734375
-1.27734375
-1.3125
-1.3125
-1.421875
-1.421875
-1.66796875
-1.66796875
-1.703125
-1.703125
-1.8125
-1.8125
-2.0234375
-2.0234375
-2.23828125
-2.23828125
-1.91796875
-1.91796875
-2.16796875
-2.16796875
-2.23828125
-2.23828125
-2.62890625
-2.62890625
-2.62890625
-2.62890625
-2.84375
-2.84375
-2.87890625
-2.87890625
-3.16015625
-3.16015625
-2.8046875
-2.8046875
-2.76953125
-2.76953125
-2.984375
-2.984375
-2.8046875
-2.8046875
-2.6640625
-2.6640625
-2.76953125
-2.76953125
-2.734375
-2.734375
-2.69921875
-2.69921875
-2.9140625
-2.9140625
-2.84375
-2.84375
-2.84375
-2.84375
-2.59375
-2.59375
-2.59375
-2.59375
-1.953125
-1.953125
-2.30859375
-2.30859375
-1.8828125
0
0
0
0
0
0
0
0
0
0
0
0
0
0
0
0
0
0
0
0
0
0
0
0
0
0
0
0
0
0
0
0
0
0
0
