5.01171875
5.1875
5.1875
4.9765625
4.9765625
4.9765625
4.9765625
5.01171875
5.01171875
5.2578125
5.2578125
4.12109375
4.12109375
4.7265625
4.7265625
4.65625
4.65625
4.69140625
4.69140625
4.62109375
4.62109375
5.33203125
5.33203125
4.76171875
4.76171875
4.90234375
4.90234375
4.51171875
4.51171875
4.37109375
4.37109375
4.265625
4.265625
4.30078125
4.30078125
4.15625
4.15625
4.19140625
4.19140625
3.765625
3.765625
3.98046875
3.98046875
3.765625
3.765625
3.8359375
3.8359375
4.12109375
4.12109375
3.91015625
3.91015625
3.625
3.625
3.3046875
3.3046875
3.3046875
3.3046875
3.3046875
3.3046875
3.19921875
3.19921875
3.16015625
3.16015625
2.87890625
2.87890625
3.19921875
3.19921875
3.19921875
3.19921875
3.19921875
3.19921875
3.234375
3.234375
3.41015625
3.41015625
3.8359375
3.8359375
3.625
3.625
3.765625
3.765625
3.8359375
3.8359375
3.6953125
3.6953125
3.66015625
3.66015625
3.9453125
3.9453125
3.765625
3.765625
3.6953125
3.6953125
3.73046875
3.73046875
3.87109375
3.87109375
3.8359375
3.8359375
3.98046875
3.98046875
3.91015625
3.91015625
3.9453125
3.9453125
3.80078125
3.80078125
3.66015625
3.66015625
4.12109375
4.12109375
3.98046875
3.98046875
4.40625
4.40625
3.9453125
3.9453125
3.625
3.625
3.48046875
3.48046875
3.625
3.625
3.87109375
3.87109375
3.625
3.625
3.26953125
3.26953125
3.3046875
3.3046875
3.19921875
3.19921875
2.984375
2.984375
2.87890625
2.87890625
2.984375
2.984375
2.734375
2.734375
2.984375
2.984375
2.44921875
2.44921875
2.4140625
2.4140625
2.8046875
2.8046875
2.55859375
2.55859375
2.37890625
2.37890625
2.734375
2.734375
2.62890625
2.62890625
2.76953125
2.76953125
2.2734375
2.2734375
2.203125
2.203125
2.203125
2.203125
2.5234375
2.5234375
2.37890625
2.37890625
2.37890625
2.37890625
2.44921875
2.44921875
2.2734375
2.2734375
2.734375
2.734375
2.59375
2.59375
2.69921875
2.69921875
2.69921875
2.69921875
2.8046875
2.8046875
2.9140625
2.9140625
2.8046875
2.8046875
2.734375
2.734375
2.9140625
2.9140625
2.84375
2.84375
2.984375
2.984375
3.16015625
3.16015625
3.125
3.125
3.125
3.125
3.6953125
3.6953125
3.4453125
3.4453125
3.515625
3.515625
3.66015625
3.66015625
3.9453125
3.9453125
3.9453125
3.9453125
4.44140625
4.44140625
4.40625
4.40625
4.40625
4.40625
4.7265625
4.7265625
4.69140625
4.69140625
4.8671875
4.8671875
4.90234375
4.90234375
5.72265625
5.72265625
5.578125
5.578125
5.578125
5.578125
6.1484375
6.1484375
6.25390625
6.25390625
6.18359375
6.18359375
6.43359375
6.43359375
6.7890625
6.7890625
6.7890625
6.7890625
7.14453125
7.14453125
7.35546875
7.35546875
7.85546875
7.85546875
8.28125
8.28125
8.7421875
8.7421875
9.2421875
9.2421875
9.453125
9.453125
9.9140625
9.9140625
10.44921875
10.44921875
10.44921875
10.44921875
10.4140625
10.4140625
10.51953125
10.51953125
11.0546875
11.0546875
10.98046875
10.98046875
11.01953125
11.01953125
11.375
11.375
11.41015625
11.41015625
11.69140625
11.69140625
12.19140625
12.19140625
12.4765625
12.4765625
12.6875
12.6875
12.796875
12.796875
12.90234375
12.90234375
12.83203125
12.83203125
13.68359375
13.68359375
13.71875
13.71875
15.10546875
15.10546875
15.24609375
15.24609375
15.67578125
15.67578125
15.35546875
15.35546875
15.921875
15.921875
15.8515625
15.8515625
16.953125
16.953125
15.99609375
15.99609375
16.98828125
16.98828125
16.8125
16.8125
17.09765625
17.09765625
17.80859375
17.80859375
18.41015625
18.41015625
17.0234375
17.0234375
17.23828125
17.23828125
17.9140625
17.9140625
16.59765625
16.59765625
18.33984375
18.33984375
18.98046875
18.98046875
18.375
18.375
18.08984375
18.08984375
18.765625
18.765625
17.9140625
17.9140625
18.9453125
18.9453125
19.15625
19.15625
19.1953125
19.1953125
17.59375
17.59375
18.625
18.625
20.1171875
20.1171875
18.80078125
18.80078125
19.37109375
19.37109375
16.27734375
16.27734375
19.0859375
19.0859375
19.0859375
19.0859375
19.83203125
19.83203125
18.19921875
18.19921875
18.0546875
18.0546875
19.05078125
19.05078125
16.91796875
16.91796875
17.2734375
17.2734375
15.6015625
15.6015625
16.3125
16.3125
15.35546875
15.35546875
15.74609375
15.74609375
18.08984375
18.08984375
13.6484375
13.6484375
14.4296875
14.4296875
14.4296875
14.4296875
11.69140625
11.69140625
11.69140625
11.69140625
14.00390625
14.00390625
12.6171875
12.6171875
7.28515625
0
0
0
0
0
0
0
0
0
0
0
0
0
0
0
0
0
0
0
0
0
0
0
0
0
0
0
0
0
0
0
0
0
0
0
