-1.73828125
-1.5625
-1.5625
-1.703125
-1.703125
-1.703125
-1.703125
-1.13671875
-1.13671875
-1.5625
-1.5625
9.27734375
9.27734375
4.8671875
4.8671875
6.00390625
6.00390625
5.61328125
5.61328125
4.76171875
4.76171875
4.3359375
4.3359375
5.6875
5.6875
5.046875
5.046875
5.40234375
5.40234375
6.359375
6.359375
6.078125
6.078125
4.2265625
4.2265625
2.984375
2.984375
1.171875
1.171875
-0.2109375
-0.2109375
-0.24609375
-0.24609375
0.49609375
0.49609375
0.78125
0.78125
0.7109375
0.7109375
1.6328125
1.6328125
1.27734375
1.27734375
2.09375
2.09375
1.6328125
1.6328125
1.52734375
1.52734375
1.8828125
1.8828125
2.09375
2.09375
1.171875
1.171875
1.3125
1.3125
2.09375
2.09375
2.09375
2.09375
1.66796875
1.66796875
1.91796875
1.91796875
1.59765625
1.59765625
2.69921875
2.69921875
1.98828125
1.98828125
1.84765625
1.84765625
1.98828125
1.98828125
2.94921875
2.94921875
2.0234375
2.0234375
2.0234375
2.0234375
1.8828125
1.8828125
1.8125
1.8125
2.5234375
2.5234375
2.8046875
2.8046875
2.62890625
2.62890625
3.08984375
3.08984375
2.2734375
2.2734375
3.234375
3.234375
3.3046875
3.3046875
2.94921875
2.94921875
3.80078125
3.80078125
3.26953125
3.26953125
3.4453125
3.4453125
3.4453125
3.4453125
3.8359375
3.8359375
3.375
3.375
3.375
3.375
3.16015625
3.16015625
3.234375
3.234375
2.76953125
2.76953125
2.94921875
2.94921875
3.01953125
3.01953125
2.5234375
2.5234375
2.203125
2.203125
2.2734375
2.2734375
1.953125
1.953125
2.203125
2.203125
1.703125
1.703125
1.73828125
1.73828125
1.703125
1.703125
1.3125
1.3125
0.9921875
0.9921875
0.921875
0.921875
1.8125
1.8125
1.3828125
1.3828125
1.1015625
1.1015625
0.88671875
0.88671875
1.06640625
1.06640625
0.81640625
0.81640625
0.74609375
0.74609375
0.88671875
0.88671875
0.4609375
0.4609375
1.02734375
1.02734375
0.921875
0.921875
0.88671875
0.88671875
0.9921875
0.9921875
1.06640625
1.06640625
1.3828125
1.3828125
1.1015625
1.1015625
1.171875
1.171875
1.34765625
1.34765625
1.13671875
1.13671875
0.78125
0.78125
0.88671875
0.88671875
1.27734375
1.27734375
1.27734375
1.27734375
0.8515625
0.8515625
0.81640625
0.81640625
0.56640625
0.56640625
-0.0703125
-0.0703125
0.03515625
0.03515625
-0.17578125
-0.17578125
-0.24609375
-0.24609375
-0.49609375
-0.49609375
-0.56640625
-0.56640625
-1.06640625
-1.06640625
-2.09375
-2.09375
-1.84765625
-1.84765625
-1.953125
-1.953125
-2.5234375
-2.5234375
-2.76953125
-2.76953125
-2.76953125
-2.76953125
-3.515625
-3.515625
-3.73046875
-3.73046875
-4.37109375
-4.37109375
-4.69140625
-4.69140625
-4.7265625
-4.7265625
-5.01171875
-5.01171875
-5.1875
-5.1875
-5.6875
-5.6875
-5.79296875
-5.79296875
-6.359375
-6.359375
-6.859375
-6.859375
-6.6796875
-6.6796875
-7.14453125
-7.14453125
-7.390625
-7.390625
-7.3203125
-7.3203125
-7.3203125
-7.3203125
-7.85546875
-7.85546875
-7.9609375
-7.9609375
-7.92578125
-7.92578125
-8.31640625
-8.31640625
-8.9921875
-8.9921875
-8.921875
-8.921875
-9.09765625
-9.09765625
-9.55859375
-9.55859375
-9.7734375
-9.7734375
-9.73828125
-9.73828125
-9.9140625
-9.9140625
-10.234375
-10.234375
-10.37890625
-10.37890625
-10.91015625
-10.91015625
-11.515625
-11.515625
-11.80078125
-11.80078125
-12.51171875
-12.51171875
-12.72265625
-12.72265625
-12.83203125
-12.83203125
-12.72265625
-12.72265625
-13.078125
-13.078125
-13.15234375
-13.15234375
-13.15234375
-13.15234375
-13.078125
-13.078125
-13.36328125
-13.36328125
-13.36328125
-13.36328125
-13.61328125
-13.61328125
-13.75390625
-13.75390625
-13.82421875
-13.82421875
-13.86328125
-13.86328125
-14.14453125
-14.14453125
-13.328125
-13.328125
-14.109375
-14.109375
-14.32421875
-14.32421875
-13.82421875
-13.82421875
-14.85546875
-14.85546875
-13.93359375
-13.93359375
-14.75
-14.75
-14.32421875
-14.32421875
-14.609375
-14.609375
-14.359375
-14.359375
-14.07421875
-14.07421875
-14.8203125
-14.8203125
-14.32421875
-14.32421875
-14.85546875
-14.85546875
-13.328125
-13.328125
-14.6796875
-14.6796875
-13.6484375
-13.6484375
-14.6796875
-14.6796875
-14.6796875
-14.6796875
-14.359375
-14.359375
-14.21875
-14.21875
-13.22265625
-13.22265625
-12.65234375
-12.65234375
-12.83203125
-12.83203125
-13.61328125
-13.61328125
-12.0859375
-12.0859375
-12.796875
-12.796875
-12.15625
-12.15625
-14.109375
-14.109375
-12.44140625
-12.44140625
-11.80078125
-11.80078125
-12.26171875
-12.26171875
-12.26171875
-12.26171875
-10.4140625
-10.4140625
-10.4140625
-10.4140625
-12.44140625
-12.44140625
-10.6640625
-10.6640625
-11.4453125
0
0
0
0
0
0
0
0
0
0
0
0
0
0
0
0
0
0
0
0
0
0
0
0
0
0
0
0
0
0
0
0
0
0
0
