-0.35546875
-0.0703125
-0.0703125
-0.0703125
-0.0703125
-0.17578125
-0.17578125
0.140625
0.140625
-0.140625
-0.140625
0.53125
0.53125
0.24609375
0.24609375
0.03515625
0.03515625
0.56640625
0.56640625
1.91796875
1.91796875
2.984375
2.984375
3.48046875
3.48046875
3.26953125
3.26953125
2.48828125
2.48828125
1.3125
1.3125
1.421875
1.421875
1.953125
1.953125
1.2421875
1.2421875
0.81640625
0.81640625
1.34765625
1.34765625
0.9921875
0.9921875
1.953125
1.953125
1.98828125
1.98828125
-0.03515625
-0.03515625
-2.1328125
-2.1328125
-2.984375
-2.984375
-4.58203125
-4.58203125
-4.62109375
-4.62109375
-4.40625
-4.40625
-3.375
-3.375
-1.91796875
-1.91796875
-1.1015625
-1.1015625
-0.31640625
-0.31640625
0.17578125
0.17578125
1.5625
1.5625
1.3828125
1.3828125
0.81640625
0.81640625
1.45703125
1.45703125
0.78125
0.78125
0.35546875
0.35546875
0.17578125
0.17578125
-0.56640625
-0.56640625
-2.44921875
-2.44921875
-2.1328125
-2.1328125
-1.20703125
-1.20703125
-0.81640625
-0.81640625
-0.671875
-0.671875
-0.671875
-0.671875
-1.27734375
-1.27734375
-1.27734375
-1.27734375
-1.77734375
-1.77734375
-1.34765625
-1.34765625
-0.921875
-0.921875
-0.921875
-0.921875
-0.8515625
-0.8515625
-0.81640625
-0.81640625
-0.6015625
-0.6015625
-0.671875
-0.671875
-0.78125
-0.78125
-0.4609375
-0.4609375
-0.8515625
-0.8515625
-0.56640625
-0.56640625
-0.49609375
-0.49609375
-0.24609375
-0.24609375
-0.10546875
-0.10546875
0
0
-0.17578125
-0.17578125
-0.42578125
-0.42578125
-0.390625
-0.390625
-0.03515625
-0.03515625
-0.0703125
-0.0703125
-0.24609375
-0.24609375
-0.140625
-0.140625
0.03515625
0.03515625
-0.03515625
-0.03515625
0
0
-0.03515625
-0.03515625
0
0
-0.17578125
-0.17578125
-0.140625
-0.140625
-0.03515625
-0.03515625
-0.03515625
-0.03515625
0.03515625
0.03515625
-0.0703125
-0.0703125
-0.10546875
-0.10546875
-0.17578125
-0.17578125
0
0
-0.2109375
-0.2109375
0.31640625
0.31640625
0.31640625
0.31640625
-0.03515625
-0.03515625
-0.10546875
-0.10546875
0.0703125
0.0703125
0.10546875
0.10546875
0.0703125
0.0703125
0.0703125
0.0703125
-0.49609375
-0.49609375
-0.24609375
-0.24609375
-0.42578125
-0.42578125
-0.140625
-0.140625
-0.28125
-0.28125
-0.17578125
-0.17578125
-0.35546875
-0.35546875
0
0
-0.0703125
-0.0703125
-0.31640625
-0.31640625
-0.31640625
-0.31640625
-0.28125
-0.28125
-0.35546875
-0.35546875
-0.4609375
-0.4609375
-0.31640625
-0.31640625
-0.4609375
-0.4609375
-0.31640625
-0.31640625
-0.31640625
-0.31640625
-0.42578125
-0.42578125
-0.140625
-0.140625
-0.56640625
-0.56640625
-0.390625
-0.390625
-0.10546875
-0.10546875
-0.2109375
-0.2109375
-0.17578125
-0.17578125
-0.140625
-0.140625
-0.10546875
-0.10546875
0
0
-0.10546875
-0.10546875
-0.140625
-0.140625
-0.31640625
-0.31640625
-0.10546875
-0.10546875
0.03515625
0.03515625
-0.140625
-0.140625
-0.10546875
-0.10546875
0.10546875
0.10546875
-0.140625
-0.140625
-0.17578125
-0.17578125
0.03515625
0.03515625
0.0703125
0.0703125
-0.0703125
-0.0703125
-0.10546875
-0.10546875
-0.0703125
-0.0703125
0.140625
0.140625
0.10546875
0.10546875
0.140625
0.140625
-0.24609375
-0.24609375
-0.24609375
-0.24609375
-0.140625
-0.140625
-0.17578125
-0.17578125
-0.2109375
-0.2109375
-0.03515625
-0.03515625
-0.0703125
-0.0703125
0.0703125
0.0703125
-0.10546875
-0.10546875
-0.0703125
-0.0703125
0
0
-0.0703125
-0.0703125
-0.17578125
-0.17578125
0
0
0.10546875
0.10546875
-0.03515625
-0.03515625
0.03515625
0.03515625
0.03515625
0.03515625
-0.03515625
-0.03515625
0.140625
0.140625
0.140625
0.140625
0.03515625
0.03515625
0
0
-0.03515625
-0.03515625
-0.10546875
-0.10546875
0.03515625
0.03515625
0.17578125
0.17578125
0.42578125
0.42578125
0
0
0.0703125
0.0703125
-0.03515625
-0.03515625
0.140625
0.140625
-0.03515625
-0.03515625
-0.2109375
-0.2109375
-0.140625
-0.140625
0.17578125
0.17578125
0.03515625
0.03515625
0.10546875
0.10546875
-0.10546875
-0.10546875
-0.10546875
-0.10546875
-0.10546875
-0.10546875
-0.17578125
-0.17578125
0.03515625
0.03515625
0.35546875
0.35546875
-0.390625
-0.390625
0.03515625
0.03515625
0.31640625
0.31640625
0.0703125
0.0703125
-0.10546875
-0.10546875
0.2109375
0.2109375
-0.17578125
-0.17578125
-0.03515625
-0.03515625
0.0703125
0.0703125
-0.03515625
-0.03515625
0
0
-0.0703125
-0.0703125
-0.10546875
-0.10546875
-0.140625
-0.140625
-0.140625
-0.140625
-0.03515625
-0.03515625
-0.10546875
-0.10546875
0.03515625
0.03515625
0.28125
0.28125
-0.03515625
-0.03515625
0.2109375
0.2109375
-0.03515625
-0.03515625
-0.2109375
-0.2109375
0.17578125
0.17578125
0.17578125
0.17578125
-0.56640625
-0.56640625
-1.421875
-1.421875
-0.0703125
-0.0703125
1.52734375
1.52734375
1.52734375
1.52734375
0.390625
0.390625
0.17578125
0.17578125
-0.03515625
-0.03515625
-0.03515625
-0.03515625
-0.0703125
-0.0703125
0
0
0.2109375
0.2109375
0.03515625
0.03515625
0.03515625
0.03515625
0.10546875
0.10546875
0
0
-0.03515625
-0.03515625
0.28125
0.28125
0.24609375
0.24609375
0.10546875
0.10546875
-0.10546875
-0.10546875
-0.140625
-0.140625
0.10546875
0.10546875
-0.17578125
-0.17578125
-0.17578125
-0.17578125
-0.10546875
-0.10546875
-0.140625
-0.140625
-0.0703125
-0.0703125
0
0
0
0
0
0
0.03515625
0.03515625
-0.2109375
-0.2109375
-0.03515625
-0.03515625
0.10546875
0.10546875
0.2109375
0.2109375
-0.140625
-0.140625
0
0
0
0
0
0
0
0
0
0
0
0
0
0
0
0
0
0
0
0
0
0
