0.78125
0.921875
0.921875
0.56640625
0.56640625
0.4609375
0.4609375
0.671875
0.671875
0.8515625
0.8515625
11.90625
11.90625
6.359375
6.359375
4.8671875
4.8671875
4.15625
4.15625
1.3125
1.3125
-0.6015625
-0.6015625
-2.84375
-2.84375
-3.33984375
-3.33984375
-2.984375
-2.984375
-2.9140625
-2.9140625
-1.20703125
-1.20703125
0.28125
0.28125
0.95703125
0.95703125
1.59765625
1.59765625
2.05859375
2.05859375
1.2421875
1.2421875
-0.17578125
-0.17578125
-1.2421875
-1.2421875
-3.41015625
-3.41015625
-3.5546875
-3.5546875
-1.98828125
-1.98828125
-0.81640625
-0.81640625
-0.42578125
-0.42578125
-0.42578125
-0.42578125
-0.49609375
-0.49609375
-0.671875
-0.671875
-0.7109375
-0.7109375
-0.49609375
-0.49609375
-0.49609375
-0.49609375
-0.17578125
-0.17578125
-0.35546875
-0.35546875
-0.03515625
-0.03515625
-0.53125
-0.53125
-1.2421875
-1.2421875
-1.02734375
-1.02734375
-0.53125
-0.53125
-0.24609375
-0.24609375
-0.8515625
-0.8515625
-0.95703125
-0.95703125
-0.7109375
-0.7109375
0.49609375
0.49609375
2.5234375
2.5234375
2.5234375
2.5234375
3.48046875
3.48046875
3.375
3.375
2.44921875
2.44921875
2.4140625
2.4140625
2.203125
2.203125
2.05859375
2.05859375
1.52734375
1.52734375
1.13671875
1.13671875
1.13671875
1.13671875
0.88671875
0.88671875
0.49609375
0.49609375
0.4609375
0.4609375
0.17578125
0.17578125
0.2109375
0.2109375
-0.10546875
-0.10546875
0.2109375
0.2109375
0.140625
0.140625
0.10546875
0.10546875
-0.24609375
-0.24609375
-0.24609375
-0.24609375
-0.35546875
-0.35546875
-0.390625
-0.390625
-0.28125
-0.28125
-0.17578125
-0.17578125
-0.140625
-0.140625
0.10546875
0.10546875
-0.17578125
-0.17578125
0.0703125
0.0703125
0.10546875
0.10546875
-0.03515625
-0.03515625
-0.35546875
-0.35546875
0.03515625
0.03515625
-0.2109375
-0.2109375
-0.10546875
-0.10546875
-0.10546875
-0.10546875
0.0703125
0.0703125
0.2109375
0.2109375
0.10546875
0.10546875
0.24609375
0.24609375
0.35546875
0.35546875
0.24609375
0.24609375
0.24609375
0.24609375
0.53125
0.53125
0.56640625
0.56640625
0.4609375
0.4609375
0.31640625
0.31640625
0.42578125
0.42578125
0.42578125
0.42578125
0.63671875
0.63671875
0.8515625
0.8515625
0.74609375
0.74609375
0.63671875
0.63671875
0.88671875
0.88671875
0.9921875
0.9921875
0.8515625
0.8515625
0.81640625
0.81640625
1.1015625
1.1015625
0.921875
0.921875
0.95703125
0.95703125
1.1015625
1.1015625
0.8515625
0.8515625
0.9921875
0.9921875
1.13671875
1.13671875
0.88671875
0.88671875
1.02734375
1.02734375
1.1015625
1.1015625
0.88671875
0.88671875
1.02734375
1.02734375
1.2421875
1.2421875
0.921875
0.921875
1.27734375
1.27734375
1.3828125
1.3828125
1.13671875
1.13671875
1.34765625
1.34765625
1.421875
1.421875
1.2421875
1.2421875
1.34765625
1.34765625
1.4921875
1.4921875
1.45703125
1.45703125
1.5625
1.5625
1.45703125
1.45703125
1.66796875
1.66796875
1.45703125
1.45703125
1.45703125
1.45703125
1.5625
1.5625
1.77734375
1.77734375
1.98828125
1.98828125
1.73828125
1.73828125
1.91796875
1.91796875
1.8828125
1.8828125
2.1328125
2.1328125
2.0234375
2.0234375
2.09375
2.09375
2.16796875
2.16796875
2.09375
2.09375
2.09375
2.09375
2.1328125
2.1328125
2.203125
2.203125
2.0234375
2.0234375
1.84765625
1.84765625
2.09375
2.09375
2.05859375
2.05859375
2.34375
2.34375
2.30859375
2.30859375
2.23828125
2.23828125
2.23828125
2.23828125
2.34375
2.34375
2.1328125
2.1328125
2.2734375
2.2734375
2.59375
2.59375
2.2734375
2.2734375
2.2734375
2.2734375
2.2734375
2.2734375
2.44921875
2.44921875
2.37890625
2.37890625
2.48828125
2.48828125
2.6640625
2.6640625
2.2734375
2.2734375
2.37890625
2.37890625
2.44921875
2.44921875
2.5234375
2.5234375
2.37890625
2.37890625
2.55859375
2.55859375
2.59375
2.59375
2.84375
2.84375
2.44921875
2.44921875
2.69921875
2.69921875
2.59375
2.59375
2.55859375
2.55859375
2.984375
2.984375
2.84375
2.84375
2.76953125
2.76953125
2.5234375
2.5234375
2.5234375
2.5234375
2.6640625
2.6640625
2.23828125
2.23828125
2.84375
2.84375
2.87890625
2.87890625
2.62890625
2.62890625
3.01953125
3.01953125
2.76953125
2.76953125
2.8046875
2.8046875
2.76953125
2.76953125
2.5234375
2.5234375
2.59375
2.59375
2.734375
2.734375
2.9140625
2.9140625
2.84375
2.84375
2.6640625
2.6640625
2.59375
2.59375
2.76953125
2.76953125
2.5234375
2.5234375
2.84375
2.84375
2.84375
2.84375
2.69921875
2.69921875
2.69921875
2.69921875
2.55859375
2.55859375
2.69921875
2.69921875
2.76953125
2.76953125
2.76953125
2.76953125
2.984375
2.984375
-20.828125
-20.828125
-20.828125
-20.828125
13.43359375
13.43359375
5.1875
5.1875
2.6640625
2.6640625
2.05859375
2.05859375
2.05859375
2.05859375
2.09375
2.09375
2.34375
2.34375
2.6640625
2.6640625
3.08984375
3.08984375
3.01953125
3.01953125
2.8046875
2.8046875
2.984375
2.984375
3.4453125
3.4453125
3.16015625
3.16015625
3.01953125
3.01953125
3.375
3.375
3.48046875
3.48046875
3.58984375
3.58984375
3.08984375
3.08984375
3.515625
3.515625
3.19921875
3.19921875
2.9140625
2.9140625
3.125
3.125
3.16015625
3.16015625
3.125
3.125
3.01953125
3.01953125
3.0546875
3.0546875
3.125
3.125
3.125
3.125
3.125
3.41015625
3.41015625
3.41015625
3.01953125
3.01953125
3.234375
3.234375
3.375
3.375
3.33984375
3.33984375
2.9140625
2.9140625
3.125
3.125
3.33984375
3.33984375
3.3046875
0
0
0
0
0
0
0
0
0
0
0
0
0
0
0
0
0
0
0
