11.265625
11.125
11.125
10.8046875
10.8046875
10.8046875
10.8046875
11.16015625
11.16015625
10.734375
10.734375
6.04296875
6.04296875
8.17578125
8.17578125
8.53125
8.53125
9.1328125
9.1328125
8.9921875
8.9921875
8.84765625
8.84765625
8.4921875
8.4921875
8.13671875
8.13671875
7.5
7.5
7.5
7.5
7.78125
7.78125
7.85546875
7.85546875
8.31640625
8.31640625
8.45703125
8.45703125
8.6015625
8.6015625
8.6015625
8.6015625
8.28125
8.28125
8.63671875
8.63671875
9.34765625
9.34765625
8.8125
8.8125
9.09765625
9.09765625
8.8125
8.8125
8.88671875
8.88671875
8.95703125
8.95703125
9.5234375
9.5234375
10.12890625
10.12890625
10.234375
10.234375
10.44921875
10.44921875
10.44921875
10.44921875
10.44921875
10.44921875
11.0546875
11.0546875
10.8046875
10.8046875
10.734375
10.734375
11.30078125
11.30078125
10.98046875
10.98046875
11.0546875
11.0546875
11.23046875
11.23046875
11.375
11.375
11.01953125
11.01953125
11.08984375
11.08984375
10.69921875
10.69921875
10.69921875
10.69921875
10.8046875
10.8046875
10.6640625
10.6640625
10.37890625
10.37890625
10.34375
10.34375
10.09375
10.09375
10.1640625
10.1640625
9.73828125
9.73828125
9.703125
9.703125
9.34765625
9.34765625
9.7734375
9.7734375
9.02734375
9.02734375
9.2421875
9.2421875
8.84765625
8.84765625
8.77734375
8.77734375
8.38671875
8.38671875
8.53125
8.53125
8.4921875
8.4921875
8.13671875
8.13671875
7.85546875
7.85546875
8.03125
8.03125
7.74609375
7.74609375
7.5703125
7.5703125
7.21484375
7.21484375
7.25
7.25
7.03515625
7.03515625
6.859375
6.859375
6.46875
6.46875
6.32421875
6.32421875
6.00390625
6.00390625
5.6875
5.6875
5.61328125
5.61328125
5.7578125
5.7578125
5.47265625
5.47265625
5.15234375
5.15234375
5.4375
5.4375
5.2578125
5.2578125
5.046875
5.046875
4.76171875
4.76171875
4.796875
4.796875
4.9375
4.9375
4.796875
4.796875
4.51171875
4.51171875
4.62109375
4.62109375
4.3359375
4.3359375
4.0859375
4.0859375
4.30078125
4.30078125
4.2265625
4.2265625
3.9453125
3.9453125
3.98046875
3.98046875
3.91015625
3.91015625
3.98046875
3.98046875
3.87109375
3.87109375
4.05078125
4.05078125
4.05078125
4.05078125
4.12109375
4.12109375
4.015625
4.015625
3.91015625
3.91015625
3.9453125
3.9453125
3.91015625
3.91015625
4.30078125
4.30078125
3.8359375
3.8359375
3.80078125
3.80078125
3.6953125
3.6953125
3.66015625
3.66015625
3.48046875
3.48046875
3.26953125
3.26953125
3.19921875
3.19921875
3.26953125
3.26953125
3.125
3.125
3.125
3.125
2.94921875
2.94921875
2.69921875
2.69921875
2.48828125
2.48828125
2.4140625
2.4140625
2.59375
2.59375
2.59375
2.59375
2.203125
2.203125
2.44921875
2.44921875
2.34375
2.34375
2.55859375
2.55859375
2.34375
2.34375
2.734375
2.734375
2.16796875
2.16796875
2.62890625
2.62890625
2.23828125
2.23828125
2.23828125
2.23828125
2.69921875
2.69921875
2.4140625
2.4140625
2.48828125
2.48828125
3.125
3.125
2.62890625
2.62890625
2.55859375
2.55859375
2.84375
2.84375
3.08984375
3.08984375
2.9140625
2.9140625
3.41015625
3.41015625
2.9140625
2.9140625
3.6953125
3.6953125
3.234375
3.234375
3.66015625
3.66015625
3.765625
3.765625
4.265625
4.265625
3.4453125
3.4453125
3.58984375
3.58984375
4.12109375
4.12109375
4.15625
4.15625
4.05078125
4.05078125
4.546875
4.546875
3.765625
3.765625
3.98046875
3.98046875
4.65625
4.65625
5.47265625
5.47265625
4.62109375
4.62109375
4.51171875
4.51171875
5.29296875
5.29296875
4.58203125
4.58203125
4.7265625
4.7265625
5.22265625
5.22265625
5.08203125
5.08203125
4.65625
4.65625
6.43359375
6.43359375
6.078125
6.078125
4.76171875
4.76171875
5.5078125
5.5078125
5.61328125
5.61328125
4.4765625
4.4765625
5.15234375
5.15234375
6.57421875
6.57421875
5.3671875
5.3671875
6.82421875
6.82421875
4.796875
4.796875
3.73046875
3.73046875
5.7578125
5.7578125
4.015625
4.015625
5.15234375
5.15234375
5.15234375
5.15234375
4.12109375
4.12109375
4.83203125
4.83203125
3.234375
3.234375
4.76171875
4.76171875
2.76953125
2.76953125
2.62890625
2.62890625
3.765625
3.765625
3.515625
3.515625
3.375
3.375
2.37890625
2.37890625
2.34375
2.34375
2.55859375
2.55859375
1.59765625
1.59765625
1.59765625
1.59765625
0.0703125
0.0703125
0.0703125
0.0703125
1.73828125
1.73828125
0.74609375
0.74609375
0.6015625
0
0
0
0
0
0
0
0
0
0
0
0
0
0
0
0
0
0
0
0
0
0
0
0
0
0
0
0
0
0
0
0
0
0
0
