-10.9453125
-11.9765625
-11.9765625
-14.359375
-14.359375
-17.0625
-17.0625
-17.30859375
-17.30859375
-20.08203125
-20.08203125
-11.87109375
-11.87109375
-11.265625
-11.265625
-13.1875
-13.1875
-15
-15
-15.140625
-15.140625
-17.0234375
-17.0234375
-17.09765625
-17.09765625
-14.890625
-14.890625
-14.4296875
-14.4296875
-11.9765625
-11.9765625
-10.76953125
-10.76953125
-9.3828125
-9.3828125
-9.953125
-9.953125
-10.98046875
-10.98046875
-14.1796875
-14.1796875
-16.171875
-16.171875
-18.41015625
-18.41015625
-18.0546875
-18.0546875
-18.765625
-18.765625
-17.94921875
-17.94921875
-18.625
-18.625
-17.37890625
-17.37890625
-17.55859375
-17.55859375
-19.23046875
-19.23046875
-20.046875
-20.046875
-20.15234375
-20.15234375
-21.1484375
-21.1484375
-22.92578125
-22.92578125
-24.2421875
-24.2421875
-24.6328125
-24.6328125
-25.19921875
-25.19921875
-23.6015625
-23.6015625
-24.66796875
-24.66796875
-21.21875
-21.21875
-21.46875
-21.46875
-20.86328125
-20.86328125
-20.93359375
-20.93359375
-19.4765625
-19.4765625
-19.37109375
-19.37109375
-18.12890625
-18.12890625
-18.58984375
-18.58984375
-17.62890625
-17.62890625
-17.62890625
-17.62890625
-15.81640625
-15.81640625
-15.640625
-15.640625
-14.109375
-14.109375
-13.68359375
-13.68359375
-13.2578125
-13.2578125
-12.046875
-12.046875
-11.69140625
-11.69140625
-11.265625
-11.265625
-11.16015625
-11.16015625
-10.91015625
-10.91015625
-10.5546875
-10.5546875
-9.98828125
-9.98828125
-9.84375
-9.84375
-10.234375
-10.234375
-9.48828125
-9.48828125
-10.12890625
-10.12890625
-9.84375
-9.84375
-9.5234375
-9.5234375
-9.3828125
-9.3828125
-9.1328125
-9.1328125
-9.16796875
-9.16796875
-8.8125
-8.8125
-8.6015625
-8.6015625
-8.671875
-8.671875
-8.24609375
-8.24609375
-7.99609375
-7.99609375
-8.31640625
-8.31640625
-8.06640625
-8.06640625
-8.24609375
-8.24609375
-8.13671875
-8.13671875
-7.85546875
-7.85546875
-8.03125
-8.03125
-8.2109375
-8.2109375
-7.92578125
-7.92578125
-8.03125
-8.03125
-7.890625
-7.890625
-7.5703125
-7.5703125
-7.60546875
-7.60546875
-7.1796875
-7.1796875
-7.390625
-7.390625
-7.3203125
-7.3203125
-7.3203125
-7.3203125
-7.109375
-7.109375
-7
-7
-7.21484375
-7.21484375
-7.60546875
-7.60546875
-7.25
-7.25
-7.25
-7.25
-7.3203125
-7.3203125
-7.390625
-7.390625
-7.5
-7.5
-7.28515625
-7.28515625
-7.14453125
-7.14453125
-7.25
-7.25
-7.35546875
-7.35546875
-7.1796875
-7.1796875
-7.109375
-7.109375
-7.28515625
-7.28515625
-7.5703125
-7.5703125
-7.1796875
-7.1796875
-7.28515625
-7.28515625
-7.0703125
-7.0703125
-7.28515625
-7.28515625
-7.0703125
-7.0703125
-6.89453125
-6.89453125
-6.43359375
-6.43359375
-6.859375
-6.859375
-6.609375
-6.609375
-6.75390625
-6.75390625
-6.5390625
-6.5390625
-6.64453125
-6.64453125
-6.43359375
-6.43359375
-6.71484375
-6.71484375
-6.6796875
-6.6796875
-6.32421875
-6.32421875
-6.6796875
-6.6796875
-6.43359375
-6.43359375
-6.5390625
-6.5390625
-6.359375
-6.359375
-6.25390625
-6.25390625
-6.359375
-6.359375
-6.11328125
-6.11328125
-6.32421875
-6.32421875
-6.00390625
-6.00390625
-5.93359375
-5.93359375
-6.1484375
-6.1484375
-6.50390625
-6.50390625
-6.25390625
-6.25390625
-6.32421875
-6.32421875
-6.1484375
-6.1484375
-6.25390625
-6.25390625
-6.2890625
-6.2890625
-6.43359375
-6.43359375
-6.50390625
-6.50390625
-6.50390625
-6.50390625
-6.50390625
-6.50390625
-6.25390625
-6.25390625
-6.21875
-6.21875
-5.86328125
-5.86328125
-6.1484375
-6.1484375
-6.46875
-6.46875
-6.3984375
-6.3984375
-6.25390625
-6.25390625
-6.18359375
-6.18359375
-6.00390625
-6.00390625
-6.32421875
-6.32421875
-6.25390625
-6.25390625
-6.11328125
-6.11328125
-6.43359375
-6.43359375
-6.1484375
-6.1484375
-6.1484375
-6.1484375
-6.1484375
-6.1484375
-6.18359375
-6.18359375
-6.359375
-6.359375
-6.3984375
-6.3984375
-6.2890625
-6.2890625
-6.43359375
-6.43359375
-6.21875
-6.21875
-5.7578125
-5.7578125
-5.96875
-5.96875
-5.96875
-5.96875
-6.21875
-6.21875
-5.7578125
-5.7578125
-5.79296875
-5.79296875
-5.61328125
-5.61328125
-5.6484375
-5.6484375
-6.078125
-6.078125
-5.93359375
-5.93359375
-6.00390625
-6.00390625
-5.61328125
-5.61328125
-5.61328125
-5.61328125
-5.47265625
-5.47265625
-5.828125
-5.828125
-5.6484375
-5.6484375
-5.47265625
-5.47265625
-5.72265625
-5.72265625
-5.93359375
-5.93359375
-5.86328125
-5.86328125
-5.6875
-5.6875
-6.11328125
-6.11328125
-5.578125
-5.578125
-5.96875
-5.96875
-5.86328125
-5.86328125
-6.04296875
-6.04296875
-5.6875
-5.6875
-5.7578125
-5.7578125
-5.79296875
-5.79296875
-5.72265625
-5.72265625
-5.79296875
-5.79296875
-5.578125
-5.578125
-5.5078125
-5.5078125
-5.578125
-5.578125
-5.578125
-5.578125
-5.47265625
-5.47265625
-5.61328125
-5.61328125
-5.6875
-5.6875
-5.578125
-5.578125
-5.5078125
-5.5078125
-5.6484375
-5.6484375
-5.8984375
-5.8984375
-5.5078125
-5.5078125
-5.3671875
-5.3671875
-5.3671875
-5.3671875
-6.04296875
-6.04296875
-5.6484375
-5.6484375
-6.078125
-6.078125
-5.47265625
-5.47265625
-5.47265625
-5.47265625
-5.828125
-5.828125
-5.3671875
-5.3671875
-5.6484375
-5.6484375
-6.078125
-6.078125
-5.40234375
-5.40234375
-5.828125
-5.828125
-5.79296875
-5.79296875
-5.6484375
-5.6484375
-5.93359375
-5.93359375
-5.6484375
-5.6484375
-5.33203125
-5.33203125
-5.828125
-5.828125
-5.578125
-5.578125
-5.47265625
-5.47265625
-5.5078125
-5.5078125
-5.3671875
-5.3671875
-5.33203125
-5.33203125
-5.47265625
-5.47265625
-5.08203125
-5.08203125
-5.01171875
-5.01171875
-5.1875
-5.1875
-5.1171875
-5.1171875
-5.15234375
-5.15234375
-5.046875
-5.046875
-5.046875
-5.22265625
-5.22265625
-5.22265625
-5.1875
-5.1875
-5.15234375
-5.15234375
-5.08203125
-5.08203125
-5.01171875
-5.01171875
-5.2578125
-5.2578125
-5.1875
-5.1875
-4.90234375
-4.90234375
-5.1875
0
0
0
0
0
0
0
0
0
0
0
0
0
0
0
0
0
0
0
