0.2109375
0.10546875
0.10546875
-0.03515625
-0.03515625
-0.140625
-0.140625
-0.17578125
-0.17578125
-0.24609375
-0.24609375
5.54296875
5.54296875
4.0859375
4.0859375
1.5625
1.5625
0.140625
0.140625
0.53125
0.53125
2.6640625
2.6640625
5.6875
5.6875
8.38671875
8.38671875
15.28515625
15.28515625
17.734375
17.734375
12.4765625
12.4765625
7.21484375
7.21484375
-0.0703125
-0.0703125
-5.4375
-5.4375
-8.03125
-8.03125
-14.46484375
-14.46484375
-16.3515625
-16.3515625
-13.46875
-13.46875
-11.08984375
-11.08984375
-5.40234375
-5.40234375
-1.73828125
-1.73828125
0.6015625
0.6015625
1.73828125
1.73828125
1.91796875
1.91796875
0.81640625
0.81640625
-5.86328125
-5.86328125
-8.03125
-8.03125
-10.4140625
-10.4140625
-14.2890625
-14.2890625
-13.578125
-13.578125
-15.03515625
-15.03515625
-13.71875
-13.71875
-14.75
-14.75
-14.07421875
-14.07421875
-12.15625
-12.15625
-11.90625
-11.90625
-11.41015625
-11.41015625
-9.0625
-9.0625
-8.77734375
-8.77734375
-8.6015625
-8.6015625
-7.21484375
-7.21484375
-6.00390625
-6.00390625
-6.00390625
-6.00390625
-5.33203125
-5.33203125
-4.7265625
-4.7265625
-3.87109375
-3.87109375
-3.4453125
-3.4453125
-2.9140625
-2.9140625
-1.953125
-1.953125
-1.4921875
-1.4921875
-1.06640625
-1.06640625
-1.02734375
-1.02734375
-0.95703125
-0.95703125
-0.28125
-0.28125
0
0
-0.140625
-0.140625
0
0
-0.03515625
-0.03515625
0.17578125
0.17578125
0.35546875
0.35546875
1.27734375
1.27734375
1.3125
1.3125
0.7109375
0.7109375
1.1015625
1.1015625
1.3828125
1.3828125
1.13671875
1.13671875
1.02734375
1.02734375
0.9921875
0.9921875
1.3828125
1.3828125
1.3125
1.3125
1.13671875
1.13671875
1.13671875
1.13671875
0.88671875
0.88671875
0.88671875
0.88671875
1.02734375
1.02734375
1.02734375
1.02734375
1.1015625
1.1015625
0.78125
0.78125
0.56640625
0.56640625
0.8515625
0.8515625
0.6015625
0.6015625
0.6015625
0.6015625
0.56640625
0.56640625
0.53125
0.53125
0.53125
0.53125
0.49609375
0.49609375
0.35546875
0.35546875
0.28125
0.28125
0.28125
0.28125
0.140625
0.140625
0.140625
0.140625
0.35546875
0.35546875
0.390625
0.390625
0.31640625
0.31640625
0.24609375
0.24609375
0.10546875
0.10546875
0
0
0.140625
0.140625
-0.10546875
-0.10546875
0.140625
0.140625
0.17578125
0.17578125
0.17578125
0.17578125
0.28125
0.28125
0.35546875
0.35546875
0.17578125
0.17578125
0.390625
0.390625
0
0
0.17578125
0.17578125
0.390625
0.390625
0.0703125
0.0703125
0.4609375
0.4609375
0.17578125
0.17578125
0.390625
0.390625
0.53125
0.53125
0.53125
0.53125
0.56640625
0.56640625
0.4609375
0.4609375
0.390625
0.390625
0.6015625
0.6015625
0.390625
0.390625
0.53125
0.53125
0.390625
0.390625
0.35546875
0.35546875
0.35546875
0.35546875
0.35546875
0.35546875
0.56640625
0.56640625
0.6015625
0.6015625
0.6015625
0.6015625
0.49609375
0.49609375
0.31640625
0.31640625
0.4609375
0.4609375
0.56640625
0.56640625
0.35546875
0.35546875
0.53125
0.53125
0.63671875
0.63671875
0.42578125
0.42578125
0.31640625
0.31640625
0.56640625
0.56640625
0.56640625
0.56640625
0.56640625
0.56640625
0.6015625
0.6015625
0.4609375
0.4609375
0.4609375
0.4609375
0.42578125
0.42578125
0.671875
0.671875
0.6015625
0.6015625
0.74609375
0.74609375
0.8515625
0.8515625
1.02734375
1.02734375
0.671875
0.671875
0.53125
0.53125
0.671875
0.671875
0.74609375
0.74609375
0.7109375
0.7109375
0.7109375
0.7109375
0.6015625
0.6015625
0.7109375
0.7109375
0.6015625
0.6015625
0.671875
0.671875
0.78125
0.78125
0.6015625
0.6015625
0.88671875
0.88671875
0.78125
0.78125
0.81640625
0.81640625
0.95703125
0.95703125
0.8515625
0.8515625
0.63671875
0.63671875
1.02734375
1.02734375
0.7109375
0.7109375
0.88671875
0.88671875
0.78125
0.78125
0.8515625
0.8515625
0.8515625
0.8515625
0.63671875
0.63671875
0.6015625
0.6015625
0.78125
0.78125
0.88671875
0.88671875
0.95703125
0.95703125
0.88671875
0.88671875
0.9921875
0.9921875
1.2421875
1.2421875
0.9921875
0.9921875
1.2421875
1.2421875
1.171875
1.171875
1.13671875
1.13671875
1.02734375
1.02734375
1.171875
1.171875
1.1015625
1.1015625
0.95703125
0.95703125
1.13671875
1.13671875
1.20703125
1.20703125
1.3828125
1.3828125
1.2421875
1.2421875
1.02734375
1.02734375
0.9921875
0.9921875
1.3828125
1.3828125
0.9921875
0.9921875
1.171875
1.171875
1.171875
1.171875
1.27734375
1.27734375
1.27734375
1.27734375
1.20703125
1.20703125
0.95703125
0.95703125
1.34765625
1.34765625
36.61328125
36.61328125
36.61328125
36.61328125
-2.76953125
-2.76953125
-0.8515625
-0.8515625
-2.30859375
-2.30859375
-0.78125
-0.78125
-0.78125
-0.78125
0
0
0.0703125
0.0703125
1.8125
1.8125
2.1328125
2.1328125
1.02734375
1.02734375
0.49609375
0.49609375
0.7109375
0.7109375
0.8515625
0.8515625
0.390625
0.390625
0
0
1.02734375
1.02734375
0.921875
0.921875
1.06640625
1.06640625
0.671875
0.671875
1.13671875
1.13671875
1.171875
1.171875
0.95703125
0.95703125
1.27734375
1.27734375
1.52734375
1.52734375
1.66796875
1.66796875
1.6328125
1.6328125
1.59765625
1.59765625
1.8125
1.8125
1.34765625
1.34765625
1.34765625
1.5625
1.5625
1.5625
1.59765625
1.59765625
1.421875
1.421875
1.91796875
1.91796875
1.421875
1.421875
1.52734375
1.52734375
1.6328125
1.6328125
1.34765625
1.34765625
1.45703125
0
0
0
0
0
0
0
0
0
0
0
0
0
0
0
0
0
0
0
