0.78125
0.78125
0.78125
0.7109375
0.7109375
0.53125
0.53125
0.63671875
0.63671875
1.1015625
1.1015625
6.5390625
6.5390625
3.16015625
3.16015625
2.48828125
2.48828125
1.703125
1.703125
0.6015625
0.6015625
-0.140625
-0.140625
-0.78125
-0.78125
-0.9921875
-0.9921875
0
0
1.3125
1.3125
2.2734375
2.2734375
3.66015625
3.66015625
3.26953125
3.26953125
1.73828125
1.73828125
0.78125
0.78125
-0.4609375
-0.4609375
-2.37890625
-2.37890625
-3.765625
-3.765625
-3.3046875
-3.3046875
-2.23828125
-2.23828125
-1.171875
-1.171875
-0.4609375
-0.4609375
0.42578125
0.42578125
1.59765625
1.59765625
6.46875
6.46875
10.26953125
10.26953125
11.265625
11.265625
16.3515625
16.3515625
18.234375
18.234375
17.84375
17.84375
16.3125
16.3125
16.5625
16.5625
13.86328125
13.86328125
12.4765625
12.4765625
11.62109375
11.62109375
10.51953125
10.51953125
10.4140625
10.4140625
9.7734375
9.7734375
8.88671875
8.88671875
8.6015625
8.6015625
8.63671875
8.63671875
7.99609375
7.99609375
7.99609375
7.99609375
8.1015625
8.1015625
7.890625
7.890625
8.17578125
8.17578125
7.890625
7.890625
7.7109375
7.7109375
7.85546875
7.85546875
7.53515625
7.53515625
7.25
7.25
6.89453125
6.89453125
6.64453125
6.64453125
6.43359375
6.43359375
6.11328125
6.11328125
6.04296875
6.04296875
5.54296875
5.54296875
5.1171875
5.1171875
5.22265625
5.22265625
4.51171875
4.51171875
4.8671875
4.8671875
4.546875
4.546875
4.2265625
4.2265625
3.8359375
3.8359375
3.765625
3.765625
3.9453125
3.9453125
3.8359375
3.8359375
3.91015625
3.91015625
3.73046875
3.73046875
4.015625
4.015625
4.0859375
4.0859375
3.6953125
3.6953125
3.87109375
3.87109375
4.12109375
4.12109375
3.48046875
3.48046875
3.9453125
3.9453125
4.0859375
4.0859375
4.12109375
4.12109375
3.91015625
3.91015625
4.19140625
4.19140625
3.91015625
3.91015625
4.015625
4.015625
4.30078125
4.30078125
3.91015625
3.91015625
3.91015625
3.91015625
4.12109375
4.12109375
4.4765625
4.4765625
4.44140625
4.44140625
4.40625
4.40625
4.44140625
4.44140625
4.44140625
4.44140625
4.58203125
4.58203125
5.15234375
5.15234375
4.796875
4.796875
5.1171875
5.1171875
4.7265625
4.7265625
4.9765625
4.9765625
4.83203125
4.83203125
4.7265625
4.7265625
4.69140625
4.69140625
4.51171875
4.51171875
4.9765625
4.9765625
5.08203125
5.08203125
4.83203125
4.83203125
5.15234375
5.15234375
5.29296875
5.29296875
5.1171875
5.1171875
5.40234375
5.40234375
5.3671875
5.3671875
5.3671875
5.3671875
5.6875
5.6875
5.5078125
5.5078125
5.47265625
5.47265625
5.22265625
5.22265625
5.40234375
5.40234375
5.578125
5.578125
5.3671875
5.3671875
5.47265625
5.47265625
5.6484375
5.6484375
5.5078125
5.5078125
5.3671875
5.3671875
5.79296875
5.79296875
5.4375
5.4375
5.79296875
5.79296875
5.7578125
5.7578125
5.61328125
5.61328125
5.79296875
5.79296875
5.79296875
5.79296875
5.61328125
5.61328125
6.11328125
6.11328125
6.2890625
6.2890625
5.6484375
5.6484375
5.578125
5.578125
5.86328125
5.86328125
6.21875
6.21875
6.18359375
6.18359375
6.2890625
6.2890625
6.3984375
6.3984375
6.3984375
6.3984375
6.2890625
6.2890625
6.3984375
6.3984375
6.2890625
6.2890625
6.32421875
6.32421875
6.04296875
6.04296875
5.72265625
5.72265625
6.25390625
6.25390625
6.609375
6.609375
6.18359375
6.18359375
6.25390625
6.25390625
6.21875
6.21875
6.57421875
6.57421875
6.75390625
6.75390625
6.609375
6.609375
6.2890625
6.2890625
6.2890625
6.2890625
6.7890625
6.7890625
6.57421875
6.57421875
6.359375
6.359375
6.5390625
6.5390625
6.3984375
6.3984375
6.43359375
6.43359375
6.2890625
6.2890625
6.18359375
6.18359375
6.43359375
6.43359375
6.50390625
6.50390625
6.57421875
6.57421875
6.50390625
6.50390625
6.71484375
6.71484375
6.50390625
6.50390625
6.82421875
6.82421875
6.9296875
6.9296875
6.71484375
6.71484375
6.609375
6.609375
6.859375
6.859375
7.14453125
7.14453125
6.7890625
6.7890625
6.71484375
6.71484375
7
7
6.859375
6.859375
6.89453125
6.89453125
6.7890625
6.7890625
7.03515625
7.03515625
6.7890625
6.7890625
7.14453125
7.14453125
7.1796875
7.1796875
7.21484375
7.21484375
7.3203125
7.3203125
7
7
6.859375
6.859375
7
7
7.109375
7.109375
6.96484375
6.96484375
7.14453125
7.14453125
6.96484375
6.96484375
7
7
6.89453125
6.89453125
7.03515625
7.03515625
7.25
7.25
7.21484375
7.21484375
7.03515625
7.03515625
7.35546875
7.35546875
7.60546875
7.60546875
7.5
7.5
7.3203125
7.3203125
-28.22265625
-28.22265625
-28.22265625
-28.22265625
22.25
22.25
9.84375
9.84375
6.32421875
6.32421875
4.69140625
4.69140625
4.69140625
4.69140625
6.18359375
6.18359375
6.359375
6.359375
7.14453125
7.14453125
7.109375
7.109375
7.25
7.25
7.5
7.5
7.28515625
7.28515625
7.640625
7.640625
7.3203125
7.3203125
7.78125
7.78125
7.5
7.5
7.78125
7.78125
7.640625
7.640625
7.92578125
7.92578125
7.92578125
7.92578125
7.85546875
7.85546875
8.17578125
8.17578125
8.28125
8.28125
7.99609375
7.99609375
8.28125
8.28125
8.1015625
8.1015625
8.13671875
8.13671875
8.17578125
8.17578125
8.1015625
8.1015625
8.1015625
8.06640625
8.06640625
8.06640625
7.85546875
7.85546875
8.06640625
8.06640625
8.1015625
8.1015625
7.99609375
7.99609375
8.06640625
8.06640625
8.1015625
8.1015625
8.1015625
8.1015625
8.06640625
0
0
0
0
0
0
0
0
0
0
0
0
0
0
0
0
0
0
0
