-0.17578125
-0.0703125
-0.0703125
-0.0703125
-0.0703125
-0.0703125
-0.0703125
-0.2109375
-0.2109375
-0.53125
-0.53125
5.2578125
5.2578125
2.5234375
2.5234375
2.34375
2.34375
1.27734375
1.27734375
1.02734375
1.02734375
2.203125
2.203125
4.51171875
4.51171875
10.09375
10.09375
14.25390625
14.25390625
15.921875
15.921875
14.109375
14.109375
9.203125
9.203125
2.4140625
2.4140625
-3.58984375
-3.58984375
-7.109375
-7.109375
-11.65625
-11.65625
-15.390625
-15.390625
-13.46875
-13.46875
-13.29296875
-13.29296875
-15.8515625
-15.8515625
-15
-15
-14.96484375
-14.96484375
-16.1015625
-16.1015625
-17.84375
-17.84375
-18.5546875
-18.5546875
-19.05078125
-19.05078125
-17.59375
-17.59375
-17.453125
-17.453125
-15.56640625
-15.56640625
-14.4296875
-14.4296875
-12.90234375
-12.90234375
-11.8359375
-11.8359375
-10.83984375
-10.83984375
-8.84765625
-8.84765625
-8.38671875
-8.38671875
-6.859375
-6.859375
-6.6796875
-6.6796875
-6.078125
-6.078125
-5.79296875
-5.79296875
-5.22265625
-5.22265625
-4.8671875
-4.8671875
-4.37109375
-4.37109375
-4.37109375
-4.37109375
-4.546875
-4.546875
-4.05078125
-4.05078125
-3.6953125
-3.6953125
-3.8359375
-3.8359375
-3.5546875
-3.5546875
-3.765625
-3.765625
-3.5546875
-3.5546875
-3.26953125
-3.26953125
-3.4453125
-3.4453125
-2.94921875
-2.94921875
-2.76953125
-2.76953125
-2.59375
-2.59375
-2.30859375
-2.30859375
-2.0234375
-2.0234375
-1.59765625
-1.59765625
-1.703125
-1.703125
-1.421875
-1.421875
-1.3125
-1.3125
-1.34765625
-1.34765625
-1.20703125
-1.20703125
-1.171875
-1.171875
-0.78125
-0.78125
-0.921875
-0.921875
-0.7109375
-0.7109375
-0.74609375
-0.74609375
-0.63671875
-0.63671875
-0.56640625
-0.56640625
-0.6015625
-0.6015625
-0.56640625
-0.56640625
-0.74609375
-0.74609375
-0.78125
-0.78125
-0.53125
-0.53125
-0.81640625
-0.81640625
-0.74609375
-0.74609375
-0.6015625
-0.6015625
-0.56640625
-0.56640625
-0.56640625
-0.56640625
-0.8515625
-0.8515625
-0.6015625
-0.6015625
-0.74609375
-0.74609375
-0.8515625
-0.8515625
-0.8515625
-0.8515625
-0.6015625
-0.6015625
-0.78125
-0.78125
-0.74609375
-0.74609375
-0.42578125
-0.42578125
-0.78125
-0.78125
-0.78125
-0.78125
-0.63671875
-0.63671875
-0.4609375
-0.4609375
-0.6015625
-0.6015625
-0.42578125
-0.42578125
-0.53125
-0.53125
-0.35546875
-0.35546875
-0.2109375
-0.2109375
-0.10546875
-0.10546875
-0.140625
-0.140625
-0.140625
-0.140625
-0.2109375
-0.2109375
-0.0703125
-0.0703125
-0.0703125
-0.0703125
-0.2109375
-0.2109375
-0.140625
-0.140625
0
0
-0.10546875
-0.10546875
-0.10546875
-0.10546875
0.10546875
0.10546875
-0.0703125
-0.0703125
-0.0703125
-0.0703125
0.17578125
0.17578125
0.49609375
0.49609375
0.31640625
0.31640625
0.4609375
0.4609375
0.28125
0.28125
0.2109375
0.2109375
0.28125
0.28125
0.31640625
0.31640625
0.4609375
0.4609375
0.24609375
0.24609375
0.671875
0.671875
0.7109375
0.7109375
0.671875
0.671875
0.95703125
0.95703125
0.8515625
0.8515625
1.2421875
1.2421875
0.88671875
0.88671875
0.9921875
0.9921875
0.9921875
0.9921875
1.1015625
1.1015625
1.02734375
1.02734375
1.2421875
1.2421875
1.27734375
1.27734375
0.78125
0.78125
0.95703125
0.95703125
1.171875
1.171875
1.171875
1.171875
0.95703125
0.95703125
1.13671875
1.13671875
1.45703125
1.45703125
1.20703125
1.20703125
1.27734375
1.27734375
1.3828125
1.3828125
1.20703125
1.20703125
1.59765625
1.59765625
1.2421875
1.2421875
1.3125
1.3125
1.5625
1.5625
1.5625
1.5625
1.34765625
1.34765625
1.3828125
1.3828125
1.3125
1.3125
1.3125
1.3125
1.4921875
1.4921875
1.52734375
1.52734375
1.4921875
1.4921875
1.45703125
1.45703125
1.703125
1.703125
1.8125
1.8125
1.703125
1.703125
1.4921875
1.4921875
1.3125
1.3125
1.3828125
1.3828125
1.4921875
1.4921875
1.52734375
1.52734375
1.66796875
1.66796875
1.8125
1.8125
1.4921875
1.4921875
1.77734375
1.77734375
1.91796875
1.91796875
1.703125
1.703125
1.98828125
1.98828125
1.73828125
1.73828125
1.91796875
1.91796875
1.91796875
1.91796875
1.703125
1.703125
2.09375
2.09375
1.8125
1.8125
1.59765625
1.59765625
2.0234375
2.0234375
1.66796875
1.66796875
1.98828125
1.98828125
1.8125
1.8125
1.91796875
1.91796875
1.84765625
1.84765625
1.91796875
1.91796875
2.16796875
2.16796875
2.16796875
2.16796875
1.98828125
1.98828125
1.953125
1.953125
1.84765625
1.84765625
1.8828125
1.8828125
1.91796875
1.91796875
2.05859375
2.05859375
2.1328125
2.1328125
1.73828125
1.73828125
1.91796875
1.91796875
1.84765625
1.84765625
1.84765625
1.84765625
2.5234375
2.5234375
2.2734375
2.2734375
2.1328125
2.1328125
2.203125
2.203125
2.203125
2.203125
1.8125
1.8125
1.59765625
1.59765625
1.73828125
1.73828125
1.73828125
1.73828125
1.73828125
1.73828125
1.77734375
1.77734375
1.4921875
1.4921875
1.66796875
1.66796875
1.77734375
1.77734375
1.66796875
1.66796875
1.8828125
1.8828125
1.84765625
1.84765625
1.77734375
1.77734375
1.8125
1.8125
2.09375
2.09375
2.0234375
2.0234375
2.05859375
2.05859375
2.34375
2.34375
2.4140625
2.4140625
2.0234375
2.0234375
2.4140625
2.4140625
2.48828125
2.48828125
2.62890625
2.62890625
2.84375
2.84375
2.69921875
2.69921875
2.203125
2.203125
2.4140625
2.4140625
2.62890625
2.62890625
2.4140625
2.4140625
2.4140625
2.30859375
2.30859375
2.30859375
2.55859375
2.55859375
2.4140625
2.4140625
2.5234375
2.5234375
2.6640625
2.6640625
2.734375
2.734375
2.59375
2.59375
2.4140625
2.4140625
2.34375
0
0
0
0
0
0
0
0
0
0
0
0
0
0
0
0
0
0
0
