-1.73828125
-2.48828125
-2.48828125
-1.91796875
-1.91796875
-1.98828125
-1.98828125
-3.16015625
-3.16015625
-3.6953125
-3.6953125
-3.33984375
-3.33984375
-3.26953125
-3.26953125
-3.234375
-3.234375
-4.62109375
-4.62109375
-5.4375
-5.4375
-6.1484375
-6.1484375
-5.86328125
-5.86328125
-6.00390625
-6.00390625
-3.98046875
-3.98046875
-1.5625
-1.5625
-0.74609375
-0.74609375
-0.17578125
-0.17578125
2.09375
2.09375
4.83203125
4.83203125
5.4375
5.4375
5.40234375
5.40234375
4.69140625
4.69140625
3.4453125
3.4453125
2.8046875
2.8046875
2.2734375
2.2734375
1.98828125
1.98828125
2.0234375
2.0234375
0.81640625
0.81640625
0.0703125
0.0703125
-0.35546875
-0.35546875
-2.55859375
-2.55859375
-3.48046875
-3.48046875
-5.01171875
-5.01171875
-5.2578125
-5.2578125
-7.03515625
-7.03515625
-7.3203125
-7.3203125
-7.35546875
-7.35546875
-8.671875
-8.671875
-8.671875
-8.671875
-9.09765625
-9.09765625
-9.34765625
-9.34765625
-9.453125
-9.453125
-8.45703125
-8.45703125
-8.45703125
-8.45703125
-8.45703125
-8.45703125
-8.06640625
-8.06640625
-7.21484375
-7.21484375
-7.21484375
-7.21484375
-6.7890625
-6.7890625
-5.3671875
-5.3671875
-5.22265625
-5.22265625
-4.546875
-4.546875
-4.015625
-4.015625
-3.3046875
-3.3046875
-2.76953125
-2.76953125
-2.37890625
-2.37890625
-2.1328125
-2.1328125
-1.98828125
-1.98828125
-2.16796875
-2.16796875
-1.77734375
-1.77734375
-1.6328125
-1.6328125
-1.8125
-1.8125
-1.703125
-1.703125
-1.703125
-1.703125
-2.05859375
-2.05859375
-1.91796875
-1.91796875
-1.8125
-1.8125
-1.6328125
-1.6328125
-1.66796875
-1.66796875
-1.8828125
-1.8828125
-1.98828125
-1.98828125
-1.91796875
-1.91796875
-1.953125
-1.953125
-1.84765625
-1.84765625
-1.84765625
-1.84765625
-1.73828125
-1.73828125
-1.953125
-1.953125
-2.0234375
-2.0234375
-1.77734375
-1.77734375
-1.5625
-1.5625
-1.3828125
-1.3828125
-1.703125
-1.703125
-1.77734375
-1.77734375
-1.421875
-1.421875
-1.59765625
-1.59765625
-1.45703125
-1.45703125
-1.5625
-1.5625
-1.3828125
-1.3828125
-1.421875
-1.421875
-1.421875
-1.421875
-1.1015625
-1.1015625
-1.20703125
-1.20703125
-1.02734375
-1.02734375
-1.27734375
-1.27734375
-0.8515625
-0.8515625
-0.8515625
-0.8515625
-1.20703125
-1.20703125
-1.3828125
-1.3828125
-1.1015625
-1.1015625
-1.1015625
-1.1015625
-1.45703125
-1.45703125
-1.1015625
-1.1015625
-1.06640625
-1.06640625
-1.20703125
-1.20703125
-0.88671875
-0.88671875
-1.2421875
-1.2421875
-1.06640625
-1.06640625
-1.171875
-1.171875
-1.20703125
-1.20703125
-1.34765625
-1.34765625
-1.171875
-1.171875
-1.45703125
-1.45703125
-1.06640625
-1.06640625
-1.34765625
-1.34765625
-1.13671875
-1.13671875
-1.34765625
-1.34765625
-1.06640625
-1.06640625
-0.88671875
-0.88671875
-1.45703125
-1.45703125
-1.3125
-1.3125
-0.921875
-0.921875
-1.06640625
-1.06640625
-1.27734375
-1.27734375
-1.34765625
-1.34765625
-1.20703125
-1.20703125
-1.1015625
-1.1015625
-0.95703125
-0.95703125
-1.2421875
-1.2421875
-1.6328125
-1.6328125
-1.06640625
-1.06640625
-1.20703125
-1.20703125
-1.3125
-1.3125
-1.27734375
-1.27734375
-0.95703125
-0.95703125
-1.06640625
-1.06640625
-1.3125
-1.3125
-1.171875
-1.171875
-1.171875
-1.171875
-0.78125
-0.78125
-1.2421875
-1.2421875
-1.1015625
-1.1015625
-1.171875
-1.171875
-1.06640625
-1.06640625
-1.06640625
-1.06640625
-0.921875
-0.921875
-1.2421875
-1.2421875
-1.06640625
-1.06640625
-1.27734375
-1.27734375
-1.3828125
-1.3828125
-1.34765625
-1.34765625
-1.1015625
-1.1015625
-1.171875
-1.171875
-1.02734375
-1.02734375
-1.06640625
-1.06640625
-1.20703125
-1.20703125
-1.171875
-1.171875
-1.06640625
-1.06640625
-1.171875
-1.171875
-1.171875
-1.171875
-1.171875
-1.171875
-1.2421875
-1.2421875
-1.3125
-1.3125
-1.20703125
-1.20703125
-1.27734375
-1.27734375
-1.171875
-1.171875
-1.2421875
-1.2421875
-1.20703125
-1.20703125
-1.20703125
-1.20703125
-1.06640625
-1.06640625
-1.02734375
-1.02734375
-1.2421875
-1.2421875
-1.421875
-1.421875
-1.27734375
-1.27734375
-1.2421875
-1.2421875
-1.27734375
-1.27734375
-1.171875
-1.171875
-1.34765625
-1.34765625
-1.27734375
-1.27734375
-1.45703125
-1.45703125
-1.3828125
-1.3828125
-1.171875
-1.171875
-1.45703125
-1.45703125
-1.5625
-1.5625
-1.13671875
-1.13671875
-1.171875
-1.171875
-1.73828125
-1.73828125
-1.45703125
-1.45703125
-1.703125
-1.703125
-1.3125
-1.3125
-1.4921875
-1.4921875
-1.2421875
-1.2421875
-1.73828125
-1.73828125
-1.45703125
-1.45703125
-1.45703125
-1.45703125
-1.3125
-1.3125
-0.921875
-0.921875
-1.20703125
-1.20703125
-1.4921875
-1.4921875
-1.02734375
-1.02734375
-1.13671875
-1.13671875
-1.5625
-1.5625
-1.171875
-1.171875
-1.421875
-1.421875
-1.34765625
-1.34765625
-1.2421875
-1.2421875
-1.2421875
-1.2421875
-0.921875
-0.921875
-1.45703125
-1.45703125
-1.20703125
-1.20703125
-1.3125
-1.3125
-1.3125
-1.3125
-1.171875
-1.171875
-1.34765625
-1.34765625
-1.5625
-1.5625
-1.91796875
-1.91796875
-1.91796875
-1.91796875
-1.8125
-1.8125
-1.34765625
-1.34765625
-1.45703125
-1.45703125
-0.9921875
-0.9921875
-1.3828125
-1.3828125
-1.06640625
-1.06640625
-1.5625
-1.5625
-1.3828125
-1.3828125
-1.66796875
-1.66796875
-1.84765625
-1.84765625
-1.45703125
-1.45703125
-1.73828125
-1.73828125
-1.6328125
-1.6328125
-1.3828125
-1.3828125
-1.421875
-1.421875
-1.5625
-1.5625
-1.421875
-1.421875
-1.421875
-1.421875
-1.20703125
-1.20703125
-1.421875
-1.421875
-1.2421875
-1.2421875
-1.13671875
-1.13671875
-1.421875
-1.421875
-1.421875
-1.421875
-1.421875
-1.3828125
-1.3828125
-1.3828125
-1.5625
-1.5625
-1.34765625
-1.34765625
-1.4921875
-1.4921875
-1.20703125
-1.20703125
-1.20703125
-1.20703125
-1.2421875
-1.2421875
-1.34765625
-1.34765625
-1.421875
0
0
0
0
0
0
0
0
0
0
0
0
0
0
0
0
0
0
0
