-0.03515625
0.74609375
0.74609375
0.53125
0.53125
0.81640625
0.81640625
1.421875
1.421875
2.62890625
2.62890625
9.87890625
9.87890625
6.75390625
6.75390625
4.796875
4.796875
4.3359375
4.3359375
3.58984375
3.58984375
2.87890625
2.87890625
2.59375
2.59375
2.05859375
2.05859375
1.703125
1.703125
0.4609375
0.4609375
0.42578125
0.42578125
0.74609375
0.74609375
-0.56640625
-0.56640625
-1.5625
-1.5625
-1.8125
-1.8125
-2.34375
-2.34375
-0.9921875
-0.9921875
1.13671875
1.13671875
9.02734375
9.02734375
10.26953125
10.26953125
13.11328125
13.11328125
14.5
14.5
16.8828125
16.8828125
16.953125
16.953125
16.91796875
16.91796875
15.3203125
15.3203125
14.1796875
14.1796875
11.0546875
11.0546875
9.3125
9.3125
7.14453125
7.14453125
5.6875
5.6875
4.7265625
4.7265625
4.12109375
4.12109375
3.48046875
3.48046875
3.4453125
3.4453125
3.48046875
3.48046875
3.0546875
3.0546875
3.26953125
3.26953125
3.3046875
3.3046875
2.69921875
2.69921875
2.5234375
2.5234375
3.08984375
3.08984375
3.08984375
3.08984375
3.515625
3.515625
3.625
3.625
4.44140625
4.44140625
4.9375
4.9375
4.796875
4.796875
5.01171875
5.01171875
5.4375
5.4375
5.4375
5.4375
5.6484375
5.6484375
5.79296875
5.79296875
5.93359375
5.93359375
5.2578125
5.2578125
5.1875
5.1875
5.15234375
5.15234375
5.08203125
5.08203125
4.62109375
4.62109375
4.2265625
4.2265625
3.98046875
3.98046875
4.05078125
4.05078125
4.15625
4.15625
3.98046875
3.98046875
3.625
3.625
3.6953125
3.6953125
3.33984375
3.33984375
3.5546875
3.5546875
3.375
3.375
3.234375
3.234375
3.26953125
3.26953125
3.4453125
3.4453125
3.3046875
3.3046875
3.16015625
3.16015625
3.125
3.125
3.16015625
3.16015625
2.9140625
2.9140625
3.08984375
3.08984375
3.125
3.125
3.16015625
3.16015625
3.19921875
3.19921875
3.234375
3.234375
3.19921875
3.19921875
2.6640625
2.6640625
2.6640625
2.6640625
2.87890625
2.87890625
2.9140625
2.9140625
2.6640625
2.6640625
2.6640625
2.6640625
2.84375
2.84375
2.84375
2.84375
2.84375
2.84375
2.984375
2.984375
2.84375
2.84375
2.62890625
2.62890625
3.0546875
3.0546875
3.16015625
3.16015625
2.9140625
2.9140625
2.87890625
2.87890625
3.375
3.375
3.125
3.125
3.515625
3.515625
3.33984375
3.33984375
3.125
3.125
3.16015625
3.16015625
3.4453125
3.4453125
3.4453125
3.4453125
3.19921875
3.19921875
3.3046875
3.3046875
3.625
3.625
3.48046875
3.48046875
3.33984375
3.33984375
3.515625
3.515625
3.125
3.125
3.33984375
3.33984375
3.26953125
3.26953125
3.3046875
3.3046875
3.48046875
3.48046875
3.26953125
3.26953125
3.16015625
3.16015625
3.515625
3.515625
3.08984375
3.08984375
3.01953125
3.01953125
3.4453125
3.4453125
3.3046875
3.3046875
2.984375
2.984375
3.3046875
3.3046875
3.3046875
3.3046875
3.3046875
3.3046875
3.48046875
3.48046875
3.48046875
3.48046875
3.515625
3.515625
3.73046875
3.73046875
3.26953125
3.26953125
3.26953125
3.26953125
3.4453125
3.4453125
3.48046875
3.48046875
3.3046875
3.3046875
3.3046875
3.3046875
3.234375
3.234375
3.26953125
3.26953125
3.33984375
3.33984375
3.4453125
3.4453125
3.375
3.375
3.4453125
3.4453125
3.515625
3.515625
3.5546875
3.5546875
3.33984375
3.33984375
3.765625
3.765625
3.33984375
3.33984375
3.73046875
3.73046875
3.58984375
3.58984375
3.6953125
3.6953125
3.625
3.625
3.625
3.625
3.375
3.375
3.6953125
3.6953125
3.5546875
3.5546875
3.515625
3.515625
3.375
3.375
3.375
3.375
3.58984375
3.58984375
3.515625
3.515625
3.41015625
3.41015625
3.515625
3.515625
3.33984375
3.33984375
3.8359375
3.8359375
3.73046875
3.73046875
3.73046875
3.73046875
3.5546875
3.5546875
3.625
3.625
3.3046875
3.3046875
3.41015625
3.41015625
3.6953125
3.6953125
3.41015625
3.41015625
3.66015625
3.66015625
3.58984375
3.58984375
3.58984375
3.58984375
3.765625
3.765625
3.66015625
3.66015625
3.625
3.625
3.73046875
3.73046875
3.625
3.625
3.765625
3.765625
3.66015625
3.66015625
3.66015625
3.66015625
3.5546875
3.5546875
3.66015625
3.66015625
3.66015625
3.66015625
3.73046875
3.73046875
3.73046875
3.73046875
3.58984375
3.58984375
3.73046875
3.73046875
3.5546875
3.5546875
3.48046875
3.48046875
3.5546875
3.5546875
3.66015625
3.66015625
3.4453125
3.4453125
3.375
3.375
3.66015625
3.66015625
3.5546875
3.5546875
3.6953125
3.6953125
3.87109375
3.87109375
3.5546875
3.5546875
3.515625
3.515625
3.515625
3.515625
3.19921875
3.19921875
3.91015625
3.91015625
4.0859375
4.0859375
3.80078125
3.80078125
3.80078125
3.80078125
3.73046875
3.73046875
3.515625
3.515625
3.515625
3.515625
3.625
3.625
4.37109375
4.37109375
3.98046875
3.98046875
4.15625
4.15625
3.58984375
3.58984375
3.8359375
3.8359375
3.6953125
3.6953125
4.015625
4.015625
4.05078125
4.05078125
3.98046875
3.98046875
3.515625
3.515625
3.98046875
3.98046875
3.5546875
3.5546875
4.15625
4.15625
4.05078125
4.05078125
4.0859375
4.0859375
4.2265625
4.2265625
3.91015625
3.91015625
3.98046875
3.98046875
3.91015625
3.91015625
3.91015625
3.91015625
3.91015625
4.12109375
4.12109375
4.12109375
3.91015625
3.91015625
3.80078125
3.80078125
3.80078125
3.80078125
3.80078125
3.80078125
3.9453125
3.9453125
3.91015625
3.91015625
3.98046875
3.98046875
3.87109375
0
0
0
0
0
0
0
0
0
0
0
0
0
0
0
0
0
0
0
