1.73828125
1.6328125
1.6328125
1.91796875
1.91796875
1.91796875
1.91796875
1.8125
1.8125
1.45703125
1.45703125
0.28125
0.28125
0.56640625
0.56640625
1.171875
1.171875
1.6328125
1.6328125
1.84765625
1.84765625
1.66796875
1.66796875
1.6328125
1.6328125
1.5625
1.5625
1.4921875
1.4921875
1.73828125
1.73828125
1.66796875
1.66796875
1.91796875
1.91796875
1.73828125
1.73828125
1.73828125
1.73828125
1.703125
1.703125
1.91796875
1.91796875
1.703125
1.703125
1.84765625
1.84765625
1.66796875
1.66796875
1.52734375
1.52734375
1.703125
1.703125
1.66796875
1.66796875
1.66796875
1.66796875
1.5625
1.5625
1.4921875
1.4921875
1.34765625
1.34765625
1.3828125
1.3828125
1.703125
1.703125
1.02734375
1.02734375
1.02734375
1.02734375
1.2421875
1.2421875
1.34765625
1.34765625
1.66796875
1.66796875
1.45703125
1.45703125
2.0234375
2.0234375
1.6328125
1.6328125
1.6328125
1.6328125
1.77734375
1.77734375
1.98828125
1.98828125
1.91796875
1.91796875
2.0234375
2.0234375
1.953125
1.953125
1.77734375
1.77734375
1.98828125
1.98828125
2.16796875
2.16796875
1.98828125
1.98828125
1.84765625
1.84765625
1.77734375
1.77734375
1.84765625
1.84765625
2.05859375
2.05859375
1.84765625
1.84765625
1.8828125
1.8828125
1.8828125
1.8828125
2.09375
2.09375
1.703125
1.703125
1.4921875
1.4921875
1.66796875
1.66796875
1.66796875
1.66796875
1.421875
1.421875
1.45703125
1.45703125
1.4921875
1.4921875
1.52734375
1.52734375
1.27734375
1.27734375
0.53125
0.53125
0.9921875
0.9921875
0.81640625
0.81640625
0.671875
0.671875
0.42578125
0.42578125
0.7109375
0.7109375
0.63671875
0.63671875
0.17578125
0.17578125
0.28125
0.28125
0
0
0
0
-0.03515625
-0.03515625
-0.03515625
-0.03515625
0.0703125
0.0703125
-0.2109375
-0.2109375
-0.03515625
-0.03515625
-0.2109375
-0.2109375
-0.03515625
-0.03515625
-0.140625
-0.140625
0.0703125
0.0703125
0
0
0
0
0.2109375
0.2109375
0.24609375
0.24609375
0.35546875
0.35546875
0.56640625
0.56640625
0.78125
0.78125
0.81640625
0.81640625
1.06640625
1.06640625
1.171875
1.171875
1.3125
1.3125
1.6328125
1.6328125
1.6328125
1.6328125
1.84765625
1.84765625
2.203125
2.203125
2.30859375
2.30859375
2.05859375
2.05859375
2.59375
2.59375
2.59375
2.59375
3.0546875
3.0546875
3.26953125
3.26953125
3.26953125
3.26953125
3.625
3.625
3.80078125
3.80078125
3.91015625
3.91015625
3.98046875
3.98046875
4.015625
4.015625
4.2265625
4.2265625
4.2265625
4.2265625
4.40625
4.40625
4.69140625
4.69140625
4.90234375
4.90234375
4.90234375
4.90234375
5.40234375
5.40234375
5.33203125
5.33203125
5.828125
5.828125
6.25390625
6.25390625
6.64453125
6.64453125
7.03515625
7.03515625
7.5703125
7.5703125
7.67578125
7.67578125
7.99609375
7.99609375
8.421875
8.421875
8.6015625
8.6015625
8.6015625
8.6015625
9.59765625
9.59765625
9.453125
9.453125
9.9140625
9.9140625
9.87890625
9.87890625
10.5546875
10.5546875
10.44921875
10.44921875
10.83984375
10.83984375
11.16015625
11.16015625
11.55078125
11.55078125
11.87109375
11.87109375
11.69140625
11.69140625
12.40234375
12.40234375
12.19140625
12.19140625
12.6875
12.6875
13.54296875
13.54296875
13.5078125
13.5078125
14.109375
14.109375
13.93359375
13.93359375
14.609375
14.609375
15.0703125
15.0703125
15.390625
15.390625
15.53125
15.53125
15.67578125
15.67578125
16.03125
16.03125
16.20703125
16.20703125
15.56640625
15.56640625
16.5625
16.5625
16.8828125
16.8828125
18.1640625
18.1640625
17.0625
17.0625
17.23828125
17.23828125
17.1328125
17.1328125
17.69921875
17.69921875
17.734375
17.734375
18.19921875
18.19921875
17.30859375
17.30859375
18.83984375
18.83984375
18.41015625
18.41015625
18.234375
18.234375
19.40625
19.40625
18.0546875
18.0546875
18.375
18.375
17.37890625
17.37890625
18.08984375
18.08984375
18.41015625
18.41015625
17.94921875
17.94921875
18.375
18.375
18.01953125
18.01953125
16.27734375
16.27734375
16.27734375
16.27734375
19.37109375
19.37109375
21.328125
21.328125
17.23828125
17.23828125
17.734375
17.734375
17.37890625
17.37890625
17.0625
17.0625
15.6015625
15.6015625
19.265625
19.265625
17.2734375
17.2734375
13.82421875
13.82421875
8.45703125
8.45703125
12.83203125
12.83203125
11.73046875
11.73046875
11.73046875
11.73046875
12.01171875
12.01171875
12.01171875
12.01171875
11.9765625
11.9765625
12.58203125
12.58203125
10.12890625
0
0
0
0
0
0
0
0
0
0
0
0
0
0
0
0
0
0
0
0
0
0
0
0
0
0
0
0
0
0
0
0
0
0
0
