2.62890625
3.08984375
3.08984375
5.6484375
5.6484375
7.21484375
7.21484375
7.78125
7.78125
9.66796875
9.66796875
30.49609375
30.49609375
34.23046875
34.23046875
36.18359375
36.18359375
37.109375
37.109375
37.07421875
37.07421875
36.89453125
36.89453125
36.61328125
36.61328125
35.9375
35.9375
31.5625
31.5625
27.19140625
27.19140625
24.27734375
24.27734375
20.86328125
20.86328125
18.41015625
18.41015625
16.91796875
16.91796875
15.390625
15.390625
13.68359375
13.68359375
12.33203125
12.33203125
11.80078125
11.80078125
11.3359375
11.3359375
11.23046875
11.23046875
10.91015625
10.91015625
10.484375
10.484375
10.76953125
10.76953125
9.87890625
9.87890625
9.09765625
9.09765625
8.7421875
8.7421875
9.16796875
9.16796875
7.25
7.25
7.78125
7.78125
8.06640625
8.06640625
7.9609375
7.9609375
8.38671875
8.38671875
7.9609375
7.9609375
7.74609375
7.74609375
8.13671875
8.13671875
7.78125
7.78125
7.5
7.5
7.3203125
7.3203125
7
7
6.1484375
6.1484375
5.86328125
5.86328125
5.046875
5.046875
5.046875
5.046875
4.62109375
4.62109375
4.40625
4.40625
4.2265625
4.2265625
4.05078125
4.05078125
3.6953125
3.6953125
3.58984375
3.58984375
3.125
3.125
3.125
3.125
3.125
3.125
3.48046875
3.48046875
2.734375
2.734375
2.87890625
2.87890625
2.94921875
2.94921875
3.01953125
3.01953125
2.734375
2.734375
3.01953125
3.01953125
2.8046875
2.8046875
2.87890625
2.87890625
3.08984375
3.08984375
2.69921875
2.69921875
2.84375
2.84375
2.87890625
2.87890625
2.8046875
2.8046875
2.6640625
2.6640625
2.4140625
2.4140625
2.44921875
2.44921875
2.37890625
2.37890625
1.953125
1.953125
2.09375
2.09375
1.98828125
1.98828125
1.77734375
1.77734375
2.1328125
2.1328125
1.73828125
1.73828125
1.4921875
1.4921875
1.52734375
1.52734375
1.91796875
1.91796875
1.73828125
1.73828125
1.4921875
1.4921875
1.73828125
1.73828125
1.73828125
1.73828125
1.34765625
1.34765625
1.34765625
1.34765625
1.6328125
1.6328125
1.84765625
1.84765625
1.4921875
1.4921875
1.84765625
1.84765625
1.703125
1.703125
1.703125
1.703125
1.77734375
1.77734375
2.1328125
2.1328125
1.8125
1.8125
1.953125
1.953125
1.84765625
1.84765625
1.77734375
1.77734375
1.59765625
1.59765625
1.77734375
1.77734375
1.703125
1.703125
1.66796875
1.66796875
1.77734375
1.77734375
1.66796875
1.66796875
1.953125
1.953125
1.953125
1.953125
1.52734375
1.52734375
1.77734375
1.77734375
1.8125
1.8125
1.703125
1.703125
1.8125
1.8125
1.6328125
1.6328125
1.98828125
1.98828125
1.66796875
1.66796875
1.8828125
1.8828125
1.59765625
1.59765625
1.6328125
1.6328125
1.84765625
1.84765625
1.91796875
1.91796875
1.66796875
1.66796875
1.66796875
1.66796875
1.703125
1.703125
1.8125
1.8125
1.4921875
1.4921875
1.66796875
1.66796875
1.703125
1.703125
1.84765625
1.84765625
1.66796875
1.66796875
1.66796875
1.66796875
1.73828125
1.73828125
1.6328125
1.6328125
1.421875
1.421875
1.77734375
1.77734375
1.84765625
1.84765625
1.52734375
1.52734375
1.703125
1.703125
1.73828125
1.73828125
1.77734375
1.77734375
1.703125
1.703125
1.703125
1.703125
1.421875
1.421875
1.59765625
1.59765625
1.5625
1.5625
1.73828125
1.73828125
1.8828125
1.8828125
1.59765625
1.59765625
1.66796875
1.66796875
1.77734375
1.77734375
1.421875
1.421875
1.703125
1.703125
1.5625
1.5625
1.91796875
1.91796875
2.0234375
2.0234375
1.59765625
1.59765625
1.52734375
1.52734375
1.52734375
1.52734375
1.52734375
1.52734375
1.84765625
1.84765625
1.84765625
1.84765625
1.421875
1.421875
1.84765625
1.84765625
1.77734375
1.77734375
1.52734375
1.52734375
1.8125
1.8125
1.421875
1.421875
1.59765625
1.59765625
1.5625
1.5625
1.66796875
1.66796875
1.77734375
1.77734375
1.73828125
1.73828125
1.77734375
1.77734375
1.66796875
1.66796875
1.77734375
1.77734375
1.3125
1.3125
1.4921875
1.4921875
1.5625
1.5625
1.421875
1.421875
1.45703125
1.45703125
1.73828125
1.73828125
1.52734375
1.52734375
1.45703125
1.45703125
1.421875
1.421875
1.421875
1.421875
1.34765625
1.34765625
1.59765625
1.59765625
1.4921875
1.4921875
1.34765625
1.34765625
1.45703125
1.45703125
1.3125
1.3125
1.34765625
1.34765625
1.45703125
1.45703125
1.84765625
1.84765625
1.45703125
1.45703125
1.4921875
1.4921875
1.45703125
1.45703125
1.34765625
1.34765625
1.4921875
1.4921875
1.52734375
1.52734375
1.45703125
1.45703125
1.45703125
1.45703125
1.34765625
1.34765625
1.13671875
1.13671875
1.34765625
1.34765625
1.171875
1.171875
1.34765625
1.34765625
1.27734375
1.27734375
1.27734375
1.27734375
1.2421875
1.2421875
1.13671875
1.13671875
1.34765625
1.34765625
1.06640625
1.06640625
1.06640625
1.06640625
1.171875
1.171875
1.06640625
1.06640625
1.3125
1.3125
1.06640625
1.06640625
1.34765625
1.34765625
1.4921875
1.4921875
1.20703125
1.20703125
0.921875
0.921875
1.2421875
1.2421875
1.13671875
1.13671875
1.27734375
1.27734375
1.52734375
1.52734375
1.3125
1.3125
1.6328125
1.6328125
1.73828125
1.73828125
1.52734375
1.52734375
1.66796875
1.66796875
1.91796875
1.91796875
1.52734375
1.52734375
1.73828125
1.73828125
1.703125
1.703125
1.34765625
1.34765625
1.52734375
1.52734375
1.52734375
1.52734375
1.52734375
1.20703125
1.20703125
1.20703125
1.421875
1.421875
1.27734375
1.27734375
1.1015625
1.1015625
1.2421875
1.2421875
1.421875
1.421875
1.1015625
1.1015625
1.34765625
1.34765625
1.3828125
0
0
0
0
0
0
0
0
0
0
0
0
0
0
0
0
0
0
0
