-5.40234375
-5.5078125
-5.5078125
-5.8984375
-5.8984375
-5.8984375
-5.8984375
-5.6484375
-5.6484375
-5.96875
-5.96875
-0.17578125
-0.17578125
-0.671875
-0.671875
-0.81640625
-0.81640625
-0.6015625
-0.6015625
-0.63671875
-0.63671875
-1.4921875
-1.4921875
-1.2421875
-1.2421875
-0.63671875
-0.63671875
-0.6015625
-0.6015625
-0.2109375
-0.2109375
0
0
0.2109375
0.2109375
0.4609375
0.4609375
0.24609375
0.24609375
0.24609375
0.24609375
-0.0703125
-0.0703125
0.03515625
0.03515625
-0.03515625
-0.03515625
-0.03515625
-0.03515625
-0.03515625
-0.03515625
-0.10546875
-0.10546875
-0.03515625
-0.03515625
-0.2109375
-0.2109375
-0.0703125
-0.0703125
0.140625
0.140625
0
0
-0.10546875
-0.10546875
0
0
-0.28125
-0.28125
-0.28125
-0.28125
-0.10546875
-0.10546875
-0.03515625
-0.03515625
-0.03515625
-0.03515625
-0.2109375
-0.2109375
0.0703125
0.0703125
-0.140625
-0.140625
0.0703125
0.0703125
-0.2109375
-0.2109375
-0.2109375
-0.2109375
-0.24609375
-0.24609375
-0.0703125
-0.0703125
-0.140625
-0.140625
-0.31640625
-0.31640625
-0.10546875
-0.10546875
0.0703125
0.0703125
-0.390625
-0.390625
-0.42578125
-0.42578125
-0.4609375
-0.4609375
-0.2109375
-0.2109375
-0.140625
-0.140625
-0.140625
-0.140625
-0.03515625
-0.03515625
-0.03515625
-0.03515625
-0.31640625
-0.31640625
-0.31640625
-0.31640625
-0.56640625
-0.56640625
-0.24609375
-0.24609375
-0.35546875
-0.35546875
-0.17578125
-0.17578125
-0.10546875
-0.10546875
-0.10546875
-0.10546875
0
0
-0.2109375
-0.2109375
-0.03515625
-0.03515625
-0.2109375
-0.2109375
-0.0703125
-0.0703125
0.03515625
0.03515625
0
0
0.0703125
0.0703125
0.03515625
0.03515625
0.10546875
0.10546875
0.03515625
0.03515625
0.0703125
0.0703125
0
0
0.35546875
0.35546875
0.03515625
0.03515625
0
0
0.140625
0.140625
0
0
0.17578125
0.17578125
0.28125
0.28125
0.17578125
0.17578125
0.28125
0.28125
0.31640625
0.31640625
0.140625
0.140625
0.2109375
0.2109375
0.35546875
0.35546875
0.53125
0.53125
0.31640625
0.31640625
0.4609375
0.4609375
0.74609375
0.74609375
0.35546875
0.35546875
-0.17578125
-0.17578125
0.0703125
0.0703125
0.2109375
0.2109375
0.2109375
0.2109375
-0.28125
-0.28125
0.03515625
0.03515625
-0.140625
-0.140625
-0.31640625
-0.31640625
-0.53125
-0.53125
-0.6015625
-0.6015625
-0.42578125
-0.42578125
-0.9921875
-0.9921875
-0.63671875
-0.63671875
-1.02734375
-1.02734375
-1.13671875
-1.13671875
-1.27734375
-1.27734375
-1.34765625
-1.34765625
-1.27734375
-1.27734375
-1.421875
-1.421875
-1.421875
-1.421875
-1.421875
-1.421875
-1.703125
-1.703125
-1.66796875
-1.66796875
-1.77734375
-1.77734375
-1.73828125
-1.73828125
-1.77734375
-1.77734375
-1.8125
-1.8125
-2.16796875
-2.16796875
-1.98828125
-1.98828125
-1.84765625
-1.84765625
-2.05859375
-2.05859375
-2.0234375
-2.0234375
-2.0234375
-2.0234375
-1.98828125
-1.98828125
-2.4140625
-2.4140625
-2.4140625
-2.4140625
-1.8828125
-1.8828125
-1.5625
-1.5625
-1.84765625
-1.84765625
-1.8125
-1.8125
-1.8125
-1.8125
-1.953125
-1.953125
-1.953125
-1.953125
-1.953125
-1.953125
-2.0234375
-2.0234375
-1.98828125
-1.98828125
-2.1328125
-2.1328125
-1.8828125
-1.8828125
-1.8828125
-1.8828125
-2.1328125
-2.1328125
-1.66796875
-1.66796875
-1.66796875
-1.66796875
-1.91796875
-1.91796875
-1.6328125
-1.6328125
-1.6328125
-1.6328125
-1.8125
-1.8125
-1.77734375
-1.77734375
-1.84765625
-1.84765625
-1.8828125
-1.8828125
-1.8828125
-1.8828125
-1.6328125
-1.6328125
-1.84765625
-1.84765625
-1.6328125
-1.6328125
-1.77734375
-1.77734375
-1.6328125
-1.6328125
-1.45703125
-1.45703125
-1.2421875
-1.2421875
-1.27734375
-1.27734375
-1.02734375
-1.02734375
-1.20703125
-1.20703125
-1.20703125
-1.20703125
-0.78125
-0.78125
-1.02734375
-1.02734375
-0.9921875
-0.9921875
-1.02734375
-1.02734375
-0.78125
-0.78125
-0.7109375
-0.7109375
-1.1015625
-1.1015625
-0.81640625
-0.81640625
-0.49609375
-0.49609375
-0.24609375
-0.24609375
-0.42578125
-0.42578125
-0.4609375
-0.4609375
-0.35546875
-0.35546875
-0.35546875
-0.35546875
-0.35546875
-0.35546875
0.2109375
0.2109375
0.31640625
0.31640625
0.53125
0.53125
0.921875
0.921875
1.20703125
1.20703125
1.421875
1.421875
1.45703125
1.45703125
1.84765625
1.84765625
2.0234375
2.0234375
1.8828125
1.8828125
2.203125
2.203125
2.48828125
2.48828125
2.94921875
2.94921875
2.94921875
2.94921875
3.01953125
3.01953125
3.01953125
3.01953125
2.87890625
2.87890625
3.234375
3.234375
3.48046875
0
0
0
0
0
0
0
0
0
0
0
0
0
0
0
0
0
0
0
0
0
0
0
0
0
0
0
0
0
0
0
0
0
0
0
