0.81640625
0.95703125
0.95703125
1.3828125
1.3828125
1.3828125
1.3828125
0.78125
0.78125
1.3828125
1.3828125
13.29296875
13.29296875
11.765625
11.765625
10.44921875
10.44921875
7.5
7.5
7.03515625
7.03515625
8.77734375
8.77734375
7.85546875
7.85546875
9.34765625
9.34765625
10.484375
10.484375
10.30859375
10.30859375
9.3125
9.3125
7.85546875
7.85546875
6.96484375
6.96484375
4.69140625
4.69140625
4.015625
4.015625
2.84375
2.84375
3.234375
3.234375
3.234375
3.234375
3.01953125
3.01953125
3.08984375
3.08984375
2.8046875
2.8046875
3.3046875
3.3046875
3.19921875
3.19921875
3.4453125
3.4453125
3.26953125
3.26953125
3.125
3.125
3.01953125
3.01953125
2.76953125
2.76953125
3.01953125
3.01953125
3.01953125
3.01953125
4.265625
4.265625
3.375
3.375
3.66015625
3.66015625
3.6953125
3.6953125
4.30078125
4.30078125
4.30078125
4.30078125
4.2265625
4.2265625
3.87109375
3.87109375
4.15625
4.15625
5.01171875
5.01171875
5.08203125
5.08203125
5.08203125
5.08203125
5.5078125
5.5078125
6.1484375
6.1484375
5.578125
5.578125
5.6875
5.6875
5.4375
5.4375
6.11328125
6.11328125
6.00390625
6.00390625
6.00390625
6.00390625
6.3984375
6.3984375
6.609375
6.609375
6.43359375
6.43359375
6.11328125
6.11328125
6.00390625
6.00390625
6.04296875
6.04296875
5.8984375
5.8984375
6.078125
6.078125
5.6875
5.6875
5.79296875
5.79296875
5.61328125
5.61328125
6.32421875
6.32421875
4.9765625
4.9765625
4.7265625
4.7265625
5.54296875
5.54296875
5.5078125
5.5078125
4.65625
4.65625
4.546875
4.546875
5.046875
5.046875
4.37109375
4.37109375
4.76171875
4.76171875
4.37109375
4.37109375
4.37109375
4.37109375
4.12109375
4.12109375
4.015625
4.015625
3.91015625
3.91015625
3.5546875
3.5546875
3.91015625
3.91015625
3.234375
3.234375
3.6953125
3.6953125
3.66015625
3.66015625
3.87109375
3.87109375
3.41015625
3.41015625
3.87109375
3.87109375
3.3046875
3.3046875
3.125
3.125
3.73046875
3.73046875
3.125
3.125
2.94921875
2.94921875
3.19921875
3.19921875
3.0546875
3.0546875
2.9140625
2.9140625
2.984375
2.984375
2.37890625
2.37890625
2.48828125
2.48828125
2.48828125
2.48828125
2.1328125
2.1328125
2.09375
2.09375
1.421875
1.421875
1.66796875
1.66796875
1.1015625
1.1015625
0.9921875
0.9921875
0.390625
0.390625
0.74609375
0.74609375
-0.140625
-0.140625
0
0
-0.2109375
-0.2109375
-0.2109375
-0.2109375
-0.2109375
-0.2109375
-0.7109375
-0.7109375
-1.66796875
-1.66796875
-1.66796875
-1.66796875
-1.77734375
-1.77734375
-2.05859375
-2.05859375
-2.62890625
-2.62890625
-2.84375
-2.84375
-3.01953125
-3.01953125
-3.4453125
-3.4453125
-3.8359375
-3.8359375
-3.91015625
-3.91015625
-4.90234375
-4.90234375
-5.046875
-5.046875
-4.83203125
-4.83203125
-5.3671875
-5.3671875
-5.6875
-5.6875
-5.79296875
-5.79296875
-5.93359375
-5.93359375
-5.93359375
-5.93359375
-6.359375
-6.359375
-6.5390625
-6.5390625
-6.6796875
-6.6796875
-6.89453125
-6.89453125
-7.03515625
-7.03515625
-7.21484375
-7.21484375
-7.85546875
-7.85546875
-7.85546875
-7.85546875
-8.6015625
-8.6015625
-8.2109375
-8.2109375
-8.3515625
-8.3515625
-8.56640625
-8.56640625
-9.3828125
-9.3828125
-9.5234375
-9.5234375
-10.09375
-10.09375
-10.4140625
-10.4140625
-10.5546875
-10.5546875
-11.4453125
-11.4453125
-11.0546875
-11.0546875
-11.62109375
-11.62109375
-11.62109375
-11.62109375
-11.90625
-11.90625
-12.046875
-12.046875
-11.4453125
-11.4453125
-12.0859375
-12.0859375
-11.94140625
-11.94140625
-12.2265625
-12.2265625
-11.87109375
-11.87109375
-12.796875
-12.796875
-12.6875
-12.6875
-12.796875
-12.796875
-12.8671875
-12.8671875
-12.9375
-12.9375
-13.36328125
-13.36328125
-12.8671875
-12.8671875
-13.04296875
-13.04296875
-13.15234375
-13.15234375
-12.9375
-12.9375
-13.2578125
-13.2578125
-12.6875
-12.6875
-12.97265625
-12.97265625
-13.328125
-13.328125
-13.29296875
-13.29296875
-13.43359375
-13.43359375
-13.1875
-13.1875
-13.75390625
-13.75390625
-13.36328125
-13.36328125
-13.29296875
-13.29296875
-14.14453125
-14.14453125
-14.14453125
-14.14453125
-13.22265625
-13.22265625
-13.71875
-13.71875
-13.36328125
-13.36328125
-14.109375
-14.109375
-14.1796875
-14.1796875
-13.2578125
-13.2578125
-13.15234375
-13.15234375
-12.2265625
-12.2265625
-12.296875
-12.296875
-12.3671875
-12.3671875
-12.3671875
-12.3671875
-12.72265625
-12.72265625
-12.15625
-12.15625
-12.15625
-12.15625
-14.109375
-14.109375
-14.109375
-14.109375
-12.40234375
-12.40234375
-11.69140625
-11.69140625
-12.0859375
0
0
0
0
0
0
0
0
0
0
0
0
0
0
0
0
0
0
0
0
0
0
0
0
0
0
0
0
0
0
0
0
0
0
0
