-0.2109375
0
0
0.31640625
0.31640625
0.921875
0.921875
0.53125
0.53125
0.28125
0.28125
7.74609375
7.74609375
3.5546875
3.5546875
2.84375
2.84375
2.34375
2.34375
0.74609375
0.74609375
-0.03515625
-0.03515625
-0.81640625
-0.81640625
-0.81640625
-0.81640625
-0.671875
-0.671875
-0.03515625
-0.03515625
0.4609375
0.4609375
1.13671875
1.13671875
1.02734375
1.02734375
0.88671875
0.88671875
0.2109375
0.2109375
0
0
-0.0703125
-0.0703125
4.9765625
4.9765625
10.9453125
10.9453125
14.85546875
14.85546875
20.296875
20.296875
22.78515625
22.78515625
22.8203125
22.8203125
20.828125
20.828125
17.69921875
17.69921875
13.578125
13.578125
13.86328125
13.86328125
8.9921875
8.9921875
8.421875
8.421875
8.45703125
8.45703125
7.74609375
7.74609375
8.2109375
8.2109375
7.8203125
7.8203125
7.640625
7.640625
6.89453125
6.89453125
6.96484375
6.96484375
6.75390625
6.75390625
6.3984375
6.3984375
6.64453125
6.64453125
7.42578125
7.42578125
7.42578125
7.42578125
7.7109375
7.7109375
7.7109375
7.7109375
8.4921875
8.4921875
9.203125
9.203125
10.09375
10.09375
9.6328125
9.6328125
9.6328125
9.6328125
10.44921875
10.44921875
10.34375
10.34375
10.30859375
10.30859375
11.265625
11.265625
10.625
10.625
10.4140625
10.4140625
10.875
10.875
10.1640625
10.1640625
9.5234375
9.5234375
9.3828125
9.3828125
9.02734375
9.02734375
8.53125
8.53125
8.63671875
8.63671875
8.31640625
8.31640625
8.2109375
8.2109375
7.8203125
7.8203125
7.7109375
7.7109375
7.3203125
7.3203125
7.35546875
7.35546875
7.42578125
7.42578125
6.89453125
6.89453125
6.5390625
6.5390625
6.46875
6.46875
6.43359375
6.43359375
6.64453125
6.64453125
6.43359375
6.43359375
5.96875
5.96875
6.21875
6.21875
5.6875
5.6875
5.7578125
5.7578125
5.6875
5.6875
5.79296875
5.79296875
5.1875
5.1875
5.29296875
5.29296875
4.9375
4.9375
4.796875
4.796875
4.796875
4.796875
4.65625
4.65625
4.4765625
4.4765625
4.796875
4.796875
4.62109375
4.62109375
4.546875
4.546875
4.546875
4.546875
4.12109375
4.12109375
4.12109375
4.12109375
3.91015625
3.91015625
4.265625
4.265625
3.98046875
3.98046875
4.15625
4.15625
4.4765625
4.4765625
4.15625
4.15625
4.265625
4.265625
4.05078125
4.05078125
3.80078125
3.80078125
3.80078125
3.80078125
3.98046875
3.98046875
3.765625
3.765625
3.8359375
3.8359375
4.05078125
4.05078125
3.87109375
3.87109375
3.80078125
3.80078125
3.87109375
3.87109375
4.05078125
4.05078125
3.625
3.625
3.98046875
3.98046875
3.80078125
3.80078125
3.80078125
3.80078125
4.05078125
4.05078125
3.9453125
3.9453125
4.3359375
4.3359375
4.0859375
4.0859375
4.15625
4.15625
4.015625
4.015625
3.98046875
3.98046875
3.91015625
3.91015625
3.9453125
3.9453125
3.9453125
3.9453125
3.6953125
3.6953125
4.0859375
4.0859375
3.8359375
3.8359375
3.6953125
3.6953125
3.80078125
3.80078125
3.765625
3.765625
3.48046875
3.48046875
3.9453125
3.9453125
3.625
3.625
3.73046875
3.73046875
3.73046875
3.73046875
3.625
3.625
3.87109375
3.87109375
3.87109375
3.87109375
3.48046875
3.48046875
3.80078125
3.80078125
3.8359375
3.8359375
3.6953125
3.6953125
3.765625
3.765625
3.80078125
3.80078125
3.8359375
3.8359375
3.91015625
3.91015625
3.87109375
3.87109375
3.66015625
3.66015625
3.8359375
3.8359375
3.625
3.625
3.66015625
3.66015625
3.80078125
3.80078125
3.33984375
3.33984375
3.33984375
3.33984375
3.73046875
3.73046875
3.5546875
3.5546875
3.66015625
3.66015625
3.73046875
3.73046875
3.515625
3.515625
3.66015625
3.66015625
3.58984375
3.58984375
3.73046875
3.73046875
3.80078125
3.80078125
3.6953125
3.6953125
3.515625
3.515625
3.515625
3.515625
3.58984375
3.58984375
3.515625
3.515625
3.80078125
3.80078125
3.87109375
3.87109375
3.625
3.625
3.765625
3.765625
3.234375
3.234375
3.5546875
3.5546875
3.66015625
3.66015625
3.80078125
3.80078125
3.5546875
3.5546875
3.48046875
3.48046875
3.5546875
3.5546875
3.6953125
3.6953125
3.26953125
3.26953125
3.515625
3.515625
3.625
3.625
3.5546875
3.5546875
3.5546875
3.5546875
3.33984375
3.33984375
3.48046875
3.48046875
3.3046875
3.3046875
3.48046875
3.48046875
3.5546875
3.5546875
3.4453125
3.4453125
3.48046875
3.48046875
3.4453125
3.4453125
3.41015625
3.41015625
3.41015625
3.41015625
3.41015625
3.41015625
3.375
3.375
3.515625
3.515625
3.3046875
3.3046875
3.234375
3.234375
3.41015625
3.41015625
3.4453125
3.4453125
3.5546875
3.5546875
3.48046875
3.48046875
3.48046875
3.48046875
3.48046875
3.48046875
3.58984375
3.58984375
3.3046875
3.3046875
3.234375
3.234375
3.234375
3.234375
3.234375
3.234375
3.4453125
3.4453125
3.26953125
3.26953125
3.48046875
3.48046875
3.16015625
3.16015625
3.4453125
3.4453125
3.19921875
3.19921875
3.26953125
3.26953125
3.125
3.125
3.234375
3.234375
3.33984375
3.33984375
3.33984375
3.33984375
3.26953125
3.26953125
3.33984375
3.33984375
3.19921875
3.19921875
3.375
3.375
3.3046875
3.3046875
3.08984375
3.08984375
3.08984375
3.08984375
3.19921875
3.19921875
3.234375
3.234375
3.26953125
3.26953125
3.3046875
3.3046875
3.4453125
3.4453125
3.4453125
3.234375
3.234375
3.234375
3.16015625
3.16015625
3.234375
3.234375
2.984375
2.984375
3.19921875
3.19921875
3.33984375
3.33984375
3.19921875
3.19921875
3.08984375
3.08984375
3.08984375
0
0
0
0
0
0
0
0
0
0
0
0
0
0
0
0
0
0
0
