8.17578125
8.31640625
8.31640625
7.99609375
7.99609375
7.99609375
7.99609375
8.56640625
8.56640625
8.24609375
8.24609375
20.4375
20.4375
19.3359375
19.3359375
16.70703125
16.70703125
13.46875
13.46875
12.83203125
12.83203125
11.69140625
11.69140625
11.23046875
11.23046875
10.8046875
10.8046875
11.0546875
11.0546875
11.265625
11.265625
9.953125
9.953125
8.28125
8.28125
8.38671875
8.38671875
7.0703125
7.0703125
6.89453125
6.89453125
6.18359375
6.18359375
5.86328125
5.86328125
5.046875
5.046875
4.2265625
4.2265625
4.4765625
4.4765625
3.58984375
3.58984375
3.125
3.125
3.19921875
3.19921875
2.62890625
2.62890625
2.203125
2.203125
1.4921875
1.4921875
2.23828125
2.23828125
1.77734375
1.77734375
1.3125
1.3125
1.3125
1.3125
1.98828125
1.98828125
2.44921875
2.44921875
2.0234375
2.0234375
1.73828125
1.73828125
1.27734375
1.27734375
2.05859375
2.05859375
1.8828125
1.8828125
2.48828125
2.48828125
2.0234375
2.0234375
2.2734375
2.2734375
2.84375
2.84375
2.84375
2.84375
2.6640625
2.6640625
3.16015625
3.16015625
3.4453125
3.4453125
3.48046875
3.48046875
3.0546875
3.0546875
3.515625
3.515625
3.765625
3.765625
3.48046875
3.48046875
3.765625
3.765625
3.98046875
3.98046875
3.98046875
3.98046875
4.015625
4.015625
3.765625
3.765625
3.48046875
3.48046875
3.3046875
3.3046875
3.8359375
3.8359375
3.0546875
3.0546875
3.19921875
3.19921875
2.94921875
2.94921875
3.58984375
3.58984375
3.125
3.125
3.125
3.125
2.87890625
2.87890625
2.87890625
2.87890625
2.37890625
2.37890625
2.69921875
2.69921875
2.6640625
2.6640625
2.5234375
2.5234375
2.5234375
2.5234375
2.59375
2.59375
2.62890625
2.62890625
2.48828125
2.48828125
2.5234375
2.5234375
2.94921875
2.94921875
2.2734375
2.2734375
2.30859375
2.30859375
1.91796875
1.91796875
1.98828125
1.98828125
2.2734375
2.2734375
1.8828125
1.8828125
1.5625
1.5625
1.84765625
1.84765625
1.6328125
1.6328125
1.2421875
1.2421875
0.7109375
0.7109375
1.1015625
1.1015625
0.74609375
0.74609375
0.49609375
0.49609375
0.56640625
0.56640625
0.49609375
0.49609375
0.390625
0.390625
0.42578125
0.42578125
0.28125
0.28125
0.28125
0.28125
0.0703125
0.0703125
-0.0703125
-0.0703125
-0.2109375
-0.2109375
-0.0703125
-0.0703125
0.03515625
0.03515625
-0.4609375
-0.4609375
-0.95703125
-0.95703125
-1.34765625
-1.34765625
-1.3125
-1.3125
-1.6328125
-1.6328125
-1.4921875
-1.4921875
-1.953125
-1.953125
-2.05859375
-2.05859375
-1.59765625
-1.59765625
-2.44921875
-2.44921875
-2.44921875
-2.44921875
-2.34375
-2.34375
-2.4140625
-2.4140625
-2.34375
-2.34375
-2.9140625
-2.9140625
-2.76953125
-2.76953125
-2.984375
-2.984375
-2.87890625
-2.87890625
-2.94921875
-2.94921875
-3.08984375
-3.08984375
-3.4453125
-3.4453125
-2.84375
-2.84375
-3.16015625
-3.16015625
-3.4453125
-3.4453125
-3.48046875
-3.48046875
-3.765625
-3.765625
-3.765625
-3.765625
-4.44140625
-4.44140625
-4.265625
-4.265625
-4.30078125
-4.30078125
-4.4765625
-4.4765625
-4.19140625
-4.19140625
-4.51171875
-4.51171875
-4.37109375
-4.37109375
-4.546875
-4.546875
-4.37109375
-4.37109375
-4.69140625
-4.69140625
-4.37109375
-4.37109375
-4.3359375
-4.3359375
-4.62109375
-4.62109375
-4.546875
-4.546875
-4.76171875
-4.76171875
-4.796875
-4.796875
-5.01171875
-5.01171875
-5.01171875
-5.01171875
-5.2578125
-5.2578125
-5.01171875
-5.01171875
-5.1875
-5.1875
-4.83203125
-4.83203125
-5.47265625
-5.47265625
-5.3671875
-5.3671875
-5.2578125
-5.2578125
-5.578125
-5.578125
-5.08203125
-5.08203125
-5.29296875
-5.29296875
-5.1875
-5.1875
-5.578125
-5.578125
-5.93359375
-5.93359375
-5.4375
-5.4375
-6.00390625
-6.00390625
-6.11328125
-6.11328125
-5.6875
-5.6875
-6.11328125
-6.11328125
-6.9296875
-6.9296875
-6.00390625
-6.00390625
-6.5390625
-6.5390625
-6.25390625
-6.25390625
-6.04296875
-6.04296875
-6.96484375
-6.96484375
-5.8984375
-5.8984375
-5.578125
-5.578125
-6.75390625
-6.75390625
-6.00390625
-6.00390625
-6.75390625
-6.75390625
-6.21875
-6.21875
-6.71484375
-6.71484375
-6.71484375
-6.71484375
-6.6796875
-6.6796875
-5.4375
-5.4375
-7.109375
-7.109375
-6.25390625
-6.25390625
-5.93359375
-5.93359375
-6.11328125
-6.11328125
-5.61328125
-5.61328125
-4.0859375
-4.0859375
-5.86328125
-5.86328125
-5.8984375
-5.8984375
-6.43359375
-6.43359375
-6.04296875
-6.04296875
-5.96875
-5.96875
-5.96875
-5.96875
-4.65625
-4.65625
-4.65625
-4.65625
-2.6640625
-2.6640625
-4.8671875
-4.8671875
-3.66015625
0
0
0
0
0
0
0
0
0
0
0
0
0
0
0
0
0
0
0
0
0
0
0
0
0
0
0
0
0
0
0
0
0
0
0
