-0.17578125
0.2109375
0.2109375
0.63671875
0.63671875
1.171875
1.171875
0.921875
0.921875
0.6015625
0.6015625
13.578125
13.578125
12.33203125
12.33203125
8.28125
8.28125
2.55859375
2.55859375
-0.7109375
-0.7109375
-3.19921875
-3.19921875
-3.6953125
-3.6953125
-4.7265625
-4.7265625
-0.390625
-0.390625
5.2578125
5.2578125
13.0078125
13.0078125
20.296875
20.296875
15.95703125
15.95703125
10.9453125
10.9453125
4.76171875
4.76171875
-3.48046875
-3.48046875
-7.3203125
-7.3203125
-13.2578125
-13.2578125
-15.17578125
-15.17578125
-11.69140625
-11.69140625
-8.56640625
-8.56640625
-5.7578125
-5.7578125
-2.23828125
-2.23828125
0.6015625
0.6015625
1.84765625
1.84765625
1.98828125
1.98828125
2.44921875
2.44921875
4.8671875
4.8671875
4.19140625
4.19140625
2.37890625
2.37890625
3.08984375
3.08984375
4.37109375
4.37109375
2.984375
2.984375
3.08984375
3.08984375
3.91015625
3.91015625
3.48046875
3.48046875
2.59375
2.59375
3.16015625
3.16015625
2.4140625
2.4140625
1.6328125
1.6328125
0.9921875
0.9921875
0.4609375
0.4609375
0.4609375
0.4609375
0.31640625
0.31640625
-0.81640625
-0.81640625
-1.77734375
-1.77734375
-0.921875
-0.921875
-0.8515625
-0.8515625
-0.95703125
-0.95703125
-0.42578125
-0.42578125
-0.140625
-0.140625
0
0
0.0703125
0.0703125
0.35546875
0.35546875
0.28125
0.28125
0.28125
0.28125
0.0703125
0.0703125
0.31640625
0.31640625
1.27734375
1.27734375
2.09375
2.09375
1.3125
1.3125
0.78125
0.78125
0.921875
0.921875
0.95703125
0.95703125
1.1015625
1.1015625
0.921875
0.921875
1.1015625
1.1015625
1.2421875
1.2421875
1.06640625
1.06640625
0.95703125
0.95703125
0.78125
0.78125
0.74609375
0.74609375
1.06640625
1.06640625
0.921875
0.921875
0.8515625
0.8515625
0.74609375
0.74609375
0.88671875
0.88671875
1.20703125
1.20703125
0.9921875
0.9921875
1.06640625
1.06640625
1.02734375
1.02734375
1.13671875
1.13671875
1.171875
1.171875
1.45703125
1.45703125
1.45703125
1.45703125
1.73828125
1.73828125
1.5625
1.5625
1.4921875
1.4921875
1.77734375
1.77734375
1.73828125
1.73828125
1.73828125
1.73828125
1.6328125
1.6328125
1.8828125
1.8828125
1.52734375
1.52734375
1.953125
1.953125
1.66796875
1.66796875
1.8828125
1.8828125
1.73828125
1.73828125
2.16796875
2.16796875
1.91796875
1.91796875
2.0234375
2.0234375
2.23828125
2.23828125
2.203125
2.203125
2.05859375
2.05859375
1.98828125
1.98828125
1.703125
1.703125
2.09375
2.09375
1.953125
1.953125
1.703125
1.703125
2.1328125
2.1328125
1.66796875
1.66796875
1.953125
1.953125
1.98828125
1.98828125
1.91796875
1.91796875
2.05859375
2.05859375
1.73828125
1.73828125
1.6328125
1.6328125
1.52734375
1.52734375
1.98828125
1.98828125
1.84765625
1.84765625
1.8828125
1.8828125
1.953125
1.953125
1.77734375
1.77734375
1.66796875
1.66796875
1.59765625
1.59765625
1.66796875
1.66796875
1.84765625
1.84765625
1.8125
1.8125
1.8125
1.8125
1.66796875
1.66796875
1.66796875
1.66796875
1.5625
1.5625
1.59765625
1.59765625
1.34765625
1.34765625
1.66796875
1.66796875
1.84765625
1.84765625
1.5625
1.5625
1.4921875
1.4921875
1.4921875
1.4921875
1.20703125
1.20703125
1.84765625
1.84765625
1.59765625
1.59765625
1.34765625
1.34765625
1.421875
1.421875
1.66796875
1.66796875
1.66796875
1.66796875
1.34765625
1.34765625
1.3125
1.3125
1.45703125
1.45703125
1.52734375
1.52734375
1.45703125
1.45703125
1.45703125
1.45703125
1.421875
1.421875
1.3125
1.3125
1.3125
1.3125
1.3828125
1.3828125
1.52734375
1.52734375
1.421875
1.421875
1.3828125
1.3828125
1.703125
1.703125
1.421875
1.421875
1.13671875
1.13671875
1.3828125
1.3828125
1.171875
1.171875
1.1015625
1.1015625
1.703125
1.703125
1.27734375
1.27734375
1.34765625
1.34765625
1.3125
1.3125
1.6328125
1.6328125
1.5625
1.5625
1.4921875
1.4921875
1.421875
1.421875
1.3828125
1.3828125
1.34765625
1.34765625
1.34765625
1.34765625
1.52734375
1.52734375
1.34765625
1.34765625
1.59765625
1.59765625
1.66796875
1.66796875
1.421875
1.421875
1.59765625
1.59765625
1.6328125
1.6328125
1.3828125
1.3828125
1.34765625
1.34765625
1.34765625
1.34765625
1.45703125
1.45703125
1.421875
1.421875
1.421875
1.421875
1.4921875
1.4921875
1.4921875
1.4921875
1.3828125
1.3828125
1.52734375
1.52734375
1.5625
1.5625
1.2421875
1.2421875
1.27734375
1.27734375
2.05859375
2.05859375
1.5625
1.5625
1.84765625
1.84765625
1.953125
1.953125
1.5625
1.5625
1.4921875
1.4921875
1.5625
1.5625
1.20703125
1.20703125
36.5390625
36.5390625
36.5390625
36.5390625
-1.84765625
-1.84765625
-0.6015625
-0.6015625
-2.5234375
-2.5234375
-1.4921875
-1.4921875
-1.4921875
-1.4921875
-0.28125
-0.28125
-0.10546875
-0.10546875
1.77734375
1.77734375
1.84765625
1.84765625
1.13671875
1.13671875
0.49609375
0.49609375
0.81640625
0.81640625
1.27734375
1.27734375
0.671875
0.671875
0.74609375
0.74609375
1.34765625
1.34765625
1.13671875
1.13671875
1.421875
1.421875
1.45703125
1.45703125
1.6328125
1.6328125
1.3828125
1.3828125
1.4921875
1.4921875
1.171875
1.171875
1.8828125
1.8828125
1.6328125
1.6328125
1.77734375
1.77734375
1.98828125
1.98828125
1.8828125
1.8828125
1.4921875
1.4921875
1.4921875
1.59765625
1.59765625
1.59765625
1.8125
1.8125
1.703125
1.703125
1.34765625
1.34765625
1.8125
1.8125
1.59765625
1.59765625
1.73828125
1.73828125
1.52734375
1.52734375
1.6328125
0
0
0
0
0
0
0
0
0
0
0
0
0
0
0
0
0
0
0
