-0.0402090463858957
-0.119253147393465
-0.200150164274069
-0.283379818384464
-0.36870339512825
-0.454993681265758
-0.540203970212203
-0.621505251297584
-0.695602293197925
-0.759187411803466
-0.809438471610729
-0.844428023466697
-0.863330414661994
-0.86638136781179
-0.854615832750614
-0.829477748045555
-0.792417684426674
-0.744595289230347
-0.686768797727732
-0.619398820858735
-0.542950200060239
-0.458328617306856
-0.367349553566713
-0.27310170347874
-0.180064313113689
-0.0938804195477412
-0.0208048671483994
0.0330478021015341
0.0624950694350096
0.0639875350663295
0.0361362701425186
-0.0199843421578407
-0.100804274758467
-0.200537964701653
-0.311774701954654
-0.426314829633786
-0.536127949849917
-0.634278793174487
-0.715673158948238
-0.77751339169649
-0.819405915645453
-0.843130347820429
-0.852131845859381
-0.850843954544801
-0.843973240027061
-0.835852799507288
-0.829943530834638
-0.82850702221577
-0.832470050224891
-0.841486204128999
-0.854176360827226
-0.868497864558147
-0.882166812053094
-0.893057300494267
-0.899523198604584
-0.900608709225288
-0.896130199615772
-0.886622878221365
-0.873175868621239
-0.857201672517336
-0.840196655346797
-0.82353687286377
-0.808334263471457
-0.795357465744019
-0.785002997288337
-0.777302054258493
-0.771949405853565
-0.768358065531804
-0.765742664153759
-0.763232162365547
-0.760014002139752
-0.755501504127796
-0.749491764948918
-0.742269804844489
-0.734608521828285
-0.727652315910046
-0.722707748413086
-0.721005334303929
-0.723483787133144
-0.730635643005371
-0.742439347964067
-0.758387987430279
-0.777600875267616
-0.798977778508113
-0.821365127196679
-0.843718776336083
-0.865247189998627
-0.885509917369256
-0.904453850709475
-0.922383395525125
-0.939881246823531
-0.957703283199897
-0.976669742510869
-0.997564503779778
-1.02105519863275
-1.04764131857799
-1.07763156524071
-1.11113215409792
-1.14804446697235
-1.1880688392199
-1.23072761755723
-1.27540662655464
-1.32141332442944
-1.36803866349734
-1.41460815759806
-1.46050952948057
-1.50518860266759
-1.54811329108018
-1.58873116970062
-1.62645241847405
-1.66066686006693
-1.69078802145444
-1.71630383454836
-1.73683521380791
-1.7521819793261
-1.76234371845539
-1.76750086821043
-1.76796579360962
-1.76412108311286
-1.75637026933523
-1.74511042925028
-1.73072763589712
-1.71359550952911
-1.69405687772311
-1.67239174476037
-1.64878785610199
-1.62333083152771
-1.59602039593917
-1.56680777439704
-1.53564043228443
-1.50251202399914
-1.46750606023348
-1.43083108388461
-1.39284190764794
-1.35404811455653
-1.31511308596684
-1.27683035226969
-1.24005541434655
-1.20560004160954
-1.17412545130803
-1.14606613379258
-1.12160558425463
-1.10069591265458
-1.08310396396197
-1.06846610399393
-1.05634269347558
-1.04627271798941
-1.03782460322747
-1.030635705361
-1.02442901868087
-1.01899568851178
-1.01415357681421
-1.00969734100195
-1.00537017675547
-1.0008629147823
-0.995836913585663
-0.989950079184312
-0.98287656215521
-0.974324946220104
-0.964059605048253
-0.951928743949303
-0.937888590189127
-0.92201441526413
-0.9045034967936
-0.885662991266984
-0.865878893778874
-0.845569963638599
-0.825134937579815
-0.804908816631024
-0.785138024733617
-0.765981495380402
-0.747545764996455
-0.729945274499746
-0.713370965077327
-0.698132116060991
-0.684646166287936
-0.673377266296974
-0.664754202732673
-0.659103343119988
-0.65661530311291
-0.65734535914201
-0.661231857079726
-0.668119095838987
-0.677774598965278
-0.689894758738004
-0.70409842637869
-0.719922294983497
-0.736838391193977
-0.754295266591586
-0.771766520463503
-0.788795072298784
-0.805031735163469
-0.820269382916964
-0.834467466060932
-0.847766688236823
-0.86049092732943
-0.873134929400224
-0.886329517914699
-0.900784075260162
-0.91721308689851
-0.936253932806162
-0.958379204456623
-0.983797747355241
-1.0123401926114
-1.04332928015636
-1.07544144300314
-1.10658865708571
-1.1338468514956
-1.15346547273489
-1.1609839292673
-1.1514810690513
-1.11996389352358
-1.06188267927903
-0.973709262334383
-0.853499504236075
-0.701339281522311
-0.519595120961849
-0.312934255370727
-0.0881442275757973
0.146169959531667
0.379938707901881
0.602033250606977
0.800829580196967
0.965066749315995
1.08501252302757
1.15376329421997
1.16837179660797
1.13047514511989
0.80866428063466
0.714793659173525
