-0.347366676518792
-0.306523145029419
-0.265673405245731
-0.224906608462334
-0.184165415010954
-0.143264047801495
-0.101935359208207
-0.0599093779823498
-0.0170113954717587
0.0267408857195589
0.0710508080297395
0.115271947493679
0.158374259738546
0.198979595774098
0.235481233188981
0.266230758867766
0.289759955123851
0.305003976351336
0.311496322876529
0.309503923905523
0.300059168746597
0.284853230965765
0.265995649914992
0.245694463778483
0.225935031610884
0.208227045729903
0.193453671998884
0.181820283447833
0.172879027251742
0.165612069859267
0.158580216481105
0.150151084698001
0.138793851592039
0.123388060319581
0.103469596097344
0.0793466436627664
0.0520560017443801
0.0231802646563952
-0.00541750848979542
-0.031880655669068
-0.0546316041145474
-0.0726155659281894
-0.085491177969073
-0.0937278187392574
-0.0985770233367619
-0.101913023543985
-0.105968928552772
-0.113016607631978
-0.125048270056906
-0.143512578583077
-0.169144311233571
-0.201904392164004
-0.241022948371737
-0.285124610913427
-0.332417840236112
-0.380936061081133
-0.428810045907372
-0.474537705120287
-0.517204014878524
-0.556612395926526
-0.593305054463838
-0.628474935104972
-0.66377991437912
-0.701077989841762
-0.742115171332108
-0.788216760284022
-0.840035943608535
-0.89740882108086
-0.959339323796724
-1.02411113914691
-1.0894991880969
-1.15303806882156
-1.21230584069302
-1.26518394445118
-1.31006471106881
-1.34598896377965
-1.37269797450618
-1.3905954109995
-1.40063577576687
-1.40416187989084
-1.40272036351656
-1.39788164590534
-1.39108327815407
-1.38351571559906
-1.37605483280985
-1.36924253639422
-1.3633095088758
-1.35823116804424
-1.35379923644819
-1.34969652953901
-1.34555801592375
-1.34101587847659
-1.335735722592
-1.32945743360017
-1.32204607913369
-1.3135456662429
-1.30421103301801
-1.2944996607931
-1.28501879541497
-1.27644785454399
-1.26945725867623
-1.26462869895132
-1.26238272064611
-1.26291712961699
-1.26617186320455
-1.27183500716561
-1.27938999000349
-1.28819475675884
-1.29758193618373
-1.30696866386815
-1.3159534429249
-1.32436602994015
-1.33225884563044
-1.33985654303902
-1.34748842841701
-1.35553057570206
-1.36435234546661
-1.37426389518537
-1.38546059633556
-1.39798135506479
-1.41167869693355
-1.4261939588346
-1.44093564309572
-1.45507210179379
-1.46755445630927
-1.47716748714447
-1.48260481734025
-1.48255560900036
-1.4758014929922
-1.46132876371082
-1.4384520179347
-1.40693488246516
-1.36707954657705
-1.31975618161653
-1.26636140597494
-1.20871033794002
-1.1488815734261
-1.08903916258561
-1.03125068702196
-0.977321828666486
-0.928675111971403
-0.886286967679074
-0.850687494403438
-0.821999041657699
-0.799992699372141
-0.784150961198305
-0.773738434440211
-0.767880185654289
-0.765639807048597
-0.766083074243445
-0.768322941504027
-0.771553557170065
-0.775079849519228
-0.778342397589433
-0.780931102602105
-0.782586088306025
-0.783180726201911
-0.782688250667171
-0.781139596512443
-0.778588329490862
-0.775092529623132
-0.770712435245514
-0.76551732264067
-0.759589323872014
-0.753026667394136
-0.745948609552885
-0.738501617782994
-0.730861008167267
-0.723221270661605
-0.715778771199678
-0.708712022555502
-0.702167426284991
-0.696251583726783
-0.691027816973234
-0.68650316878369
-0.68260311452966
-0.679141690856532
-0.675813351806841
-0.672217940029345
-0.667917740972419
-0.662512154955613
-0.655712159056413
-0.647394249313756
-0.637616577901338
-0.626601222314333
-0.61469452632101
-0.602324592439752
-0.589959659074482
-0.578070515080502
-0.567096029457293
-0.557410513099871
-0.549297128853045
-0.542934478897797
-0.538405984640121
-0.535730446639814
-0.534899018312755
-0.535910520114397
-0.538800052906338
-0.543657541275024
-0.550626833187906
-0.559879456695757
-0.571563596788206
-0.585740754478856
-0.602321182426653
-0.621000729109112
-0.641190873949151
-0.66194097305599
-0.681864669448451
-0.699089229106903
-0.711247205734253
-0.715528055241233
-0.708799669617101
-0.687803343722695
-0.649417409771367
-0.590978597339831
-0.510641982680873
-0.40774909916677
-0.283160507678986
-0.139502027709233
0.0187224844703451
0.185185671636933
0.351982703334407
0.510099980391954
0.650126852487263
0.763178815967158
0.8419315564005
0.881601286561866
0.880678653717041
0.351549957927905
0.321353937450208
