-0.024737837491557
-0.012400028295815
-0.00212151479596893
0.0053774694679305
0.00972573505714536
0.0110086053609848
0.009836105358166
0.007339340353307
0.00508041156717809
0.00488557379382352
0.00862545624841005
0.0179696018458344
0.0341405958558122
0.0577017368438343
0.0884309218575557
0.125334966617326
0.16682117121915
0.210990413402518
0.255979331831137
0.300264916072289
0.342855505645275
0.383327436943849
0.421708519260089
0.458245684703191
0.493115705748399
0.526158710320791
0.556716712812583
0.583632426957289
0.605401083827019
0.620411073168119
0.627198164661725
0.624674265583356
0.612343902389208
0.590536241730054
0.560617138942083
0.525072433054447
0.487355716526508
0.451468241711458
0.421349244813124
0.400221258401871
0.390035214523474
0.391115568578243
0.40205001582702
0.419825240969658
0.440192309518655
0.458233448366324
0.469074870149295
0.468645577629407
0.454338210324446
0.425420510272185
0.38310956209898
0.330311064918836
0.271104410290718
0.210093600985905
0.151743022492155
0.099787772167474
0.056779490939031
0.0238088415935636
0.000434949528425932
-0.0151668432323883
-0.0258547475483889
-0.0350200257574519
-0.0460270399538179
-0.0617112830902139
-0.0840385323390365
-0.113973789382726
-0.151542321157952
-0.196018960947792
-0.246163409203291
-0.300447575127085
-0.357260176291068
-0.415105973680814
-0.47280549009641
-0.529670255879561
-0.585610310236613
-0.641137460867564
-0.697258681058884
-0.755281135439873
-0.816569099823634
-0.882300580541293
-0.953278506795565
-1.02983593940735
-1.11182941496372
-1.19868531326453
-1.28946618239085
-1.38295191526413
-1.47774110237757
-1.57237559556961
-1.66549303134282
-1.75598257780075
-1.84308862686157
-1.92641796668371
-2.00584982832273
-2.0814091861248
-2.15315826733907
-2.22113331158956
-2.28532699743907
-2.34568756818771
-2.40212424596151
-2.45449944337209
-2.50263220071793
-2.54629842440287
-2.58524376153946
-2.6191933353742
-2.64786845445633
-2.67100216945012
-2.68836317459742
-2.69977460304896
-2.70514003435771
-2.70446477333705
-2.6978826324145
-2.6856765349706
-2.66830054918925
-2.64638223250707
-2.62070482969284
-2.59216465552648
-2.56171031792959
-2.53025106588999
-2.4985636472702
-2.46719934542974
-2.43642344077428
-2.40619029601415
-2.37615183989207
-2.34569331010183
-2.31398544708888
-2.28004258871078
-2.24278239409129
-2.20108954111735
-2.15388707319895
-2.10023365418116
-2.03943748275439
-1.97117802500725
-1.89560706416766
-1.81340001026789
-1.72574646274249
-1.6342781484127
-1.54095685482025
-1.44794480999311
-1.35747076074282
-1.27169343829155
-1.19256865978241
-1.12172537048658
-1.0603674252828
-1.0092119773229
-0.968480989336967
-0.937939763069153
-0.916974027951558
-0.904673491915067
-0.899911478161812
-0.901411488652229
-0.907805825273196
-0.917690674463908
-0.929675713181496
-0.942430377006531
-0.954726323485374
-0.965480387210846
-0.973796740174294
-0.979007298747698
-0.980704988042513
-0.978756686051687
-0.97329614063104
-0.964694221814474
-0.953512847423553
-0.940443431337674
-0.926241184274356
-0.911663591861725
-0.897417868177096
-0.88411275545756
-0.872222418586413
-0.862070977687836
-0.85384838283062
-0.847651451826096
-0.843529870112737
-0.841513380408287
-0.841613451639811
-0.843802750110626
-0.847983638445536
-0.853955924510956
-0.861402253309886
-0.869914755225182
-0.879064465562503
-0.888493617375692
-0.897995968659719
-0.907555997371674
-0.917332857847214
-0.9275953322649
-0.938634946942329
-0.950691257913907
-0.963909119367599
-0.978329886992772
-0.993901446461678
-1.01049089431763
-1.02789016564687
-1.04581666986148
-1.06391481558482
-1.08176490664482
-1.09890081485113
-1.11483939488729
-1.12911208470662
-1.14128047227859
-1.15093538165092
-1.15768472353617
-1.16114238897959
-1.16092211008072
-1.15664019187291
-1.14791878064473
-1.13436037302017
-1.11546303828557
-1.09046941995621
-1.05818278590838
-1.01681478818258
-0.963930413126945
-0.896528308590253
-0.811274036765099
-0.704885085423787
-0.574655820926031
-0.419072158634663
-0.238414553304513
-0.0352195254721058
0.185502370819449
0.416334596772989
0.647806291778882
0.869024539987246
1.06858295202255
1.23568992813428
1.36135398348172
1.43937063217163
1.46688162287076
1.44444557030996
1.3757314880689
