-1.25058760813304
-1.56059980392456
-1.87693932510558
-2.19644304116567
-2.51525136402675
-2.8285680044265
-3.1304726600647
-3.41390716461908
-3.67091269720168
-3.89312995047796
-4.07251193409874
-4.20215949558076
-4.2771505401248
-4.29523372650146
-4.25725033169701
-4.16720462980725
-4.03194368453253
-3.86046685491289
-3.66295316105797
-3.44968559628441
-3.23009805452256
-3.0121686004457
-2.80223512649536
-2.60516229129973
-2.42466841425215
-2.26361761774336
-2.12418592543829
-2.00791664918264
-1.91569383939107
-1.84765722070422
-1.80310241948991
-1.78044100602468
-1.77729191098894
-1.79073277541569
-1.81764892169407
-1.85508004256657
-1.90046612421672
-1.95176058723813
-2.0074345327559
-2.06641538370223
-2.12801338945116
-2.19184520131066
-2.25778349240621
-2.32593082246326
-2.39662068230765
-2.47041855539594
-2.54809090069362
-2.63050060045151
-2.71843400455657
-2.81236564545404
-2.91222222646077
-3.01718128295172
-3.12553843997774
-3.23466483751933
-3.3410667691912
-3.44055107661656
-3.52850057965233
-3.60023380461193
-3.65141629037403
-3.67846097264971
-3.67886157262893
-3.65140762783232
-3.59626546360198
-3.51491824785868
-3.40997211138407
-3.28484668050494
-3.14340677715483
-2.98960032917204
-2.8271662621271
-2.65943243390038
-2.48920154571533
-2.31871331305731
-2.14967141264961
-1.9833265883582
-1.82058876469022
-1.6621355669839
-1.50850104150318
-1.36015214238848
-1.21756475880032
-1.08129516102019
-0.95203541574024
-0.830625196297963
-0.718015585626875
-0.615184133961087
-0.523021296376274
-0.442202755383083
-0.373072838499433
-0.315560955376852
-0.26914814611276
-0.232890154634203
-0.20549057778858
-0.185412624052593
-0.171011462098076
-0.160667776351883
-0.152902195851008
-0.146455449007806
-0.140332218436968
-0.133815494676431
-0.126458174770787
-0.11805708635421
-0.108617204640593
-0.0983158509646143
-0.0874714698819887
-0.0765102848055817
-0.0659212954342365
-0.0561935936233827
-0.0477449250895353
-0.0408602130288879
-0.0356587752965944
-0.0320972465422182
-0.030001170001924
-0.029108677569422
-0.0291135982565937
-0.029701157872166
-0.0305733669416181
-0.0314629642470252
-0.0321421291945236
-0.0324318122916988
-0.0322087646595069
-0.0314011791543592
-0.0299713140619653
-0.0278958286203089
-0.0251587264550229
-0.0217638150899715
-0.0177588237094737
-0.0132546646165706
-0.00842953689529427
-0.00352050189671683
0.00119056014366271
0.00539363971135269
0.00877462336765824
0.011049689730585
0.0120023222518198
0.0115098588589934
0.00955768347540427
0.00624946298609887
0.00181559048083034
-0.00338848531689672
-0.00890109327433276
-0.0141908686394648
-0.0187074804312683
-0.0219409066713914
-0.0234804048546461
-0.0230647505467503
-0.0206237985396347
-0.0163177661126524
-0.0105759525516381
-0.00412758493101657
0.0019880500067735
0.00644466489376057
0.00769681510116373
0.00409788189322821
-0.00593603184236036
-0.0237289935272808
-0.0501302093090046
-0.085304064764863
-0.128566009657724
-0.17831549687045
-0.232104339769908
-0.28685860264869
-0.339268025897798
0
0
0
0
0
0
0
0
0
0
0
0
0
0
0
0
0
0
0
0
0
0
0
0
0
0
0
0
0
0
0
0
0
0
0
0
0
0
0
0
0
0
0
0
0
0
0
0
0
0
0
0
0
0
0
0
0
0
0
0
0
0
0
0
0
0
0
0
0
