-0.552358093586835
-0.989702652801167
-1.42659425735474
-1.855869975957
-2.26967592672868
-2.65959434075789
-3.0169667113911
-3.33332315358249
-3.60088305039839
-3.81309387900613
-3.96517887982455
-4.05462119796059
-4.08151570233432
-4.04873297431252
-3.96184797720476
-3.82881023667075
-3.65932137315924
-3.46394996209578
-3.25311411510814
-3.03616033900868
-2.82076358795166
-2.61274946819652
-2.41629999334162
-2.23437288674441
-2.06912874091755
-1.92222116210244
-1.79490644281561
-1.6880086552013
-1.60180726918307
-1.53590446168726
-1.48915020986037
-1.45969778841192
-1.44518837061795
-1.44300723075867
-1.45054071599787
-1.46539727124301
-1.48557515577836
-1.50956321846355
-1.53637164289301
-1.56549656391144
-1.5968365019018
-1.6305709101937
-1.66702036424117
-1.70650554787029
-1.74922649426894
-1.79518480734392
-1.844162940979
-1.89575633135709
-1.94944828206843
-2.00470661033284
-2.06106961857189
-2.1181916215203
-2.17582820762287
-2.23377017541365
-2.29173994064331
-2.34926548871127
-2.40555169365623
-2.45937100323764
-2.50903224945068
-2.55244532498446
-2.58730678124861
-2.61135008118369
-2.62260703607039
-2.61964080550454
-2.60171753709967
-2.56891033866189
-2.52210747111927
-2.4628971489993
-2.39333547245372
-2.31565843928944
-2.23200542276556
-2.14421713352203
-2.05374360084534
-1.96166296438737
-1.86875752969222
-1.77561212669719
-1.68268942832947
-1.59038352966309
-1.49906290661205
-1.4091106002981
-1.32096404379064
-1.23514706438238
-1.15228140354156
-1.0730652754957
-0.998211546377702
-0.928358771584251
-0.863969309763475
-0.805237098173662
-0.7520327297124
-0.703892052173615
-0.660062058405443
-0.619587583975358
-0.581420497460799
-0.544528432867744
-0.507984300906008
-0.471040273254568
-0.4331826784394
-0.394167238338427
-0.354029825126583
-0.313073513987051
-0.271834937940267
-0.231036178090356
-0.191517790271477
-0.154152265495875
-0.119743156299757
-0.0889280567115003
-0.0621099245141853
-0.0394343250558119
-0.0208072283051231
-0.00593255303630775
0.00565338363362984
0.0145566099407998
0.0214993996037678
0.0272760719738223
0.0326863530684601
0.038459087298675
0.0451925663827834
0.0533312617547133
0.0631789194250649
0.0749299720945683
0.088695750402456
0.104512624103915
0.122329128948464
0.141982889649543
0.163178258998828
0.185473979027434
0.208285654873841
0.23090734349733
0.252555069936947
0.272436751084487
0.289845073087649
0.304260331121358
0.315439942546866
0.323471191931855
0.328770550814542
0.332027059387077
0.33409654145891
0.335863452066075
0.338100151582198
0.341355235739188
0.345893756909804
0.351696510206569
0.358513657342304
0.365958208387548
0.373613253235817
0.38112201880325
0.388233721256256
0.394793584942818
0.400680826468901
0.405717949975621
0.409579588608308
0.411732493476434
0.41141897846352
0.40768941830505
0.399484175172719
0.38576730679382
0.365698844194412
0.338819938627156
0.30522188002413
0.265661473978649
0.221569002351978
0
0
0
0
0
0
0
0
0
0
0
0
0
0
0
0
0
0
0
0
0
0
0
0
0
0
0
0
0
0
0
0
0
0
0
0
0
0
0
0
0
0
0
0
0
0
0
0
0
0
0
0
0
0
0
0
0
0
0
0
0
0
0
0
0
0
0
0
0
