-0.809236621856689
-0.759780234098434
-0.722240221500397
-0.702858859300613
-0.706693357229233
-0.737044739723206
-0.795066773891449
-0.879614198207855
-0.987365227937698
-1.11321970820427
-1.25093014240265
-1.3938677072525
-1.53578666448593
-1.67144392132759
-1.79694285392761
-1.90973756313324
-2.00834048986435
-2.09185234308243
-2.15950019359589
-2.21032099723816
-2.24306466579437
-2.25632630586624
-2.24889286756515
-2.22025679349899
-2.1711473941803
-2.10389649868011
-2.0224959731102
-1.93231856822968
-1.83953447341919
-1.75030843019485
-1.66994776725769
-1.60221022367477
-1.54892877340317
-1.50999077558517
-1.48362530469894
-1.4669064283371
-1.45636818408966
-1.44862637519836
-1.44090113639832
-1.43136018514633
-1.41925045251846
-1.40484073162079
-1.38923118114471
-1.37408158779144
-1.36131725311279
-1.35285103321075
-1.35033459663391
-1.35493279695511
-1.36712920665741
-1.386587870121
-1.41210213899612
-1.44164270162582
-1.472512114048
-1.50159795284271
-1.52569818496704
-1.54187461137772
-1.54777332544327
-1.54186384677887
-1.52358006238937
-1.49335622787476
-1.45256751775742
-1.40337784290314
-1.34850165843964
-1.29090939760208
-1.23350175619125
-1.17880313396454
-1.12871522903442
-1.08436734676361
-1.04608289003372
-1.0134571492672
-0.985528153181076
-0.96100692152977
-0.938525438308716
-0.916863989830017
-0.895127648115158
-0.87285361289978
-0.850041270256042
-0.827101224660873
-0.804745650291443
-0.783847635984421
-0.765287983417511
-0.749800688028336
-0.737839168310165
-0.72950091958046
-0.724530649185181
-0.722395002841949
-0.722402888536453
-0.723837798833847
-0.726073586940765
-0.728652250766754
-0.731318610906601
-0.73401483297348
-0.736848825216293
-0.740047681331635
-0.743907809257507
-0.748749881982803
-0.754878145456314
-0.7625452876091
-0.771919798851013
-0.7830590903759
-0.795884931087494
-0.810164242982864
-0.82550173997879
-0.841359412670135
-0.857105183601379
-0.872081291675568
-0.885680288076401
-0.89742020368576
-0.907017731666565
-0.91445329785347
-0.920015913248062
-0.924306428432465
-0.928197985887527
-0.932753556966782
-0.93910556435585
-0.948310393095017
-0.961199027299881
-0.978253728151321
-0.999528807401657
-1.02460944652557
-1.05261334776878
-1.0822438120842
-1.11190042495728
-1.13983359336853
-1.1643127322197
-1.18378382921219
-1.19700669050217
-1.20316823720932
-1.20196195840836
-1.19360584020615
-1.17879108190537
-1.15857254266739
-1.1342303276062
-1.10713751912117
-1.07864874005318
-1.05001875758171
-1.02234523892403
-0.996525889635086
-0.973223972320557
-0.952834784984589
-0.935469782352447
-0.920966666936874
-0.908938044309616
-0.89884489774704
-0.890076011419296
-0.882012844085693
-0.874077796936035
-0.865772932767868
-0.856721431016922
-0.846709889173508
-0.835715609788895
-0.8238933801651
-0.811515700817108
-0.798878228664398
-0.786198538541794
-0.773537528514862
-0.760755687952042
-0.747502714395523
-0.733234751224518
-0.717260128259659
-0.698812234401703
-0.677147853374481
-0.651655369997025
-0.621953243017197
-0.587953269481659
-0.549879062175751
-0.508244082331657
-0.463811963796616
-0.417555463314056
-0.370614868402481
-0.324241930246353
-0.279720103740692
-0.238269293308258
-0.200958508253098
-0.168638978898525
-0.141897374391556
-0.121027315407991
-0.106024051457644
-0.0966050900518894
-0.092250657081604
-0.0922521993517876
-0.0957614257931709
-0.101845325529575
-0.109555202722549
-0.118002434819937
-0.126421102136374
-0.134207919239998
-0.14094420671463
-0.146403712034225
-0.15054127573967
-0.153462959825993
-0.155383266508579
-0.156580214202404
-0.157353730499744
-0.157989676296711
-0.158725942671299
-0.15971260368824
-0.160961507260799
-0.162295092642307
-0.163317903876305
-0.163433004915714
-0.161908146739006
-0.157975725829601
-0.15093797519803
-0.140261508524418
-0.125660983473063
-0.107179031521082
-0.0852637611329556
-0.0608347853645682
-0.0353238977026194
-0.0106835972052068
0.0106377139687538
0.0237246664706618
0.0292426120024174
0.0234264917206019
0.00352395996451378
-0.0168167272720893
-0.0408304627984762
-0.0582150921225548
-0.0863082751631737
0
0
0
0
0
0
0
0
0
0
