-0.324989572719291
-0.555206751381909
-0.792424043019613
-1.03815319140752
-1.29247768719991
-1.5536268596296
-1.8179352151023
-2.08017742192304
-2.33416354214704
-2.57341658627545
-2.7917958718759
-2.98399831630566
-3.14592191025063
-3.27489809636716
-3.36980439998485
-3.43107110482675
-3.46053832548636
-3.46111511301111
-3.43625955228452
-3.38939109554997
-3.32341727504024
-3.24052007110031
-3.14224795058922
-3.02985772380122
-2.90478627770035
-2.76911801762051
-2.62588401193972
-2.47906998351768
-2.33333539962769
-2.19356066209299
-2.06434246345803
-1.9495210647583
-1.85179249445597
-1.77247215200354
-1.71144277961166
-1.66727593651524
-1.63749795048325
-1.61895485719045
-1.60822636551327
-1.60203471448686
-1.59761364371688
-1.59300536579556
-1.58725075810044
-1.5804350067068
-1.57357856962416
-1.56840192830121
-1.5670216039375
-1.57164459316819
-1.58431050512526
-1.6067090343546
-1.64007518026564
-1.68514016381016
-1.7421013072685
-1.81058264661718
-1.88957340629013
-1.97737388699143
-2.07159475927
-2.16923951219629
-2.26687728917157
-2.36087308106599
-2.447649302306
-2.52397643195258
-2.58725149543197
-2.63573117609377
-2.66865365593522
-2.68622774548001
-2.68947513015182
-2.67996684710185
-2.65950229432848
-2.62980999769988
-2.59231341326678
-2.54800119223418
-2.49740828408135
-2.44069130332382
-2.3777651698501
-2.3084473963137
-2.23257553135907
-2.15008757732533
-2.06107788174241
-1.96585348358861
-1.86499494093436
-1.75940473432894
-1.6503214041392
-1.53927554907622
-1.42799153151336
-1.31825114179541
-1.21175315865764
-1.11000331684395
-1.01423800653882
-0.925371953734645
-0.843968148584719
-0.770240779276247
-0.704098065694173
-0.645213352309333
-0.593112861668622
-0.54726740276372
-0.507170325076139
-0.472381585174137
-0.442535190670579
-0.417321418170576
-0.396459322284769
-0.379667048652967
-0.366634371655959
-0.357000040787238
-0.350338794015072
-0.346157655671791
-0.343898248341348
-0.342939311707461
-0.342603896503095
-0.342179141662739
-0.340953169045625
-0.33825920411834
-0.333511260924516
-0.326220121648576
-0.315997852219476
-0.302567217361044
-0.285782835825726
-0.265651777110718
-0.242337784557431
-0.216143482399208
-0.187480213603488
-0.156841963314003
-0.124790221642427
-0.0919446064465403
-0.0589744351390335
-0.0265912414459443
0.00445849856542837
0.0334068467599098
0.0594947110275152
0.0820288430140526
0.100465809374496
0.11450874419124
0.124187480796266
0.129894592695766
0.132371393066865
0.132658251871665
0.132020689823009
0.131851362685362
0.133549361869141
0.138388652354479
0.147396125313309
0.16125875932199
0.180268941654099
0.204305203976455
0.232841059565544
0.264972881586463
0.29945891433292
0.334763175359479
0.369104039889795
0.400508098028324
0.426871080089498
0.446026292112139
0.455831450444681
0.454289788449252
0.439712515583745
0.410916449847045
0.367438210381402
0.309744546258891
0.239409624978348
0.159216064821791
0.073116805266451
-0.000948003941663989
0
0
0
0
0
0
0
0
0
0
0
0
0
0
0
0
0
0
0
0
0
0
0
0
0
0
0
0
0
0
0
0
0
0
0
0
0
0
0
0
0
0
0
0
0
0
0
0
0
0
0
0
0
0
0
0
0
0
0
0
0
0
0
0
0
0
0
0
