-1.09139895439148
-1.24869098265966
-1.41061628858248
-1.57627914349238
-1.74468296766281
-1.91456876198451
-2.08419986565908
-2.2511537472407
-2.41219613949458
-2.56331131855647
-2.69991463422775
-2.8172233303388
-2.9107435743014
-2.97680079936981
-3.01299579938253
-3.01844886938731
-2.99376308917999
-2.94074157873789
-2.86198741197586
-2.7605250676473
-2.63955384492874
-2.50238943099976
-2.3525731364886
-2.1941037774086
-2.03167921304703
-1.8708173930645
-1.71774302919706
-1.57900339365005
-1.46086794137955
-1.36862710118294
-1.30594022075335
-1.27434747417768
-1.27302675445875
-1.29884712894758
-1.34671270847321
-1.41015659769376
-1.48209911584854
-1.55566119154294
-1.6249057551225
-1.68539476394653
-1.73448634147644
-1.77135914564133
-1.79679950078328
-1.81282409032186
-1.82222432891528
-1.82810927430789
-1.83350003759066
-1.84100072582563
-1.85255661606789
-1.86930068333944
-1.89149899284045
-1.91859615842501
-1.94936046004295
-1.9820968012015
-2.01488782962163
-2.04580662647883
-2.0730828444163
-2.09521919488907
-2.11107339461645
-2.11990092198054
-2.12136564652125
-2.11550223827362
-2.10264666875203
-2.08333951234818
-2.05821707844734
-2.0279067059358
-1.99292101462682
-1.95358615120252
-1.91000576814016
-1.86208731929461
-1.8096300860246
-1.75244093934695
-1.69046139717102
-1.6238764723142
-1.55319755276044
-1.47930313150088
-1.40342742204666
-1.32708272337914
-1.25192422668139
-1.17957828442256
-1.11145908633868
-1.048601826032
-0.991546715299288
-0.940298482775688
-0.894369224707286
-0.852877303957939
-0.814669455091159
-0.778450593352318
-0.742915794253349
-0.706892450650533
-0.669486989577611
-0.630212326844533
-0.589070603251457
-0.546570224066575
-0.503672286868095
-0.461674215892951
-0.422061366339525
-0.386358397702376
-0.356004444261392
-0.332252601782481
-0.316083145638307
-0.308121122419834
-0.308564345041911
-0.317141844580571
-0.333121302227179
-0.35536964982748
-0.382455433408419
-0.412777612606684
-0.4447122986118
-0.476767597099145
-0.507725487152735
-0.536734829346339
-0.563330722351869
-0.587378740310669
-0.60896909236908
-0.628295823931694
-0.645552173256874
-0.660860116283099
-0.674247865875562
-0.685677587985992
-0.695109119017919
-0.702567040920258
-0.708186561862628
-0.712218443552653
-0.71498782436053
-0.716812049349149
-0.717911640803019
-0.718360563119253
-0.718093315760295
-0.716959550976753
-0.714806059996287
-0.711564699808756
-0.707324321071307
-0.702357212702433
-0.697095215320587
-0.692070379853249
-0.687842562794685
-0.684927999973297
-0.683734734853109
-0.684503138065338
-0.68725540737311
-0.691762199004491
-0.697540561358134
-0.703891048828761
-0.709973365068436
-0.714898779988289
-0.717821637789408
-0.718015725413958
-0.71492608388265
-0.708195224404335
-0.697666401664416
-0.683373242616653
-0.665520588556925
-0.644459540645281
-0.620658695697784
-0.594672212998072
-0.567107647657394
-0.538590570290883
-0.509723201394081
-0.481037996709347
-0.452954185505708
-0.425750382244587
-0.399559604624907
-0.374389059841633
-0.350165237983068
-0.326800294220448
-0.304262645542622
-0.282625965774059
-0.262084476649761
-0.242938596755266
-0.225558191537857
-0.210327522208293
-0.197573146472375
-0.187483124434948
-0.180033956964811
-0.174946505576372
-0.171685021370649
-0.169501791397731
-0.167520550390085
-0.164844111849864
-0.160669169078271
-0.154387628659606
-0.145654465382298
-0.134411015237371
-0.120873312776287
-0.105508180335164
-0.0890095739935835
-0.0722703219701846
-0.0563379321247339
-0.0423499111396571
-0.0314525761641562
-0.0247102116700262
-0.0230071091888628
-0.0269434983686854
-0.036735449374343
-0.0521413458821674
-0.0597782334468017
-0.0807938580401242
-0.0951409692255159
-0.117095914358894
-0.0662182088320454
-0.0788649804890156
-0.0569745469838381
-0.0657008613149325
-0.0142158480981986
-0.01718944683671
0
0
0
0
0
0
0
0
0
0
0
0
0
0
0
0
0
0
0
0
0
0
0
0
