-0.883306149174185
-1.07749252810198
-1.27331950384028
-1.46874754919725
-1.66201574662152
-1.85160717543434
-2.03614565905403
-2.21423086699317
-2.3842697353924
-2.54436727832345
-2.69231526290669
-2.82566693249871
-2.94188434937421
-3.03850523163291
-3.11332778369679
-3.16457891464233
-3.19106197357178
-3.19225875069113
-3.16833249260398
-3.1200157474069
-3.04842324817882
-2.95490856731639
-2.84104557598338
-2.70876009324018
-2.56059469896204
-2.40003604047439
-2.23175461853252
-2.06159262797412
-1.89621082474204
-1.74245052477893
-1.60654511171229
-1.4933500289917
-1.40573519117692
-1.34425124701332
-1.30712399763219
-1.29057941016029
-1.28943976233987
-1.29788638563717
-1.31025559060714
-1.32173953336828
-1.32889592647552
-1.32991314635557
-1.32462603905622
-1.31431348183576
-1.30132995633518
-1.28865190814523
-1.27941104243783
-1.27647424445433
-1.28209745182711
-1.29766938966863
-1.32355055388282
-1.3590220563552
-1.40233866607442
-1.45087478441351
-1.50135092174306
-1.55014017049004
-1.59362870104173
-1.62858784899992
-1.65250081174514
-1.66379151624792
-1.66191927124472
-1.64732682003694
-1.62127698169035
-1.58562211429372
-1.54255601939033
-1.49436737509335
-1.443206801134
-1.39087960299324
-1.33869321206037
-1.2873940187342
-1.23720602428212
-1.18795324073118
-1.13922220117906
-1.09052489084356
-1.04143671779072
-0.991699330946978
-0.941286567379447
-0.890430313699386
-0.839619398117065
-0.789579938439762
-0.7412309681668
-0.69560746235006
-0.653750899960013
-0.616590489359463
-0.584831041448257
-0.558852781267727
-0.538633567445418
-0.523711860179901
-0.513209292117287
-0.505918539622251
-0.500450242968167
-0.495418785249486
-0.48963990982841
-0.482303522965487
-0.473094081177431
-0.462239072603338
-0.450480676749173
-0.438979141852435
-0.429160338990829
-0.422528121401282
-0.420467327622806
-0.424066159655066
-0.433985841624877
-0.450396728866241
-0.472983884460786
-0.501012591754689
-0.533439268084133
-0.569041916552712
-0.606546156546649
-0.644724197247449
-0.682468014604905
-0.718850556541892
-0.753177569192998
-0.785024814745959
-0.814247864134171
-0.84096317431506
-0.865505874156952
-0.888372347635381
-0.910151926910176
-0.931443789426018
-0.952762186527252
-0.974443803815281
-0.99658718179254
-1.01904030056561
-1.04142698470284
-1.06318234696108
-1.08358337949304
-1.10178901868708
-1.11690283522886
-1.12805941525628
-1.13452588109409
-1.13580924623153
-1.13175395657034
-1.12260496616364
-1.10901805583168
-1.09200785089942
-1.07284002794939
-1.05288372320287
-1.03345299117705
-1.01566775406108
-1.00035274730009
-0.987984787015354
-0.978681129567763
-0.972218786968904
-0.968080064829658
-0.965527527472552
-0.963707489125869
-0.961772504974814
-0.958995535093195
-0.954851977965411
-0.949053708244773
-0.941541180891149
-0.932439867187949
-0.921998546403997
-0.91051825355081
-0.898289305322311
-0.885541112983928
-0.872405181912815
-0.858887777608984
-0.844848794095656
-0.829993198899662
-0.81387734413147
-0.795936861458947
-0.775538802146912
-0.752065455212313
-0.725021530600155
-0.694145227179808
-0.659484218148624
-0.621414678938249
-0.58059750584995
-0.537890206365024
-0.494243770837784
-0.450605373172199
-0.407841009252212
-0.366681507405113
-0.327697077218224
-0.291303476866554
-0.257797008928131
-0.227404680322198
-0.200327663737185
-0.176760484190548
-0.156882994315204
-0.14083093360943
-0.128653739743373
-0.120269202134188
-0.115423876134788
-0.113669262651135
-0.114361063084182
-0.116684034466743
-0.119698385105414
-0.122401681673877
-0.123801148113082
-0.122988987933187
-0.119208943537053
-0.111902614069336
-0.100733744528364
-0.0856009092839325
-0.0666507370769978
-0.0442923575858859
-0.0192031346763114
0.00768201846992323
0.0351930938332396
0.0619473252445459
0.0863625401740565
0.106666568009292
0.120921293164001
0.127081213628545
0.123096526983906
0.107056249809616
0.0773602302240975
0.0346762667793561
-0.018367679502048
-0.0570859339307336
-0.104180537602481
-0.0935975979356205
-0.109989525640712
-0.0285461580052095
-0.0346301198005676
0
0
0
0
0
0
0
0
0
0
0
0
