-1.05536147455374
-1.38888274629911
-1.72346919775009
-2.05577971537908
-2.38167719046275
-2.69608044624329
-2.99298759301504
-3.26572237412135
-3.50741054614385
-3.71162384748459
-3.873051404953
-3.98805646101634
-4.05505788326263
-4.07471726338069
-4.049922366937
-3.98551656802495
-3.88777840137482
-3.76368673642476
-3.62012906869253
-3.46318952242533
-3.29771171013514
-3.12724363803864
-2.95436143875122
-2.78122979402542
-2.61019289493561
-2.44421086708705
-2.28703697522481
-2.14313371976217
-2.01734944184621
-1.91442317763964
-1.83839702606201
-1.79205070932706
-1.77647532025973
-1.79087354739507
-1.83261972665787
-1.8975627720356
-1.98049901922544
-2.07573305567106
-2.17764735221863
-2.28122365474701
-2.3824458916982
-2.47852482398351
-2.56792356570562
-2.6502185066541
-2.72586470842361
-2.79591882228851
-2.86176460981369
-2.924855808417
-2.9864736199379
-3.04750855763753
-3.10826790332794
-3.16833440462748
-3.22650013367335
-3.2808065811793
-3.32869360844294
-3.36722751458486
-3.39338525136312
-3.40435494979223
-3.39783422152201
-3.37228300174077
-3.32710572083791
-3.26273518800735
-3.18061419328054
-3.08306890726089
-2.97309287389119
-2.85405908028285
-2.72939878702164
-2.6022926568985
-2.47540108362834
-2.35066928466161
-2.22924061616262
-2.11148929595947
-1.99716286857923
-1.88558456301689
-1.77587406833967
-1.66716559727987
-1.55880273381869
-1.45048144459724
-1.34233681360881
-1.23497206966082
-1.12943626443545
-1.02714220186075
-0.929721782604853
-0.838824853301048
-0.755895778536797
-0.68197792271773
-0.617583952844143
-0.562650330364704
-0.516571077207724
-0.478301318983237
-0.446503169834614
-0.419707044959068
-0.396464499334494
-0.37548016756773
-0.355714005728563
-0.336447571714719
-0.317311469465494
-0.298271426310142
-0.279577794174353
-0.261687162021796
-0.245166424661875
-0.230590896060069
-0.218446513017019
-0.209044716010491
-0.202463352431854
-0.198525439947844
-0.196820080280304
-0.196757661178708
-0.197645237048467
-0.198767005155484
-0.199461185062925
-0.199187134082119
-0.19757508362333
-0.194446543231606
-0.189798777922988
-0.18375563248992
-0.176504337539275
-0.168240440388521
-0.159131834283471
-0.149300117666523
-0.138818170875311
-0.127725455289086
-0.116055990879734
-0.103866978858908
-0.0912594070347647
-0.0783925568684936
-0.0654964388716811
-0.052884069737047
-0.0409553014906123
-0.030182709141324
-0.0210718233138323
-0.0141000430254887
-0.00964595521024118
-0.00792322113799552
-0.00893189758062363
-0.012436433758315
-0.017981283327875
-0.0249465742769341
-0.0326277787486712
-0.0403144049147765
-0.0473557547035549
-0.0532176613730068
-0.0575327274855226
-0.0601338432946553
-0.0610606606739263
-0.0605357923389723
-0.058916482104299
-0.0566358026117086
-0.0541485032687585
-0.0518948385336747
-0.050285008464319
-0.0496971896306301
-0.0504765760463973
-0.052924634112666
-0.0572769027979424
-0.0636767151299864
-0.0721499757686009
-0.0825832058520367
-0.0947021554845075
-0.108056689612567
-0.122027926767866
0
0
0
0
0
0
0
0
0
0
0
0
0
0
0
0
0
0
0
0
0
0
0
0
0
0
0
0
0
0
0
0
0
0
0
0
0
0
0
0
0
0
0
0
0
0
0
0
0
0
0
0
0
0
0
0
0
0
0
0
0
0
0
0
0
0
0
0
0
