-1.14527164399624
-1.46467192471027
-1.78454500436783
-2.09964696317911
-2.40426807105541
-2.69221916794777
-2.95688644051552
-3.19140669703484
-3.3889797180891
-3.5433037430048
-3.64907474815845
-3.70249274373055
-3.70169670879841
-3.64708733558655
-3.5415014475584
-3.3902103304863
-3.20071832835674
-2.9823185801506
-2.7453890144825
-2.5004718452692
-2.25728473067284
-2.02389257401228
-1.80625467002392
-1.60825162380934
-1.43211156874895
-1.27903592586517
-1.1497779302299
-1.04499583691359
-0.965313017368317
-0.91113843023777
-0.882356144487858
-0.877999417483807
-0.896009422838688
-0.933151584118605
-0.98513126373291
-1.04691175371408
-1.11319261789322
-1.17896985262632
-1.2400713711977
-1.29357847571373
-1.33807465434074
-1.37369665503502
-1.40198633819818
-1.42553718388081
-1.44748076796532
-1.470917083323
-1.49842692911625
-1.53177516162395
-1.5718394741416
-1.61872006207705
-1.67197451740503
-1.73090007156134
-1.79479043185711
-1.86309744417667
-1.93546975404024
-2.01168278604746
-2.09149753302336
-2.17449523508549
-2.25994032621384
-2.34670639038086
-2.43328812718391
-2.51790453493595
-2.59868521988392
-2.67388574779034
-2.74207679927349
-2.80224886536598
-2.85383003950119
-2.89663772284985
-2.93078882992268
-2.95659196376801
-2.97442354261875
-2.98459514975548
-2.98722702264786
-2.98216162621975
-2.96894842386246
-2.94690738618374
-2.9152340143919
-2.87314668297768
-2.82004927098751
-2.7557045519352
-2.68037801980972
-2.59490332007408
-2.50066095590591
-2.39948038756847
-2.29350228607655
-2.18501406908035
-2.0762717872858
-1.96932879835367
-1.86587084829807
-1.76708440482616
-1.67357705533504
-1.58539108932018
-1.50210628658533
-1.42300978302956
-1.34728322923183
-1.27416521310806
-1.20306494086981
-1.13362139463425
-1.06571706011891
-0.999455831944942
-0.935114495456219
-0.873071279376745
-0.813718941062689
-0.757381562143564
-0.704255633056164
-0.65438599139452
-0.607674472033978
-0.56391105055809
-0.52281791344285
-0.484100798144937
-0.447500130161643
-0.41282844170928
-0.379985278472304
-0.348941093310714
-0.319691300392151
-0.292200880125165
-0.266363440081477
-0.241982565261424
-0.218766187317669
-0.19633162766695
-0.174224472604692
-0.151953589171171
-0.129039170686156
-0.105062200222164
-0.0797033319249749
-0.0527665704721585
-0.0241929783805972
0.00592529715140699
0.037327456229832
0.0695755644701421
0.102075501345098
0.134141303133219
0.165098208934069
0.194398676976562
0.221714193932712
0.24697794392705
0.270380359143019
0.292333906516433
0.313416423276067
0.334295300766826
0.355640660971403
0.378046663478017
0.401976829394698
0.427733791992068
0.455439165234566
0.485006945207715
0.516101667657495
0.548089178279042
0.579994935542345
0.610483635216951
0.637875746935606
0.660216934978962
0.675401926040649
0.681341767311096
0.676158957183361
0.658398054540157
0.627234410494566
0.582650888711214
0.525557631626725
0.457839427515864
0.382297435775399
0
0
0
0
0
0
0
0
0
0
0
0
0
0
0
0
0
0
0
0
0
0
0
0
0
0
0
0
0
0
0
0
0
0
0
0
0
0
0
0
0
0
0
0
0
0
0
0
0
0
0
0
0
0
0
0
0
0
0
0
0
0
0
0
0
0
0
0
0
