-1.68844065842805
-1.92276333879541
-2.1622044245402
-2.40473969777425
-2.64697821935018
-2.88401176311352
-3.10953639171742
-3.31621417292842
-3.49621424851594
-3.64189916186863
-3.74659346651148
-3.805339106807
-3.81552783648173
-3.77728562001829
-3.69353364132069
-3.56969317683467
-3.41306248417607
-3.23197257960284
-3.03487340609233
-2.82953937848409
-2.6225636182008
-2.41922352932118
-2.22369705306159
-2.03950123875229
-1.86992237302992
-1.71822854324623
-1.58758172723982
-1.48072285122342
-1.39956813388401
-1.34483952875491
-1.31583416461945
-1.31040055884255
-1.32514933745066
-1.35585504108005
-1.39796102929998
-1.4470774685895
-1.49939124230985
-1.55195061365763
-1.60282360624384
-1.65114472972022
-1.69706324736277
-1.74160883603273
-1.78648198533941
-1.8337919888673
-1.88577283311773
-1.94451698991987
-2.01175757690712
-2.08870584876449
-2.17594257549003
-2.27334397810477
-2.38004063676905
-2.49440639990347
-2.61409672101339
-2.73613843211421
-2.85707525853757
-2.97315655814277
-3.08055425573278
-3.17559116858023
-3.25495127395347
-3.31585702189693
-3.35620120719627
-3.37463697680721
-3.37061879369948
-3.3443919994213
-3.29692525333828
-3.22979248894586
-3.14501776518645
-3.04490244830096
-2.93186216884189
-2.80830338266161
-2.67654424243503
-2.53877404001024
-2.39704273365162
-2.25326162355917
-2.10920906066895
-1.96652328526532
-1.82668880621592
-1.69101643562317
-1.56061428564566
-1.43633907371097
-1.31874458436613
-1.20806033302236
-1.10421217591674
-1.00688202292831
-0.915590981642405
-0.829798409232387
-0.748996939924028
-0.672781911161211
-0.600887328386307
-0.533192284681179
-0.469713806002228
-0.410586651828554
-0.356033444956497
-0.306325149204996
-0.261739241856116
-0.222518071256302
-0.188828547243719
-0.160725322034624
-0.138124213174537
-0.120792527441625
-0.108355401290788
-0.100313672450957
-0.0960716658996211
-0.0949760691987144
-0.0963611961514862
-0.0995900375699555
-0.104081534125187
-0.109319442952121
-0.114848543924314
-0.120271279028168
-0.125249957872762
-0.129510058297051
-0.132839725249343
-0.135089698765013
-0.13617436643
-0.136070269953322
-0.134809440760701
-0.132471997428823
-0.129186918614087
-0.125143792066309
-0.120609470263675
-0.115935256635701
-0.111539176630753
-0.107855068450725
-0.105255899054033
-0.103970427204061
-0.104015205469396
-0.10516061026741
-0.10694551633464
-0.108745577158751
-0.109882500712518
-0.10974854203286
-0.107919259203805
-0.104236257297021
-0.0988458957937029
-0.0921837748200805
-0.0849054706869302
-0.0777773926103557
-0.0715505049943372
-0.0668429761642107
-0.0640517741321
-0.0633042758089249
-0.0644553011214292
-0.067127366170839
-0.0707815990403846
-0.0747988498597233
-0.0785548920156779
-0.0814858759167018
-0.083148492983094
-0.0832791277379901
-0.0818505716268663
-0.079117341036046
-0.075640717452323
-0.0722864111540494
-0.0701900690242096
-0.0706890190917033
-0.0752234156760904
-0.0852154843785145
-0.101936536530654
-0.126368823978636
-0.159068236748377
-0.200033879390469
-0.186100161185971
-0.225678380992677
-0.207355603023812
-0.224015104549902
-0.161523863121315
-0.178635472500766
-0.111279779010349
-0.11693678189207
-0.0967725250456068
-0.0973621783433137
0
0
0
0
0
0
0
0
0
0
0
0
0
0
0
0
0
0
0
0
0
0
0
0
0
0
0
0
0
0
0
0
0
0
0
0
0
0
0
0
0
0
0
0
0
0
0
0
0
0
0
0
0
0
0
0
0
0
