-0.558149758888328
-0.510219126939774
-0.461187457260878
-0.411259232655815
-0.360749514206596
-0.310109288796135
-0.259904562779095
-0.210767567157745
-0.163346539696921
-0.118270696667225
-0.0761256924951854
-0.0374230215213332
-0.00255750368713685
0.0282380751982007
0.0549328860057437
0.077730281845383
0.0970852245455203
0.1136924446277
0.128431485560925
0.142266718265803
0.156116080348906
0.17071048202722
0.186461259813412
0.203348460404769
0.220847610546195
0.237917260955209
0.253058634698391
0.264440277510363
0.27006373392499
0.267940595422102
0.256272221834439
0.233644819656468
0.199248500492262
0.15309738740325
0.0961917148619566
0.0305527354813302
-0.0409071586681935
-0.114668039362068
-0.186995954293272
-0.254390347910964
-0.314029762278432
-0.364160583071087
-0.40436765940293
-0.435667153285897
-0.460383848003719
-0.481815689283869
-0.503735675759937
-0.529818546512853
-0.563096783731295
-0.60554095066112
-0.657826693161674
-0.719307147938272
-0.788171312083369
-0.861739943856778
-0.936836755794028
-1.01017170885335
-1.07869332251341
-1.13989284764165
-1.19205152729283
-1.23441680617954
-1.26726692137511
-1.29182354263637
-1.31001633664836
-1.32414580946383
-1.33650901524917
-1.34904319307078
-1.36303848287334
-1.37896049022675
-1.3964109265286
-1.41422647496928
-1.43069974754168
-1.44387662410736
-1.45188331604004
-1.45322277753249
-1.44700140020122
-1.43306049574976
-1.41199786766716
-1.38507681307585
-1.35405082287996
-1.32094217901645
-1.2878127720045
-1.25654359485792
-1.22864596740059
-1.20512396356334
-1.18640474651171
-1.172342080137
-1.16229407424512
-1.15526666848556
-1.15010039184404
-1.14567137023677
-1.14106478639271
-1.13570112508276
-1.12939037706541
-1.12231641230376
-1.11497000507686
-1.10806374705356
-1.10244945598685
-1.09904019728951
-1.09872795447059
-1.10229019496752
-1.1102935956872
-1.12300873839337
-1.14035588762035
-1.16187881386798
-1.18676254023676
-1.21389827520951
-1.24200092191282
-1.26976551180301
-1.2960350824439
-1.319944848185
-1.34102220120637
-1.35923104182534
-1.37494854305101
-1.38887458780537
-1.40188201095747
-1.41484590716984
-1.42848247030507
-1.44322434197301
-1.45915210765341
-1.47597728604856
-1.49307066979616
-1.50950980186462
-1.5241373570069
-1.53562598643096
-1.54255277695863
-1.54348807749541
-1.53710415570632
-1.52231010146763
-1.49839247309643
-1.46513082670129
-1.42285961171855
-1.37247434388036
-1.31537546282229
-1.25336330351622
-1.18849672960198
-1.12293294720028
-1.05876701292784
-0.997875045175138
-0.941776091637819
-0.891534919324129
-0.847725313642751
-0.810462775437728
-0.779494231161864
-0.754317226617233
-0.734294189059216
-0.71873307487239
-0.706930248633675
-0.698191585748092
-0.691850724427596
-0.687292181927225
-0.683973219083703
-0.681433809840161
-0.67929097103036
-0.677225442036338
-0.674974773241126
-0.6723396493041
-0.669195727161739
-0.665492931137914
-0.66122955083847
-0.656404961710391
-0.650973996390467
-0.644824100577313
-0.6377832526746
-0.629647109819495
-0.620215568853461
-0.609331605227097
-0.596913832685222
-0.58297415142474
-0.567621141672134
-0.551057060127673
-0.533569709114406
-0.51550887071568
-0.497247084327366
-0.479137129109839
-0.461474861787713
-0.444471168777217
-0.428233705137087
-0.412762803875882
-0.397968673187753
-0.383712417405585
-0.369860172271729
-0.356330322182697
-0.343118067668832
-0.330295164300048
-0.317991347416588
-0.306367529475171
-0.295586810811706
-0.285785529276599
-0.277044221110966
-0.269363059945728
-0.262653300295705
-0.256755464750787
-0.251482547625251
-0.246674428815427
-0.242248564310696
-0.23823690738367
-0.234800863525142
-0.23222061538178
-0.230862728927446
-0.231138377085976
-0.233462642716325
-0.23821884588055
-0.245722542638364
-0.256177515439365
-0.2696142701999
-0.285811035529427
-0.304201939831609
-0.323787420988083
-0.343067903881488
-0.360020384840343
-0.372134706248408
-0.376516211292018
-0.370055376187615
-0.349661253068758
-0.312554216903189
-0.256611721023269
-0.180746767831885
-0.0852859316636687
0.0276977830027412
0.154152697519116
0.287986592106197
0.421260065358618
0.544720652310745
0.648729521295299
0.694496517596037
0.733812910059224
0.669426363447438
0.640647087408149
0.171973301016766
0.148801785448323
