-0.370533061938153
-0.328135951525635
-0.288727124532064
-0.253963750269678
-0.22469829602374
-0.200811635288927
-0.181190939413177
-0.16386528685689
-0.146277947558297
-0.125642433141669
-0.0993180849020266
-0.0651530122073988
-0.0217611847393629
0.0312910137905015
0.0934181422409084
0.163088479286267
0.238028395507071
0.31552374528514
0.392779818839497
0.467290666368273
0.537135947081778
0.601104731361071
0.658593230777317
0.709316452344259
0.752946509255303
0.788825273513794
0.815873867935605
0.832737521992789
0.838080810176002
0.830862502257029
0.810453934801949
0.776598599221971
0.729342473877801
0.669088506036335
0.596812612480587
0.514324095514086
0.424404282536772
0.330711382544703
0.237440914665866
0.148824934511342
0.068599220054845
-0.000444899623592695
-0.0567532235601347
-0.100124280589322
-0.131655279482301
-0.153534730741133
-0.168700890719063
-0.180404568711917
-0.19174866994015
-0.20529505237937
-0.222803178113989
-0.245124879396624
-0.272238205600944
-0.303381832006077
-0.337244467240655
-0.372176493776755
-0.40640329859323
-0.438235039098395
-0.466268668572108
-0.489567226005925
-0.507785903082954
-0.521208167903953
-0.530672719909085
-0.537402584320969
-0.542768200238546
-0.548030980759197
-0.554127077261607
-0.561546875370873
-0.570343361960517
-0.580258775088522
-0.590917785962423
-0.602017048332426
-0.613454037242465
-0.625365399652057
-0.638083517551422
-0.652040667004055
-0.667665865686205
-0.685303482744429
-0.705161929130554
-0.727283236053255
-0.751528253157934
-0.777576025989321
-0.804938160710865
-0.832987017101712
-0.860994335677889
-0.888185050752428
-0.913811594247818
-0.937253223525153
-0.958124511771732
-0.976364341047075
-0.992276479800542
-1.00650693310632
-1.01995824774106
-1.03366827302509
-1.04868022931947
-1.06593085991012
-1.08616183201472
-1.10985441340341
-1.13719267977609
-1.16806133588155
-1.20208589235942
-1.23870613177617
-1.27727092636956
-1.3171333471934
-1.35773410399755
-1.39865981870227
-1.43966728448868
-1.48066551817788
-1.52165776491165
-1.56266591946284
-1.60366801420848
-1.64456308550305
-1.68515994813707
-1.7251802749104
-1.76426555713018
-1.80198527706994
-1.83786151806513
-1.87140475379096
-1.90215537283156
-1.9297008977996
-1.95365848806169
-1.97363554769092
-1.98917551835378
-1.99971103668213
-2.00453744994269
-2.00282116068734
-1.9936591386795
-1.97617244720459
-1.94960999488831
-1.91343885660172
-1.86741412348217
-1.81163412994809
-1.74657187859217
-1.67307345734702
-1.59232311116325
-1.50579713450538
-1.41522234015995
-1.32253943549262
-1.22985273599625
-1.13935169908735
-1.05319713552793
-0.97338115506702
-0.901582221190135
-0.839044723245833
-0.786505271991094
-0.74418666627672
-0.711844778723187
-0.688846419254939
-0.67425924870703
-0.666945844888687
-0.665657132863998
-0.669116685787837
-0.676084097888735
-0.685394515593847
-0.695980191230774
-0.706887188884947
-0.717288063632117
-0.726485123236974
-0.733907984362708
-0.739114393790563
-0.741800218820572
-0.741807305150562
-0.739128142595291
-0.733907606866625
-0.726436777247323
-0.717130233844121
-0.706484297911326
-0.695031020376417
-0.683301839563582
-0.671809643507004
-0.661045061217414
-0.651480966144138
-0.643579920132955
-0.637796011235979
-0.63456098569764
-0.634243289629618
-0.637079877985848
-0.643092158767912
-0.65201007326444
-0.66324238313569
-0.675930821233325
-0.689101874828339
-0.701880504687627
-0.713688532511393
-0.724356333414714
-0.734118663602405
-0.743512603971693
-0.753225223885642
-0.763937175273895
-0.776193668444951
-0.790316952599419
-0.806358757946226
-0.824096474382612
-0.843070914347967
-0.862660934527715
-0.882174746857749
-0.90094949470626
-0.918452928463618
-0.934383064508438
-0.948738442526923
-0.961832367711597
-0.974229600694444
-0.986609035068088
-0.999584469530318
-1.01351986991035
-1.0283642411232
-1.04351969891124
-1.05775011579196
-1.06913482811716
-1.07507096065415
-1.07234219710032
-1.05727033482658
-1.02595022651884
-0.974555475844277
-0.899697648154365
-0.798823320203357
-0.670628865559896
-0.515449182854758
-0.335560287038485
-0.135331718044149
0.0787994349375367
0.298523902893066
0.514000674088796
0.714364833301968
0.888482921653324
1.02600826819738
1.11863066090478
1.16125477022595
1.1528175274531
1.09653661648432
