-0.533061947892694
-0.475563179044163
-0.4177966187982
-0.361487378092373
-0.308480632655761
-0.26068236459704
-0.219985610421966
-0.188197893254897
-0.166976660051767
-0.157763612182701
-0.161698769120609
-0.17950095586917
-0.211321870632031
-0.256602982826093
-0.313973169116413
-0.381218332578154
-0.455345386967939
-0.532735137378468
-0.609354427632164
-0.680993644630208
-0.74354368798873
-0.793337723788093
-0.827537007191602
-0.844480353243211
-0.84392688554876
-0.827147760811974
-0.79685551629347
-0.756969034671783
-0.712229637538686
-0.667706594747655
-0.628255752956166
-0.598011952989242
-0.579976360587513
-0.57574141200851
-0.585376068073161
-0.60749573041411
-0.639540314674377
-0.678247304523692
-0.720244204296785
-0.762629140825833
-0.803415161721847
-0.841760312809664
-0.877965131226708
-0.913266974336961
-0.949496651397032
-0.988676313091727
-1.03263640754363
-1.08271361799801
-1.13955459173988
-1.2030265120899
-1.27221091354595
-1.34545371812933
-1.42046253821429
-1.49445852812599
-1.56439124836641
-1.62721549763399
-1.68019803832559
-1.72120955411126
-1.74895189088934
-1.76307189464569
-1.76414464501774
-1.75353471671834
-1.73318084548501
-1.70534988010631
-1.67238666730769
-1.63646867695977
-1.59937895746792
-1.56233628357158
-1.52592345546274
-1.49013115377987
-1.45451016987071
-1.41839117863599
-1.38111960186678
-1.34225836922141
-1.30172506150077
-1.25985646949095
-1.21740139231962
-1.17545499871759
-1.13533603794434
-1.09841467352474
-1.06591578792123
-1.03873432734433
-1.0173081054407
-1.00157645169426
-0.991024336394142
-0.984787604388069
-0.981788298662971
-0.980881322832668
-0.980995598961325
-0.981262469992918
-0.981114398030674
-0.980335947345285
-0.979061235399807
-0.977724432945251
-0.976986120728885
-0.977647774359759
-0.980564825675067
-0.986550552003524
-0.996272300972658
-1.01015000132953
-1.02828493188409
-1.05043614962522
-1.07604735739091
-1.10430149471059
-1.13419574148515
-1.16463879977956
-1.19455732317532
-1.22298764481264
-1.24913203015047
-1.27237794679754
-1.29229696357951
-1.3086354452021
-1.32129653061137
-1.3303169222439
-1.33582967169145
-1.33802046495325
-1.3370757523705
-1.3331320215674
-1.32623349217808
-1.31630667518167
-1.30316994470709
-1.28657521921046
-1.26627670316135
-1.24210537181181
-1.21403137375327
-1.18221117468441
-1.14701456883374
-1.10903026075924
-1.0690528960789
-1.02804791927338
-0.987098224022809
-0.94732681092094
-0.909809073981117
-0.875489610082963
-0.845119209850536
-0.819209908737856
-0.798005328458898
-0.781465155236861
-0.769264789188609
-0.760814554551069
-0.75530563733157
-0.751780292567085
-0.749222559087417
-0.74665282053106
-0.743209042969872
-0.738202081007116
-0.731142706730787
-0.721747230080997
-0.709932386875153
-0.695796998108135
-0.679586883853464
-0.661636959103977
-0.642304010250989
-0.621914867092581
-0.600746982237872
-0.579034889445585
-0.556984655997332
-0.534777574679431
-0.512561827898026
-0.490447410765816
-0.468511420137742
-0.446813937495737
-0.425422091694439
-0.404438695486854
-0.384024409686818
-0.364399003631928
-0.345821461256813
-0.328562045798582
-0.312879143392338
-0.29900363175308
-0.287129364469472
-0.27740722544053
-0.269936039167292
-0.26474672117654
-0.261786535382271
-0.260914735057775
-0.261909960823901
-0.264480348895578
-0.268271090353236
-0.272878875627237
-0.277874979902716
-0.28283273823121
-0.287350957884508
-0.291073338073843
-0.293706751045059
-0.295041787273744
-0.294968832941616
-0.293481330661213
-0.290667841539663
-0.286701287416851
-0.281827993252698
-0.276349679512136
-0.270599194309291
-0.264918660416323
-0.259644905433935
-0.25509804837844
-0.251574677579543
-0.24934762979255
-0.248669448144296
-0.249767750501633
-0.25282299693893
-0.257928535342216
-0.265035830876406
-0.273888349533081
-0.283947436248555
-0.294317124521031
-0.303681633051704
-0.310278492815354
-0.311928572023616
-0.306140452623367
-0.290296068962883
-0.261915291933452
-0.218987045919194
-0.160343176740057
-0.0860275534145972
0.00240394162178478
0.10172007791698
0.207046126618105
0.312141776961439
0.409956683130825
0.493443957146476
0.556516212575576
0.212952582275166
0.179769761422101
0.0331591963768005
0.031877899871153
0
0
0
0
