0.699185216556425
0.63459683533596
0.594524260448373
0.592280474693879
0.643673143309096
0.766008024630339
0.97648901913477
1.28990112698596
1.71563449631567
2.25437618338543
2.89505370803501
3.61276014991429
4.36841290930043
5.11094024906988
5.78271840966266
6.32804567917534
6.70247245871502
6.87974185528963
6.85435587426891
6.63992207983266
6.26469622487607
5.76584652195806
5.18374223294465
4.55712469764378
3.91969014250714
3.2982005658357
2.71193310488825
2.17305883635645
1.68759587536687
1.25666801825814
0.877852553906648
0.546418618896733
0.256362944841385
0.00124428384815869
-0.225158430311991
-0.428336033354635
-0.612639050120893
-0.780920837236487
-0.934270882088205
-1.07196316511735
-1.19174844026566
-1.29053803112196
-1.36538307563118
-1.41452110591142
-1.43819089039512
-1.43896612395411
-1.42153039963349
-1.39201660519061
-1.3571441795515
-1.32338907666828
-1.29632670464723
-1.28019448985224
-1.27766478061676
-1.28981207764667
-1.31622911795326
-1.35523588761039
-1.40412316374157
-1.45940639661706
-1.51708699309308
-1.57293525208598
-1.62278222260268
-1.6627779421599
-1.68956997861033
-1.70037731657857
-1.69300491654355
-1.66585613851962
-1.61795721105907
-1.54896053930987
-1.45909480685773
-1.34906943595928
-1.21997169891129
-1.07319130602738
-0.91038569484068
-0.733470604471538
-0.544610747986514
-0.346186140066256
-0.140707723917845
0.0693289394611898
0.281620185417326
0.494206044741947
0.70555490222962
0.914577046814172
1.1205780506134
1.32315320035686
1.52202837881835
1.71686211357946
1.90707074559253
2.09175366940706
2.26975804826488
2.4398579545643
2.6009856203328
2.75243221158567
2.89394910439201
3.02570405213729
3.14811605992525
3.26162798508354
3.36650624482528
3.46271350072778
3.54987795456596
3.62733655390532
3.69423231871232
3.74963100060173
3.79265640092933
3.82260944532311
3.83906169559645
3.84188422949418
3.83122178782587
3.80742292818816
3.77097128785175
3.72243609635726
3.66245577646338
3.59176744585452
3.51124108355978
3.42189303688381
3.32486187893411
3.22135266013767
3.1125809006069
2.99972427409628
2.88389030746792
2.76608910767928
2.64720603694086
2.52797796415246
2.40898496171702
2.29066432040671
2.17335209639176
2.05734689339348
1.94297572322514
1.83064900273862
1.720884685931
1.61429642594379
1.51154971641043
1.41330226089643
1.32014669542727
1.23256384030632
1.15087817026221
1.07520583401556
1.00540185233821
0.941033837587937
0.881400867648747
0.825594718041627
0.772573266340339
0.721216748590055
0.670360778984816
0.618826478719711
0.565466056699338
0.509227496126424
0.449235794984776
0.384889379143715
0.315951619783173
0.242607492467631
0.165467209263664
0.0855153753705647
0.00401179723279632
-0.0776418434536975
-0.158047761606134
-0.235942664677682
-0.310292778455693
-0.380338409672613
-0.445574734521949
-0.50566728607468
-0.560334602127904
-0.60925014640974
-0.651997874612394
-0.688081453675809
-0.716979187467824
-0.738235038259755
-0.751576978227367
-0.757047285204348
-0.755135144876397
-0.746901335923568
-0.734071897423786
-0.719065728394882
-0.704907285130542
-0.694985485595206
-0.692643639834031
-0.700657606124878
-0.720752848231274
-0.753340096577354
-0.79753698732542
-0.851418057213659
-0.912389905556389
-0.977609429670417
-1.04438227415085
-1.11047626059988
-1.17429878919021
-1.23491964132889
-1.29198863195336
-1.34563259456469
-1.39639958091404
-1.44525949333025
-1.49363832370095
-1.54345244428386
-1.59711432975271
-1.65748484238334
-1.72774062467658
-1.81113054441369
-1.91061988602514
-2.02843931446905
-2.16554611143859
-2.32100679563439
-2.49134552997092
-2.6699550566466
-2.84668802178424
-3.00774257079415
-3.13593031012494
-3.21138877454011
-3.21279257276784
-3.11909973103067
-2.91183683146601
-2.5778399343076
-2.11223945928657
-1.52129948139191
-0.824536192676295
-0.0553969527473268
0.740250237610029
1.50842964130899
2.19429459779159
2.75112471373185
3.14812804305035
3.37383060869963
3.43426592453666
3.34800157339677
3.14069488774175
2.84081721305847
2.37098530064458
1.98901194593181
1.45641179706739
1.10798663678377
0.243754938892696
0.158497976220172
