1.83937399010909
2.00197251846916
2.18281739009054
2.38573532982876
2.61581605359128
2.87885736164294
3.18047408053749
3.52478904473154
3.91270640021876
4.33996814175656
4.79541321804649
5.26002226377788
5.70726127373545
6.10507668946919
6.41957237845973
6.61995117287887
6.68372573350605
6.60079097747803
6.37502810829564
6.02287751749942
5.56953216853895
5.04425656168084
4.47627855602064
3.89191385319358
3.31298991253502
2.75622887360422
2.23321949808221
1.7507262104436
1.31121476700431
0.913560371649893
0.553927109429711
0.22678141374337
-0.0740205404030061
-0.354158074693068
-0.617889193327803
-0.86731712284841
-1.10196483448932
-1.31870954758243
-1.51209612269151
-1.67503651976585
-1.79987866000125
-1.87975926148264
-1.9100243700178
-1.88940412747233
-1.82068507294906
-1.71074668984664
-1.56996693736628
-1.41110738641337
-1.24789366439769
-1.0935492154799
-0.959518262430241
-0.854529620001191
-0.784070654919273
-0.75026517596684
-0.752105869352818
-0.785962634964993
-0.846277932587423
-0.926357194781303
-1.01915252522418
-1.11794926147712
-1.21689482895952
-1.31134935586076
-1.39806135390934
-1.47517660103346
-1.5421009110777
-1.59924584627151
-1.647677554896
-1.68871144244545
-1.72350472839255
-1.7527277053971
-1.77636827724545
-1.79368497480295
-1.80330824675529
-1.80345233098457
-1.79217124377426
-1.76758271612619
-1.7280270021997
-1.67219087873635
-1.59923998384099
-1.50896951320924
-1.40192813387043
-1.27945270997129
-1.14356921417148
-0.996785639932281
-0.841837392041558
-0.68145849536124
-0.518217266390198
-0.354414455200496
-0.192034265075467
-0.0327367978660684
0.122128655055636
0.271510942986137
0.414651041348024
0.551076240518964
0.680588988881362
0.803253455381644
0.919379883690884
1.02949694583291
1.1342921257019
1.23450390916122
1.3307574171769
1.42337747624046
1.51226285256838
1.59690209438926
1.67652840363352
1.75033266293375
1.81763213559201
1.87795047383559
1.93101255517257
1.97669865583119
2.01499286450838
2.04596079650678
2.069761489567
2.08669474250392
2.09723776265195
2.10204554858961
2.10189051377146
2.09757128514742
2.08981259245622
2.07918687243211
2.06606218689366
2.05058784233896
2.03270504349156
2.01218391719617
1.98867009188
1.96174182389912
1.93097221851349
1.89599241708454
1.85655398745286
1.81258091173674
1.76419909376847
1.71173274517059
1.65567418148643
1.59665311637678
1.53540411120967
1.47274224381698
1.40952853152626
1.34662365285974
1.28483170584628
1.22484021437796
1.16717566000788
1.11218708753586
1.06004416942596
1.01073261624888
0.964034011489467
0.919504250350751
0.876454591751099
0.833946137051833
0.790799283667615
0.745635372243429
0.696964110198774
0.643318169995358
0.583415789823783
0.516327551419013
0.441616586164424
0.359431243746689
0.270531937308413
0.176242207029932
0.0783371267729978
-0.0210938544355725
-0.119773082386114
-0.215330214092606
-0.305371428839862
-0.387539146762145
-0.459578674874808
-0.519429879753213
-0.565368286873165
-0.596212984699952
-0.611580685565346
-0.612127774640133
-0.599713466669384
-0.577433763365996
-0.549494638254768
-0.520905394303171
-0.496976214019876
-0.482633554621747
-0.481654656560797
-0.496006096664228
-0.525497434954894
-0.567885877270448
-0.61940325718177
-0.675525781355406
-0.731767616773907
-0.784330703710255
-0.830534800102836
-0.869035482406616
-0.89987229673486
-0.924400997789283
-0.945140201794474
-0.965559215922105
-0.989832529896184
-1.02258428460673
-1.0686216605337
-1.13263595104218
-1.21884792102011
-1.33058393001556
-1.46976736344789
-1.63632862191451
-1.82759059102912
-2.03773481594889
-2.25746682443117
-2.47395737547623
-2.67107771572314
-2.8299113323814
-2.92955005796332
-2.94825837486669
-2.8650943229073
-2.66205559278789
-2.32666257180666
-1.85474187449405
-1.25303118479879
-0.5411230349227
0.247858523636272
1.06856678661547
1.86742309520119
2.58941699329175
3.18658584042599
3.625803884707
3.89322661098681
3.99387279309724
3.94712267423931
3.78056672999733
3.52448292782432
3.20793171932823
2.85645200076856
2.49094428514179
2.12736996224052
1.77707202183573
0.613956382400111
0.485180553637053
