-0.960582281861986
-1.03163819653647
-1.0225204257738
-0.90666461558569
-0.6601609090964
-0.264614628095712
0.289931784927224
1.00235741904804
1.85851691450391
2.83049559593201
3.87767744064331
4.95029426756359
5.99585290182204
6.96759671256656
7.83216951006935
8.57329093842279
9.19077818734305
9.69688361031669
10.1120560509818
10.4608075732277
10.7676620937529
11.0532778785342
11.3314982822963
11.6082240967523
11.8823617753528
12.148167973473
12.3979051680792
12.6239638555618
12.820125625247
12.9820798692249
13.107425508045
13.1953089577811
13.2457556043352
13.2588894707816
13.2341749100458
13.1699553444272
13.0633875528971
12.9107913062686
12.708291099185
12.4525625138056
12.1415243602934
11.7748710995629
11.354374068124
10.8839181264242
10.3693146932693
9.81791042146229
9.23805704570952
8.63851674397787
8.02786986033122
7.41407133284069
6.80419272468204
6.20432238351731
5.61957002821423
5.05413382393973
4.51142186210269
3.99423915999276
3.50501863161723
3.04604458808899
2.61961820012047
2.22812866596949
1.87403125422341
1.55973796049754
1.28743775685628
1.05889011564709
0.87524659718786
0.736946453650792
0.643691702258019
0.594450003334454
0.58745958336762
0.620232496942793
0.689569257554554
0.791596401305426
0.921831431842986
1.07528226148515
1.24658338796525
1.43016714141482
1.62044741426195
1.81198434034983
1.99962174324762
2.1786212467012
2.34480232284183
2.49467824754261
2.62557697296143
2.73571500324068
2.82420265106928
2.8909574122656
2.936537924267
2.96194802011762
2.96845172700428
2.95743752661205
2.93032592818851
2.88850154195513
2.83325741404579
2.76575855981736
2.68702871458871
2.59796237945557
2.49935267085121
2.39190966742379
2.27626142615364
2.15293550491333
2.02234948816754
1.88484162943704
1.74074574311574
1.59049652303968
1.43473289694105
1.27437106484459
1.11063724756241
0.945055183910188
0.779387715316954
0.615531732638677
0.455377501391229
0.300651513040066
0.152756160923413
0.012607389776912
-0.11952174248706
-0.244123577716805
-0.362507126870609
-0.47674516978718
-0.589510252078374
-0.703812604858762
-0.822655462083362
-0.948629279931386
-1.08349338883445
-1.22782614117577
-1.38082136994316
-1.54029203596569
-1.70289607842763
-1.86455960500808
-2.02101770469121
-2.16836256640298
-2.30349234172276
-2.4243708110991
-2.53009571347918
-2.62079767953782
-2.69744288353693
-2.76160922504607
-2.81529053052266
-2.86074764387948
-2.90039492788769
-2.93668212209429
-2.97196769714355
-3.00840517452785
-3.04785131272816
-3.0917903922853
-3.14126139595395
-3.19677472114563
-3.2582164151328
-3.32475011689322
-3.39472016834077
-3.46556064060756
-3.53374126979283
-3.59478220485506
-3.6433717977433
-3.67361762410118
-3.67944250788007
-3.65514503206526
-3.59608963557652
-3.49945221628462
-3.36487177440098
-3.19482373055958
-2.99453935169038
0
0
0
0
0
0
0
0
0
0
0
0
0
0
0
0
0
0
0
0
0
0
0
0
0
0
0
0
0
0
0
0
0
0
0
0
0
0
0
0
0
0
0
0
0
0
0
0
0
0
0
0
0
0
0
0
0
0
0
0
0
0
0
0
0
0
0
0
0
