-0.612269274614475
-0.634049704781285
-0.624227211431221
-0.567656106419034
-0.446992517621429
-0.243963482065333
0.0587608176671589
0.475186682961605
1.0133196093418
1.67254251020926
2.44156813621521
3.29763507843018
4.20762417934559
5.13153688995927
6.02815523854008
6.8617525100708
7.6077894281458
8.25569998776471
8.8084839714898
9.28026460718226
9.69280910491943
10.0712955616139
10.4396132363213
10.8160817534835
11.2106538348728
11.624301203975
12.050463075991
12.4777198014436
12.8927043279012
13.2825627150359
13.6367115091394
13.9479346451936
14.2128934860229
14.4320589348122
14.6091122450652
14.7499377285993
14.8614439787688
14.9504877019812
15.0229928051984
15.0833540315981
15.1340672528302
15.1755679095233
15.2063091066149
15.2230259930646
15.2212351339835
15.1958753091318
15.1420145388003
15.0554579275626
14.9332020371049
14.7736638740257
14.5767440089473
14.3437170805754
14.0770384117409
13.7801528860022
13.4573149504485
13.1134284690574
12.7538385391235
12.3840884809141
12.0096516079373
11.635697082237
11.2669164516308
10.9074640627261
10.5609806555289
10.2306520673964
9.91926574707031
9.62924890164976
9.36267718562373
9.12125333150228
8.90624240592674
8.71837958583125
8.557776927948
8.42383162180583
8.31517804110492
8.22970674656056
8.1646662818061
8.11682160695394
8.08262014389038
8.05835029813978
8.04027048746745
8.0247294637892
8.0082827144199
7.98783249325222
7.9607504385489
7.92501341855084
7.87928936216566
7.82300383956344
7.75634857460305
7.68022350028709
7.59609861727114
7.50581407546997
7.41136095258925
7.31465675212719
7.21735171918516
7.12066804038154
7.02529230824223
6.93132340466535
6.83829710218641
6.74526421229045
6.65090937084622
6.55368043758251
6.45192935731676
6.34403149286906
6.22850571738349
6.10409876152321
5.96983791280676
5.82505980244389
5.66942036593402
5.50290913052029
5.32586336135864
5.13897337736907
4.94326259471752
4.74002495518437
4.53073928974293
4.31696467929416
4.10025083577191
3.88206802474128
3.66374476750692
3.4464082982805
3.23094104837488
3.01797046484771
2.8079107425831
2.60103994828683
2.39758514474939
2.19779514824903
2.00199289675112
1.81061965006369
1.62425665060679
1.44360501236386
1.26941606733534
1.10240261201505
0.9431669138096
0.792171329259872
0.64975181111583
0.516166192513925
0.39165306477635
0.276483830202509
0.170988781239699
0.0755459775251371
-0.00946788084520786
-0.0837509676952053
-0.147154336795211
-0.199747164492254
-0.241860601913046
-0.274109600870698
-0.297398100296656
-0.312918309812193
-0.322159326186887
-0.326936631291001
-0.329439567195045
-0.33227687853354
-0.338492610940227
-0.351520863948045
-0.375052326255374
-0.412794636355506
-0.468133391053588
-0.543720459496533
-0.641027987003326
-0.759922729598151
-0.898345953888363
-1.05221160915163
-1.21563736376939
-0.0584779536282575
0
0
0
0
0
0
0
0
0
0
0
0
0
0
0
0
0
0
0
0
0
0
0
0
0
0
0
0
0
0
0
0
0
0
0
0
0
0
0
0
0
0
0
0
0
0
0
0
0
0
0
0
0
0
0
0
0
0
0
0
0
0
0
0
0
0
0
0
