-1.32575718561808
-1.51945511500041
-1.68667086958885
-1.81265656153361
-1.88174097736677
-1.87842427690824
-1.78881802161535
-1.60243927439054
-1.31425149242083
-0.926679189006487
-0.451183407257001
0.0911519808578305
0.670665773252646
1.25235916674137
1.80140288670858
2.28991483648618
2.70269080003103
3.03950240214666
3.3133832414945
3.54635520776113
3.76446616649628
3.99327687422434
4.25422803560893
4.56200315554937
4.92304048935572
5.33533314863841
5.7894984682401
6.27075894673665
6.76137757301331
7.24308017889659
7.69911682605743
8.11575591564178
8.48306878407796
8.79498815536499
9.04878791173299
9.24428037802378
9.38302262624105
9.46771442890167
9.50180371602376
9.48921950658162
9.43413758277893
9.3407236735026
9.21288418769836
9.05407245953878
8.86721420288086
8.6547966003418
8.41905585924784
8.16219480832418
7.8865715265274
7.59482447306315
7.28992553551992
6.97515304883321
6.65398967266083
6.32998597621918
6.00660638014476
5.68707223733266
5.37420678138733
5.07035032908122
4.77735904852549
4.49673656622569
4.22981339693069
3.97792919476827
3.74253727992376
3.52522345383962
3.32764861981074
3.1514436006546
2.99808881680171
2.86881113052368
2.76451138655345
2.68571797013283
2.63257126013438
2.60481896003087
2.60182276368141
2.62255325913429
2.66558915376663
2.72913718223572
2.81107737620672
2.90904001394908
3.02050139506658
3.14290297031403
3.273763636748
3.4107627471288
3.5517787138621
3.69491368532181
3.83850779136022
3.98113363981247
4.1215626001358
4.25870871543884
4.39156097173691
4.5191285610199
4.64040187994639
4.75433925787608
4.85988187789917
4.95599949359894
5.04175448417664
5.11636598904928
5.17925719420115
5.23006800810496
5.26865267753601
5.29505228996277
5.30946270624797
5.31220142046611
5.30368586381276
5.28442720572154
5.25503186384837
5.21619395414988
5.16865750153859
5.11313585440318
5.05019251505534
4.98009578386943
4.90269140402476
4.8173234462738
4.72286021709442
4.61780675252279
4.50050661961238
4.3693590760231
4.22303167978923
4.06063016255697
3.88183093070984
3.68697212139765
3.47710074981054
3.25395770867666
3.01988822221756
2.77770186463992
2.53050585587819
2.28154626488686
2.03406554460526
1.79116512835026
1.55567155281703
1.33001841108004
1.11615721136332
0.915506597608328
0.728934474056587
0.556763607698182
0.398794880602509
0.2543545163547
0.122362314412991
0.00141546688973904
-0.110116526484489
-0.213982147591499
-0.311926545963312
-0.405568365628521
-0.496299643069506
-0.585227611164252
-0.673157818615437
-0.760603378216426
-0.847819407780965
-0.934875771403313
-1.02175256113211
-1.10842082401117
-1.19485447804133
-1.28096298376719
-1.36649619539579
-1.45100565751394
-1.53391440709432
-1.61467919747035
-1.69298169016838
-1.76889251669248
-1.84297070900599
-1.91630743940671
-1.9905428091685
-2.06788704792658
-2.15114284555117
-2.24368178844452
-2.34930890798569
-2.47194080551465
-2.61507962147395
-2.78113766511281
-2.97072660923004
-3.18205926815669
-3.41060417890549
-3.64911107222239
-3.88810414075851
-4.11688017845154
-4.32494537035624
-4.50364951292674
-4.64760184288025
-4.75543800989787
-4.82976051171621
-4.87633224328359
-4.90279444058736
-4.91717414061228
-4.92650588353475
-4.93583790461222
-4.94775597254435
-4.9623924891154
-4.97776023546855
-4.99024939537048
-4.99516876538595
-4.98730103174845
-4.96145347754161
-4.91299490133921
-4.83835673332214
-4.7354652484258
-4.60404952367147
-4.44580209255219
-3.9377960562706
-3.75428328911463
-3.23923393090566
-3.05833911895752
-1.7706471880277
-1.66095664103826
-1.04241240024567
-0.975021302700043
-0.236567854881287
-0.218045512835185
0
0
0
0
0
0
0
0
0
0
0
0
0
0
0
0
0
0
0
0
0
0
0
0
