-0.963494800604307
-0.958583552103776
-0.862319671190702
-0.650536204759891
-0.302072043602283
0.198119111359119
0.855583851154034
1.66308406683115
2.59793382424575
3.62063798537621
4.6756554383498
5.69518052614652
6.60655014331524
7.34260375683124
7.85221991172204
8.107453419612
8.10558407123272
7.86683192619911
7.42925284459041
6.84196435488187
6.15792391850398
5.42762129123394
4.69465626203097
3.99346588208125
3.34882873755235
2.77653870215783
2.28465876212487
1.87498994056995
1.54457680078653
1.2871384712366
1.09434807300568
0.956883132457733
0.865254835440562
0.810448177731954
0.784374711318658
0.780096232317961
0.791844449364222
0.814934702446828
0.845661730720447
0.881222661298055
0.919657794901958
0.959780998528004
1.00105906564456
1.04340677387797
1.08691244858962
1.13155072239729
1.17698907622924
1.22256580453653
1.26742892998915
1.3107562661171
1.35199522972107
1.39109446910711
1.42868298750657
1.46612597887333
1.50543337601882
1.54905233933375
1.59959849027487
1.65955769098722
1.73099606770736
1.81530692027165
1.91305040396177
2.02392795452705
2.14689997526316
2.28039401311141
2.42253346626575
2.57132036869343
2.72474283438462
2.88082517110384
3.03766160744887
3.19345710827754
3.34657934995798
3.49558263558608
3.63919193928058
3.77627306718093
3.90581283202538
4.02693864015433
4.1389678808359
4.24145819590642
4.3342300928556
4.41735368508559
4.49108833533067
4.55578433550321
4.61177670038663
4.65931578782889
4.69854961908781
4.72954575832073
4.75236439704895
4.76716413864723
4.77430407817547
4.77435258718637
4.76800076778118
4.75592468335078
4.73866968888503
4.716568506681
4.68971179081843
4.65796696222745
4.62104509426997
4.57862021372868
4.53043858821575
4.47642467572139
4.4167271393996
4.35172258890592
4.28199212367718
4.2082736492157
4.13139968651992
4.05224191225492
3.97166554744427
3.89050811987657
3.80957311850328
3.7296164219196
3.6513236119197
3.57528501290541
3.50198551324698
3.43181384526766
3.36507232372577
3.30197081199059
3.24261370071998
3.1869886471675
3.13497053659879
3.08630921290471
3.04060699389531
2.99729681015015
2.95564603805542
2.91478373454167
2.8737461750324
2.83153445904072
2.78716564178467
2.73971772193909
2.68836115873777
2.63238766560188
2.57123570258801
2.5044951072106
2.43189476086543
2.35328963169685
2.26866437838628
2.17816423452817
2.08214374688955
1.98121702671051
1.87627972547825
1.76847908130059
1.65913519951013
1.54963282667674
1.44130829893626
1.33535402038923
1.23275377554819
1.13425986927289
1.04039387061046
0.951437631693597
0.86740810252153
0.788022441932788
0.712688857188018
0.640535702212499
0.570475868880749
0.501298004403137
0.431778640128099
0.360826405195089
0.287662959012848
0.212027663508287
0.134388343645976
0.0561207509957827
-0.020383923386152
-0.0917285766739112
-0.153667399373192
-0.201414394264038
-0.230085825762497
-0.235239641884199
-0.213461581617594
-0.162948018853338
-0.0840186713120112
0.0205223820387171
0.145290289790585
0.282613000331017
0.423305239814978
0.557880768409142
0.67794438967338
0.777371828372662
0.852964763457958
0.904469173688155
0.934028854736915
0.94526390845959
0.942229853226588
0.928504879658039
0.906582557238065
0.877638133672567
0.841634534872495
0.797652625120603
0.744291580640353
0.680000685728513
0.60327902665505
0.512759820773051
0.40722623696694
0.28560267159572
0.14695981460122
-0.00942816839625056
-0.183936594197383
-0.376333841910729
-0.585435012212166
-0.808721005916595
-1.04197827210793
-1.2789938724958
-1.51131897706252
-1.72811271594121
-1.91609748510214
-2.05969362992507
-2.14143587992741
-2.14280621822064
-2.04560080858377
-1.8339075583678
-1.49659312688387
-1.03005428956105
-0.440822211595682
0.252497789091789
1.01860012916418
1.81495801302103
2.59215122002822
3.30081994716938
3.89914109156682
4.35794951365544
4.66228521787203
4.81034007439247
4.81123751860398
4.68234135554387
4.44627750836886
4.12782698411208
3.7510933142442
3.33747401604286
2.90483285830571
2.46782632974478
1.57387451025156
1.25827595820794
