-0.725152101367712
-0.918367400765419
-1.06737733259797
-1.14325543120503
-1.1159199886024
-0.956376694142818
-0.639347016811371
-0.146123413462192
0.532566769048572
1.39398417621851
2.42147843539715
3.58378292620182
4.83612105250359
6.12364017963409
7.38729652762413
8.57160466909409
9.63261288404465
10.5436912178993
11.297472178936
11.9041059613228
12.3872159719467
12.7786559462547
13.1126047372818
13.419777572155
13.7229645252228
14.0348665714264
14.3584528565407
14.6891741156578
15.01796656847
15.3340883255005
15.627332508564
15.8895544409752
16.1156543493271
16.304052233696
16.4566937685013
16.5785377025604
16.6766446828842
16.7590152025223
16.8333736658096
16.9061048030853
16.9815002679825
17.0613299608231
17.1448110342026
17.2288951873779
17.308846116066
17.3790193796158
17.4336482286453
17.4675098657608
17.4763786792755
17.4571821689606
17.4079596996307
17.327721118927
17.2162042856216
17.0736737251282
16.9007796049118
16.6984548568726
16.4679017663002
16.2105996012688
15.9283223748207
15.6232126951218
15.297887802124
14.9555481076241
14.6000530719757
14.2359280586243
13.868293941021
13.5027182102203
13.1449705958366
12.8006663322449
12.4748134016991
12.1713431477547
11.8927147388458
11.6397247314453
11.411523103714
11.205818593502
11.0191835165024
10.8474199175835
10.6859686374664
10.5303186774254
10.3763762712479
10.2207955121994
10.0611891746521
9.89629590511322
9.72603905200958
9.55150437355042
9.37477147579193
9.19863015413284
9.02622139453888
8.86065870523453
8.70468330383301
8.56042122840881
8.42921072244644
8.31150886416435
8.20687991380692
8.11405467987061
8.03106087446213
7.95540496706963
7.88426780700684
7.81469333171844
7.74375396966934
7.66869819164276
7.58709535002708
7.49696499109268
7.396853774786
7.28583759069443
7.16347786784172
7.02974128723145
6.8849141895771
6.72950875759125
6.5641955435276
6.38976627588272
6.20713964104652
6.01736894249916
5.82164272665977
5.62125918269157
5.41759023070335
5.21201166510582
5.00582301616669
4.80012997984886
4.59575533866882
4.39317545294762
4.19253872334957
3.99374102056026
3.79653492569923
3.60063382983208
3.40580326318741
3.21194157004356
3.01915255188942
2.82779827713966
2.63853085041046
2.45229114592075
2.27024999260902
2.09369415789843
1.92388585954905
1.76192253082991
1.6086195781827
1.46443366259336
1.3294230774045
1.20325833931565
1.08527582883835
0.974554169923067
0.869996298104525
0.770421488210559
0.674681523814797
0.581793777644634
0.49106923956424
0.402220310643315
0.315445979591459
0.231481423601508
0.151579581957776
0.0774027782608755
0.0108490823768079
-0.0461382808862254
-0.0917506162541031
-0.124485449545318
-0.143319866125239
-0.147881139651872
-0.138607119675726
-0.116888653778005
-0.0851705359618791
-0.04696241178317
-0.00669343195477268
0
0
0
0
0
0
0
0
0
0
0
0
0
0
0
0
0
0
0
0
0
0
0
0
0
0
0
0
0
0
0
0
0
0
0
0
0
0
0
0
0
0
0
0
0
0
0
0
0
0
0
0
0
0
0
0
0
0
0
0
0
0
0
0
0
0
0
0
0
