-0.857422138253848
-0.92549574871858
-0.954915512353182
-0.923034852163659
-0.805523798697525
-0.578220395578278
-0.219537334723605
0.286536941511763
0.94703822541568
1.75667758120431
2.69513251384099
3.72561204433441
4.79546433024936
5.83976112471686
6.78863694932726
7.57780077722338
8.15906620025635
8.50668443573846
8.61781766679552
8.50889261563619
8.21029080284966
7.7605701552497
7.20071933004591
6.56915508376227
5.89829707145691
5.21321678161621
4.53210753864712
3.86776689688365
3.22924934493171
2.62321293354034
2.05485148562325
1.52848960955938
1.04792763789495
0.616571085320579
0.237338145573934
-0.0876202671271231
-0.35728047726055
-0.572023356954257
-0.733716441525353
-0.845587010184924
-0.911932092573908
-0.937732734613948
-0.928277615043852
-0.888901361160808
-0.824858518110381
-0.741282517711321
-0.643188149228485
-0.535514193897446
-0.42317950927342
-0.311060899247726
-0.203782580327243
-0.105289101393686
-0.0183197041559551
0.0560120542844137
0.118381313772665
0.171128641005554
0.217910101184518
0.263210505040156
0.311795319255907
0.36816711185707
0.436094339523051
0.518282608853446
0.61623686634832
0.730311688449648
0.859900438123279
1.00369246635172
1.15993995136685
1.32669930656751
1.50203961133957
1.68422830104828
1.87190586328506
2.06422107087241
2.26087594694561
2.46202841732237
2.66806088553535
2.87926308976279
3.09550248914295
3.31594072447883
3.53886563248105
3.76170818010966
3.98125969039069
4.194073955218
4.39695738421546
4.58743512630463
4.76405896080865
4.92645872963799
5.07516573535071
5.21127533912659
5.33607175615099
5.45070820384555
5.5559970802731
5.65233076943292
5.73970331086053
5.81778910424974
5.88603027661641
5.94373093711005
5.99015776316325
6.0246438715193
6.04667507277595
6.05595148934258
6.05238503879971
6.03606226709154
6.00717907481723
5.96599144405789
5.9127930270301
5.84792301389906
5.77180072996351
5.68498288260566
5.58823447757297
5.48256966802809
5.36924741003248
5.24970727496677
5.12546886338128
4.9980587164561
4.86897583802541
4.73968683348762
4.61163569821252
4.48623257213169
4.36480805608961
4.24853914313846
4.13835681809319
4.03487286302778
3.93834789594015
3.84871525234646
3.76565857728322
3.68870340453254
3.61730945110321
3.55092264546288
3.48900430732303
3.43104098902808
3.3765588733885
3.3251447280248
3.27646810478634
3.23030959235297
3.1865844461653
3.14535902606116
3.10684757762485
3.07138215170966
3.03935401969486
3.01113241248661
2.98698298136393
2.96700819333394
2.95110955503252
2.9389625787735
2.92998769548204
2.92332861158583
2.91784279876285
2.91210541460249
2.90442367394765
2.89287014802297
2.87534552150302
2.84967283407847
2.8137313524882
2.76562294695112
2.70386430952284
2.62758879529105
2.53672997156779
2.43215542369419
2.31573547919591
2.19032524029414
2.05967134237289
1.92826910151376
1.80118054151535
1.68382421467039
1.58170892794927
1.50007762511571
1.44345964988073
1.41516802046034
1.4167893131574
1.44771475924386
1.5047783586714
1.58209878868527
1.67125929064221
1.76196914248996
1.84330596526464
1.90542537636227
1.94126543733809
1.94761635859807
1.92521934376823
1.87800732586119
1.81181875202391
1.7329318523407
1.6467629869779
1.55701272355186
1.46538962920507
1.37183236413532
1.27501244677438
1.17287562953101
1.06307665838136
0.943280633952883
0.811371094650692
0.665604710578918
0.504733555018902
0.328084731474519
0.135583348779215
-0.0722673089346952
-0.294389402079913
-0.529030531644821
-0.773510237534841
-1.02382459243139
-1.27415410677592
-1.51634333531062
-1.73944911029604
-1.92949797709783
-2.06959589322408
-2.14049832026164
-2.12171210183038
-1.99315863847733
-1.73734412590663
-1.34194402893384
-0.802593155039681
-0.125582600633303
0.670012851556142
1.55139065451092
2.47300459278954
3.38024894396464
4.21624921427833
4.93074470096164
5.48800818125407
5.8704149723053
6.07698673672146
6.11915294329325
6.01629461182488
5.79208307796054
5.47149080700344
5.07823281817966
4.63284866015116
4.15192377567291
3.64870032999251
3.13467829757267
