-1.41144870835192
-1.24869586790309
-1.03526156965424
-0.765835430692224
-0.43529345577254
-0.0399234814240652
0.420962713439675
0.943170210894416
1.5156851866666
2.11902287427117
2.72460321819081
3.29611546853009
3.79346348257626
4.17886121132795
4.42335998310762
4.51159160277423
4.44339468899895
4.23244079421548
3.90287243618685
3.48514638227575
3.01204350415398
2.51535979439231
2.02349094783559
1.55989746486439
1.14231985456803
0.782596714356366
0.48693675679319
0.256539620787782
0.0884632353177842
-0.0233631998519687
-0.0870780899490723
-0.11186558216372
-0.107047273613074
-0.081339327234994
-0.0423082152710241
0.00395259041996563
0.0528821182601592
0.101239188629038
0.146711087183041
0.187512745752054
0.222120543284451
0.249182766193853
0.267569763394182
0.276489090174437
0.275588320677771
0.264995031497058
0.245306828004472
0.217566169360105
0.183238288497224
0.144179956439663
0.102582727284992
0.060894909698297
0.0217290537308573
-0.0122374262770309
-0.0383739115341621
-0.0542123372913064
-0.057558465639458
-0.0465812911005581
-0.0198683405623716
0.0235529366661521
0.0842168887748438
0.162219027906437
0.257203112192014
0.368341285790152
0.494324850247187
0.633385100347154
0.783357018769226
0.941784011090503
1.10604634968673
1.27349015632096
1.4415502846241
1.60787514728658
1.77045939249151
1.92776059403139
2.07877705377691
2.22303806332981
2.36049763595357
2.49136372874765
2.61593592868132
2.73450481190401
2.84732911166023
2.95462761205785
3.05654865152696
3.15311420665068
3.24417411579805
3.32938866054311
3.40824841050541
3.48011300143074
3.54426318056443
3.59996994803934
3.64657671311322
3.6835819272434
3.71069689357982
3.72785129266627
3.73516063129201
3.73286874154035
3.72131023687475
3.70089366856743
3.6721070654252
3.63551425933838
3.59172997755163
3.54138106458327
3.48507101395551
3.42335893126095
3.35676936542287
3.28582366775064
3.21107750780442
3.13313101319706
3.05260832169477
2.97011218351476
2.88618197160609
2.80126509946935
2.71571974193349
2.62983145433314
2.54384276446174
2.45795801106621
2.37233164731194
2.28703503047719
2.20204530042761
2.1172586889828
2.03253015349893
1.94770715517156
1.86265081517837
1.77723562717438
1.69134416299708
1.60485727646772
1.5176557302475
1.42963931490393
1.34075547667111
1.25102570127038
1.16054730906206
1.069460903897
0.977902692906997
0.885967251132516
0.793703079223633
0.701135891325333
0.608296220793444
0.515238514717887
0.422056762611165
0.328916540917228
0.236110598287162
0.144122600993689
0.0536728632252882
-0.0342768165556823
-0.118573663071455
-0.197977569173364
-0.271300929434159
-0.337554014780942
-0.396069723017075
-0.446588777443942
-0.489295447573942
-0.524797751623042
-0.554056481403463
-0.578276869128732
-0.598785137428957
-0.616912669995252
-0.633904478129219
-0.650859015829423
-0.668696508688085
-0.688153673620785
-0.709803556694704
-0.734096348285675
-0.761409436955171
-0.792088652358336
-0.826468173195334
-0.864866821204915
-0.907570575966555
-0.954813133267795
-1.00676376679364
-1.06352574334425
-1.12513973432429
-1.19157487154007
-1.26268975173726
-1.3381572190453
-1.41737918994006
-1.49944978601792
-1.58319725008572
-1.66730483840494
-1.75046880806194
-1.83153827050153
-1.90960572747623
-1.98404516893275
-2.05449854626375
-2.12082195281982
-2.18301174219917
-2.24114778462578
-2.29537428827847
-2.34592918788686
-2.3932302348754
-2.43801452833063
-2.48148864858291
-2.5254190529094
-2.57210702054641
-2.62423053909751
-2.68456024282119
-2.75557602153105
-2.83901848512537
-2.93542296746198
-3.04365535343395
-3.16046315080979
-3.28008264653823
-3.39398302751429
-3.49083364711088
-3.55678885123309
-3.57615780830383
-3.5325218929964
-3.41031091353473
-3.19678201394923
-2.88422468129326
-2.47210781714496
-1.96884904188268
-1.39283427420784
-0.772234809749267
-0.143049823448938
0.455071661456981
0.984857103403877
1.41743545321857
1.73596966266632
1.93592218090506
2.02287446050083
2.00949084057527
1.91273399661569
0.627658493378583
0.462101606761708
0.0851834521574133
0.0687536982929005
0
0
0
0
