-0.0278681631510456
-0.136199862773841
-0.208134031233688
-0.219821559575697
-0.144683087555071
0.0447767718384663
0.374490898102522
0.86577503879865
1.53189127643903
2.37457970778147
3.38107558091482
4.52231478691101
5.75313679377238
7.01543613274892
8.24497612317403
9.38142506281535
10.3789348602295
11.213515996933
11.8850562572479
12.4142689704895
12.8361930052439
13.1919902165731
13.5208762486776
13.8538568814596
14.2102741400401
14.597202539444
15.0110665162404
15.4404665629069
15.8693491617839
16.280046860377
16.6558742523193
16.9830953280131
17.2521464029948
17.457968711853
17.5995996793111
17.6792109807332
17.7008496920268
17.6691718101501
17.5883584022522
17.4613626797994
17.2896397908529
17.0733207066854
16.8118340174357
16.5047800540924
16.1528308391571
15.7584439118703
15.3262524604797
14.8630568981171
14.3775213559469
13.8795986970266
13.3798904418945
12.8888700803121
12.4161384900411
11.9697556495667
11.5557320912679
11.1778207619985
10.8375817934672
10.5347004731496
10.2674487431844
10.0331974029541
9.82891329129537
9.65160950024923
9.49872080485026
9.36838595072428
9.25956869125366
9.17197926839193
9.10583420594533
9.06150742371877
9.03918524583181
9.03857330481211
9.05869936943054
9.09781694412231
9.15336879094442
9.22201140721639
9.29965766270955
9.38164178530375
9.46295253435771
9.53853964805603
9.60362426439921
9.65398303667704
9.68620268503825
9.69788916905721
9.6878387928009
9.65610774358114
9.60394144058228
9.53354827562968
9.44776240984599
9.34963870048523
9.24207401275635
9.12749131520589
9.00762136777242
8.88338851928711
8.7549467086792
8.62180344263713
8.48304994901021
8.33760019143423
8.18441434701284
8.02268842856089
7.85196709632874
7.67220346132914
7.48374140262604
7.28721404075623
7.08342818419139
6.87322306632996
6.65735650062561
6.43643248081207
6.21086704730988
5.98091435432434
5.74674101670583
5.50852557023366
5.26658260822296
5.02144730091095
4.77394064267476
4.52518288294474
4.27656475702922
4.02965797980626
3.78608691692352
3.54736161231995
3.31473843256632
3.08912555376689
2.87106116612752
2.66074750820796
2.45813181996346
2.26301863789558
2.07519742846489
1.89453667402267
1.72104831536611
1.55492329100768
1.39655085404714
1.24650148053964
1.10546045253674
0.974119260907173
0.853029031306505
0.742446163048347
0.642217509370918
0.551769671030343
0.470185162189106
0.396306423470378
0.328824192906419
0.266347112754981
0.207472546957433
0.150847623124719
0.095220584917115
0.0394772424673041
-0.0173209461693962
-0.0758853747198979
-0.136618107402076
-0.199495164677501
-0.263939374126494
-0.328724519427245
-0.391955773967008
-0.451148660232623
-0.503402810078114
-0.545651936530097
-0.574983618532618
-0.589019478609165
-0.586308663400511
-0.566647231889268
-0.531248079612851
-0.482710753257076
-0.424760703928769
0
0
0
0
0
0
0
0
0
0
0
0
0
0
0
0
0
0
0
0
0
0
0
0
0
0
0
0
0
0
0
0
0
0
0
0
0
0
0
0
0
0
0
0
0
0
0
0
0
0
0
0
0
0
0
0
0
0
0
0
0
0
0
0
0
0
0
0
0
