-1.93213826417923
-1.93800007303556
-1.84471262494723
-1.61919845143954
-1.2297730644544
-0.64994857336084
0.137084725002448
1.13388893380761
2.32487570246061
3.67388049761454
5.12404853105545
6.60081744194031
8.01853803793589
9.29047385851542
10.3405369122823
11.1137924194336
11.5826767285665
11.7473363876343
11.6310430367788
11.2731997966766
10.7219404379527
10.0274011294047
9.23615606625875
8.38741024335225
7.51129659016927
6.62917109330495
5.75517737865448
4.89817158381144
4.06341171264648
3.25400032599767
2.472179154555
1.7204679052035
1.00247247517109
0.323223361124595
-0.310948526486754
-0.892828782399495
-1.41481676697731
-1.86936127146085
-2.24930879473686
-2.54822768767675
-2.76080685853958
-2.88342491785685
-2.91489674647649
-2.85729757944743
-2.71662477652232
-2.50302237272263
-2.2304087181886
-1.91550635298093
-1.57643489042918
-1.23108218113581
-0.895520955324173
-0.582711440821489
-0.301674508179228
-0.0572216084498602
0.149779304706802
0.321717501928409
0.46329303830862
0.580472479263941
0.679477706551552
0.76591723660628
0.84416589140892
0.917077680428823
0.986023053526878
1.05115446448326
1.11178306738536
1.16679352521896
1.21505374709765
1.25578379631042
1.28885278105736
1.31497526168823
1.33578503131866
1.35375740130742
1.37197027603785
1.39373238881429
1.42214919130007
1.45971660812696
1.50802195072174
1.56761289636294
1.63806660970052
1.71824636061986
1.80666212240855
1.90181130170822
2.00238775213559
2.10731765627861
2.21565175056458
2.32640538613001
2.43846762180328
2.55065129200617
2.66185949246089
2.77126389741898
2.87843557198842
2.98338588078817
3.08650481700897
3.18839077154795
3.28957470258077
3.39020655552546
3.48983065287272
3.58740534385045
3.68160667022069
3.77128573258718
3.85587354501088
3.93557928005854
4.01133581002553
4.0845778187116
4.15696970621745
4.23017313083013
4.30567234754562
4.38461617628733
4.46768156687419
4.55502065022786
4.64628664652507
4.74073799451192
4.83733753363291
4.93486662705739
5.0320467154185
5.12766885757446
5.22070483366648
5.31035304069519
5.39602267742157
5.47730060418447
5.55393036206563
5.62579051653544
5.6928565899531
5.75511082013448
5.81246292591095
5.86469809214274
5.91149071852366
5.95246322949727
5.98723673820496
6.01545333862305
6.03677614529928
6.05086946487427
6.05739136536916
6.05598398049672
6.04627986749013
6.02794551849365
6.00076321760813
5.96472907066345
5.92011698087056
5.86750257015228
5.80773099263509
5.74184246857961
5.67094572385152
5.59609170754751
5.51815676689148
5.4377734263738
5.35528596242269
5.27073268095652
5.18382767836253
5.09395825862885
5.00021060307821
4.90145750840505
4.79650588830312
4.68427054087321
4.56395045916239
4.43518455823263
4.29816174507141
4.15373728672663
4.00352106491725
3.84997632106145
3.69647707541784
3.54729370276133
3.40747489531835
3.28260672092438
3.17845165729523
3.10046670834223
3.0532068212827
3.03962596257528
3.06032715241114
3.11286296447118
3.19127190113068
3.28609176476796
3.38507751623789
3.47469717264175
3.54217928647995
3.57757965723673
3.57525090376536
3.53428508838018
3.45791351795197
3.35219870011012
3.22446686029434
3.08184580008189
2.93018233776093
2.77346507708232
2.61374562978745
2.4514005680879
2.28556211789449
2.11457086602847
1.93634981910388
1.74866083264351
1.54924584428469
1.33589785297712
1.10650083919366
0.859099365770817
0.592046943182747
0.304268880436818
-0.00434891705663176
-0.332458202882359
-0.676684896151225
-1.0310815324386
-1.38667502999306
-1.73115927974383
-2.04876540104548
-2.32038297255834
-2.52405746777852
-2.63603458801905
-2.63241600990295
-2.49140747388204
-2.19601811965307
-1.73701801896095
-1.11588902771473
-0.347367860997717
0.539003444214662
1.49915453791618
2.47744276126226
3.41270927588145
4.24685231844584
4.93397565682729
5.44700181484222
5.77922940254211
5.94098122914632
5.95388587315877
5.84517872333527
5.64293169975281
5.37231691678365
5.0530591805776
4.69838933149974
4.31568165620168
3.90851936737696
3.47946457068125
