-0.970509100843359
-1.08462881600415
-1.13595973783069
-1.10147773115723
-0.960150694405591
-0.695247790327779
-0.296628616853721
0.23721640308698
0.897615974700009
1.66496799168763
2.50925735632579
3.39244866371155
4.27320101526048
5.11335998111301
5.88409796467534
6.56923101566456
7.16512858426129
7.67867054762664
8.12459444116663
8.52244313557943
8.89290124398691
9.25385655297173
9.61713893325241
9.98693801738598
10.3602941654347
10.7291501363118
11.0829724205865
11.4110716007374
11.7041883821841
11.9553911067821
12.1604562335544
12.3178237279256
12.4281894542553
12.4937669259531
12.5173957965992
12.5016911471332
12.4483962942053
12.3580629913895
12.2300349341498
12.0627049693355
11.8539743423462
11.6017917350486
11.3047016638297
10.9623090602733
10.5756217108832
10.1471888224284
9.68105178409153
9.18253238112838
8.65795096644649
8.11427969402737
7.55878499702171
6.99867011882641
6.44073134881479
5.89108110357214
5.35498465432061
4.83684961001078
4.3403361638387
3.86851244502597
3.42399093839857
3.00902492911727
2.62556031898216
2.27526389227973
1.95953480402629
1.67953179500721
1.43620546658834
1.23030980207302
1.0623745907236
0.932642352801782
0.840994238853455
0.786880964482272
0.769270228015052
0.786608789806013
0.836800119391194
0.917199419604407
1.02463642756144
1.15547306890841
1.30570811916281
1.4711254172855
1.64747144557812
1.83062664667765
2.01673918741721
2.20231020892108
2.38424372673035
2.55987987694917
2.72701329655117
2.88387388653225
3.02907123389067
3.16151588934439
3.2803328037262
3.38478088378906
3.47418340047201
3.54787455664741
3.60515872637431
3.64528202127527
3.6674197073336
3.67068552970886
3.65416668079517
3.61698636302242
3.55838382685626
3.47780463430617
3.37498492664761
3.25002722386961
3.10346741146512
2.93633536939268
2.75020553447582
2.54722348848979
2.33010630254392
2.10210265936675
1.86689696930073
1.62844775782691
1.39077844884661
1.15776140601547
0.932920345553645
0.719249890910255
0.519039263327917
0.333701361246683
0.163632261877259
0.00813232348472984
-0.134598217352673
-0.267392813607498
-0.393970198653362
-0.518666258564702
-0.646020840715479
-0.780234652536887
-0.924577894034209
-1.08086423962205
-1.2491054005093
-1.42743881984993
-1.61239123344421
-1.79948601016292
-1.98408009829345
-2.16221190823449
-2.33119935459561
-2.48981916462934
-2.63808065873605
-2.7767731083764
-2.90701279816804
-3.02993480364482
-3.14656878400732
-3.25784368868227
-3.36462101229915
-3.4676998368016
-3.56777577046995
-3.66538718894676
-3.76087360028867
-3.85436662921199
-3.94581249025133
-4.03500701763012
-4.12162611219618
-4.20521383815342
-4.2851333088345
-4.36047848948726
-4.42998202641805
-4.491937884578
-4.54416114312631
-4.58401181962755
-4.60846358758432
-4.61423725552029
-4.59798330730862
-4.5565384582237
-4.48726777677183
-4.38847827911377
-3.33463508111459
-3.22204181000038
-2.35916761998777
-2.10340347996464
-1.17622033754985
-1.10645753365976
-0.584273152881198
-0.547137269267329
-0.409344982217859
-0.38760123429475
0
0
0
0
0
0
0
0
0
0
0
0
0
0
0
0
0
0
0
0
0
0
0
0
0
0
0
0
0
0
0
0
0
0
0
0
0
0
0
0
0
0
0
0
0
0
0
0
0
0
0
0
0
0
0
0
0
0
