-3.05930969715118
-2.75438897609711
-2.41627576351166
-2.04878904819489
-1.65355371236801
-1.23041332960129
-0.778785505890846
-0.29982904586941
0.200959827005863
0.711363020539284
1.21113526821136
1.67275221347809
2.06495987176895
2.35881227254868
2.53415648937225
2.58382885456085
2.51429829597473
2.34349822998047
2.0973375082016
1.80600296258926
1.50064136981964
1.21065276861191
0.961579287052155
0.773532044887543
0.660135266184807
0.62804620466195
0.677078478783369
0.800908547639847
0.98827735632658
1.2245852291584
1.49371300637722
1.77984828054905
2.0690332531929
2.35017277002335
2.61541169881821
2.85993067026138
3.08135553598404
3.27897702455521
3.45298846960068
3.60387711524963
3.73205122947693
3.83771281242371
3.92093253135681
3.98184113502502
4.02084076404572
4.03874397277832
4.03680326938629
4.01666932106018
3.98030710220337
3.92989501953125
3.8677342414856
3.79614143371582
3.71731488704681
3.63314146995544
3.54500727653503
3.4537034034729
3.3595076084137
3.26245036125183
3.16268141269684
3.06080164909363
2.95802104473114
2.85606586933136
2.75690386295319
2.66242959499359
2.57423540353775
2.49349730014801
2.42094496488571
2.35686882734299
2.30114727020264
2.25328906774521
2.21251789331436
2.17790386676788
2.14852026700974
2.12359473705292
2.10262024402618
2.08542975187302
2.07221800088882
2.06351324319839
2.06008968353271
2.06284308433533
2.07265716791153
2.09028621912003
2.11625876426697
2.15080242156982
2.19378662109375
2.24470779895782
2.3027353644371
2.36681069135666
2.43577630519867
2.50848987102509
2.58389530181885
2.66105008125305
2.73911235332489
2.81731534004211
2.89493930339813
2.97128305435181
3.04563405513763
3.11724381446838
3.18531305789948
3.24900074005127
3.3074711561203
3.35997788906097
3.40594627857208
3.44503328800201
3.47713346481323
3.50234386920929
3.5208957195282
3.53306698799133
3.53907644748688
3.53898587226868
3.53262662887573
3.51959338188171
3.49928376674652
3.47097043991089
3.43386507034302
3.38717579841614
3.33015937805176
3.2621645450592
3.18267035484314
3.09132218360901
2.98796689510345
2.87269382476807
2.74587059020996
2.60816698074341
2.46054725646973
2.30422446727753
2.1405769109726
1.97104278802872
1.79702948331833
1.61986212730408
1.44078258275986
1.2609791636467
1.08161934614182
0.903865712881088
0.728878831863403
0.557822528481484
0.391887283325195
0.232330710440874
0.0805148456245661
-0.0620891929604113
-0.193950075656176
-0.313578595221043
-0.41966061592102
-0.511187654733658
-0.587556993961334
-0.648631793260574
-0.694765686988831
-0.726800763607025
-0.746041989326477
-0.754207897186279
-0.753371798992157
-0.745915144681931
-0.734489327669144
-0.721966630220413
-0.711358290910721
-0.705700558423996
-0.707921707630157
-0.720702719688415
-0.746329843997955
-0.78654118180275
-0.842388385534287
-0.91415730714798
-1.00136668682098
-1.10283221006393
-1.21677944660187
-1.34098945856094
-1.47295087575912
-1.60998737812042
-1.74936131238937
-1.88836773633957
-2.0244661450386
-2.15545568466187
-2.27966432571411
-2.3960874080658
-2.5044323682785
-2.60505921840668
-2.69881680011749
-2.7867812871933
-2.86994206905365
-2.94891498088837
-3.02374887466431
-3.09387147426605
-3.15819783210754
-3.21539137363434
-3.26419384479523
-3.30371692180634
-3.33365986347198
-3.35446436405182
-3.3674408197403
-3.37484142780304
-3.37983720302582
-3.38635129928589
-3.3987318277359
-3.42129225730896
-3.45776326656342
-3.5107236623764
-3.5810581445694
-3.66749806404114
-3.76626644134521
-3.8708732843399
-3.97208924293518
-4.05813040733337
-4.11507542133331
-4.12753436565399
-4.07960591316223
-3.95616912841797
-3.74450507164001
-3.43616232872009
-3.02894771099091
-2.5288614988327
-1.95169022083282
-1.32381150722504
-0.622797131538391
-0.0699032255914062
0.415605720877647
0.797010070085525
0.459380841255188
0.508640575408936
0.34336913228035
0.299014675617218
0
0
0
0
0
0
0
0
0
0
