-0.302393876693466
-0.490893114696849
-0.606061155145818
-0.616490074179389
-0.491252359341491
-0.202866731042212
0.2693106376312
0.935618443922563
1.79297249967402
2.8226141279394
3.98937671834772
5.24327031048861
6.52415149862116
7.76948031512174
8.92361727627841
9.9459472136064
10.815523667769
11.5314214879816
12.1095201318914
12.5772008028897
12.9672182256525
13.3115434646606
13.6361329338767
13.9575581984086
14.2821050123735
14.6071497310292
14.9240428751165
15.2215229381214
15.488788691434
15.7177560112693
15.9042967016047
16.048543843356
16.1544188586148
16.2285978143865
16.2791363109242
16.314019203186
16.3398482582786
16.3608752163974
16.3784737153487
16.3910697590221
16.3945135636763
16.382813540372
16.3490779183128
16.2865266799927
16.1893863677979
16.0536118420688
15.877270525152
15.6606616973877
15.4060994928533
15.1174892078746
14.7997871745716
14.4584900249134
14.0992390025746
13.7275358546864
13.3485322432085
12.9668505408547
12.5864025462757
12.2102662866766
11.8406327854503
11.4788305976174
11.1254262924194
10.7804388566451
10.4436131390658
10.1147265000777
9.79384257576682
9.48151779174805
9.17889508334073
8.88776154951616
8.61046504974365
8.34971375898881
8.10825382579457
7.88851109418002
7.69228961250999
7.52052835984664
7.37317323684692
7.24915270371871
7.14645849574696
7.06232443722812
6.99347617409446
6.93641151081432
6.88765556162054
6.84393262863159
6.80225966193459
6.75994023409757
6.71454061161388
6.66383812644265
6.60583912242543
6.53885069760409
6.46160745620728
6.37338555942882
6.27403072877364
6.16387098485773
6.04358781467785
5.91409561850808
5.7764855298129
5.63199069283225
5.48195006630637
5.32771999185736
5.17054856907238
5.01142298091542
4.8509239283475
4.68914075331254
4.52569411017678
4.35988478227095
4.19093383442272
4.01823019981384
3.84150524572893
3.66091511466286
3.47701144218445
3.29063148932023
3.1027428670363
2.91428791392933
2.72606039047241
2.5386144247922
2.35221785848791
2.16687262058258
1.98241319439628
1.79867799715562
1.61570480736819
1.43388174880635
1.25399273633957
1.07714473659342
0.904627401720394
0.737776321443644
0.577888522635807
0.426189558241855
0.283837884664536
0.151944145221602
0.0315722342241894
-0.0763186964799057
-0.171001080084931
-0.252145828679204
-0.31996692920273
-0.375286701050672
-0.419502773068168
-0.454477716575969
-0.482381389899687
-0.505506371909922
-0.526069256392392
-0.546013474464417
-0.566828223791989
-0.58940679918636
-0.613974560390819
-0.640113608403639
-0.666893690824509
-0.693093952807513
-0.717503775249828
-0.739274355498227
-0.758277600461786
-0.775398677045649
-0.79268356886777
-0.813289306380532
-0.841216428713365
-0.880853891372681
-0.936380353840915
-1.01107909462669
-1.10664063692093
-1.22254721684889
-1.35563147068024
-1.49988819252361
-1.6466459794478
0
0
0
0
0
0
0
0
0
0
0
0
0
0
0
0
0
0
0
0
0
0
0
0
0
0
0
0
0
0
0
0
0
0
0
0
0
0
0
0
0
0
0
0
0
0
0
0
0
0
0
0
0
0
0
0
0
0
0
0
0
0
0
0
0
0
0
0
0
