-0.820819849477095
-1.1301902181962
-1.41414587637957
-1.65641370941611
-1.83812838442185
-1.93896752946517
-1.93907560320462
-1.82170607763178
-1.57633062671213
-1.20183380912332
-0.709240427788566
-0.123323498238974
0.517681899316171
1.16510340746711
1.76624505660113
2.27363079435685
2.65437019572538
2.89600260117475
3.00698213016286
3.01270205834333
2.94925189719481
2.85687129637774
2.77425902030047
2.73416851548588
2.76042113935246
2.86642008318621
3.05512803442338
3.32032353036544
3.64872140744153
4.0224576066522
4.42159188494963
4.82639629700605
5.21927231900832
5.58613426545087
5.91713096113766
6.20667418311624
6.4528756422155
6.6565479110269
6.82004286261166
6.94611770966474
7.03705428628361
7.09417805952184
7.11775050443762
7.10716384999892
7.061352000517
6.97934459237491
6.86084778168622
6.70668077468872
6.5189694516799
6.30107615975773
6.05735963933608
5.79284373451682
5.51286890927483
5.22277860080495
4.92765552857343
4.63212324591244
4.34021245732027
4.05531337681939
3.780224758036
3.51727142053492
3.26847108672647
3.03568250992719
2.8206921675626
2.6252020036473
2.45074495147256
2.29856523345498
2.16951556065503
2.06399301220389
1.98192325760336
1.92277935673209
1.88561703527675
1.86910145773607
1.87154424891752
1.89098021563362
1.92529381022734
1.97236204147339
2.03018921263078
2.09701146798975
2.17137051329893
2.25215716922984
2.33862705090467
2.43037629127502
2.52726399898529
2.62927943117478
2.73637883803424
2.84833355510936
2.9646272799548
3.08441451016594
3.20653324968675
3.32955419316011
3.45185385030859
3.57170060101677
3.68735923486597
3.79721592454349
3.89991889280431
3.99449933276457
4.08044248468736
4.15768282553729
4.22652516645544
4.28752572396222
4.34134881636676
4.38865139905144
4.42998538297765
4.46575652851778
4.49621640934664
4.52149573494406
4.54164490980261
4.55666564492618
4.56652049457326
4.57113142574535
4.57036433500402
4.56401681900024
4.5517910789041
4.5332665162928
4.50787239916184
4.47487044334412
4.43335493873147
4.38225938292111
4.3203879664926
4.24647043733036
4.15926839323605
4.05771432203405
3.94105271732106
3.808933356229
3.66144446765675
3.49910210160648
3.32282530560213
3.13390529856962
2.93397038123187
2.72494011065539
2.50897001518923
2.28838954252355
2.06563232926761
1.84315867283765
1.62338421975865
1.40861397280413
1.20097090917475
1.00230101452154
0.814063960138489
0.637246912673992
0.472338412833564
0.319368660011712
0.177999263903236
0.0476288372541175
-0.0725122145651018
-0.183289169607794
-0.285614120061783
-0.380409332540105
-0.468568301704877
-0.550898522138596
-0.628060253227458
-0.700526784448063
-0.768589382662493
-0.83240112136392
-0.892035000464495
-0.947534624268027
-0.998955733635846
-1.04641570063198
-1.09017552347744
-1.13075248634114
-1.1690407465486
-1.2063946408384
-1.24463374123854
-1.28596566705143
-1.33284450278563
-1.38779803584604
-1.45323335423189
-1.53122819872463
-1.62327945933622
-1.73002745123471
-1.85097166369943
-1.98426179324879
-2.12665482128368
-2.27372756425072
-2.42039886642905
-2.5617002248764
-2.69357371330261
-2.81342042193693
-2.92024057051715
-3.01443449188681
-3.09739491518806
-3.17101447722491
-3.23721535065595
-3.29759475764106
-3.35325047549079
-3.40478068239549
-3.4524232079001
-3.49627344748553
-3.53652151893167
-3.5736560681287
-3.60859966278076
-3.64275050163269
-3.67792926115148
-3.71621746175429
-3.75971879678614
-3.8102804071763
-3.86919909365037
-3.93692527097814
-4.01272926611059
-4.09431836184333
-4.17741559533512
-4.25538497812608
-4.31901098700131
-4.35653787500718
-4.35408210754395
-4.29646923962761
-4.16850193809061
-3.9565950421726
-3.65065347447115
-3.24603675393497
-2.42823757844813
-1.91121099976932
-0.99166452183443
-0.507399145294638
-0.0757390698965858
0.120115307324073
0.0470526113229639
0.073558204314288
0
0
0
0
0
0
0
0
0
0
0
0
