4.43212342262268
5.27730083465576
6.11163314183553
6.92270950476329
7.69800293445587
8.42529857158661
9.09344553947449
9.69339537620544
10.2194632689158
10.6706878344218
11.0520367622375
11.3750409285227
11.6574362913767
11.9213505585988
12.1897870699565
12.4817785422007
12.8077590465546
13.1671127478282
13.5489481290181
13.9355580806732
14.3071609338125
14.6464061737061
14.9415097236633
15.1875692208608
15.3862614631653
15.5445128281911
15.672739982605
15.7830435434977
15.8876098791758
15.9974487622579
16.1215822696686
16.266538143158
16.4362746874491
16.6322986284892
16.8540439605713
17.0993474324544
17.3649360338847
17.6469769477844
17.9415513674418
18.2450798352559
18.5546453793844
18.868149916331
19.1843447685242
19.5026721954346
19.8229845364888
20.1451965967814
20.4689178466797
20.7932100296021
21.1163813273112
21.4358956019084
21.7483797073364
22.0497109095256
22.3352656364441
22.6002566019694
22.8401083946228
23.0507853825887
23.2289252281189
23.3718439737956
23.4773928324382
23.5438013076782
23.5695643424988
23.5534482002258
23.4945762952169
23.3925361633301
23.2474877039591
23.0602312088013
22.832283337911
22.5658966700236
22.264034430186
21.9303115208944
21.5688770612081
21.1842517852783
20.7811528841654
20.364291826884
19.9381550153097
19.5068194071452
19.0737911860148
18.6419245402018
18.2134319941203
17.7899249394735
17.3724761009216
16.9616923332214
16.5577975908915
16.1607121626536
15.7701816558838
15.3859199682871
15.0077736377716
14.6358191172282
14.2703785896301
13.9119702974955
13.5612312952677
13.2188039620717
12.8852343559265
12.5608767668406
12.2458529472351
11.9400746027629
11.6433193683624
11.3553494612376
11.0760072072347
10.8052842617035
10.5433416366577
10.290531873703
10.0474523703257
9.81494442621867
9.59407663345337
9.38606564203898
9.19215861956278
9.01350243886312
8.85102725028992
8.70535866419474
8.57675556341807
8.4650813738505
8.36976806322734
8.28977211316427
8.22355326016744
8.16908760865529
8.12392405668894
8.08527414004008
8.05010922749837
8.01528398195902
7.97766248385112
7.93426314989726
7.88239347934723
7.81977506478627
7.74465541044871
7.65591315428416
7.55311691761017
7.43654918670654
7.30713299910227
7.16633645693461
7.01604036490123
6.85842454433441
6.69586269060771
6.53080503145854
6.36563630898794
6.20252621173859
6.04330702622731
5.88940501213074
5.74181628227234
5.60112110773722
5.46748578548431
5.34067356586456
5.2200798590978
5.10483253002167
4.99394186337789
4.88650548458099
4.78188133239746
4.6798304716746
4.58060884475708
4.48502502838771
4.3944744070371
4.31094163656235
4.23692574103673
4.17529950539271
4.12910642226537
4.10127613941828
4.09430036942164
4.10984889666239
4.14839220046997
4.20891825358073
4.28885487715403
0
0
0
0
0
0
0
0
0
0
0
0
0
0
0
0
0
0
0
0
0
0
0
0
0
0
0
0
0
0
0
0
0
0
0
0
0
0
0
0
0
0
0
0
0
0
0
0
0
0
0
0
0
0
0
0
0
0
0
0
0
0
0
0
0
0
0
0
0
