4.82277230918407
5.62059861421585
6.41063368320465
7.18242406845093
7.92403310537338
8.62220421433449
9.26308685541153
9.83349788188934
10.3225985765457
10.7237727642059
11.0363772511482
11.2669721245766
11.4296519756317
11.5451636910439
11.6385586261749
11.735298037529
11.8563207983971
12.0135214924812
12.2074530124664
12.4282188415527
12.6589847803116
12.8806129097939
13.0758000612259
13.2317654490471
13.3413243889809
13.4027707576752
13.4191146492958
13.3970977067947
13.346096932888
13.2769653201103
13.2008618712425
13.1281830072403
13.0678036808968
13.0266433954239
13.00955504179
13.0194044113159
13.0572897791862
13.1228147149086
13.2144075036049
13.3296937346458
13.4658580422401
13.619970023632
13.7892264127731
13.9711363315582
14.1636493206024
14.3652567267418
14.5750103592873
14.7924624085426
15.0175095200539
15.2502050995827
15.4905577301979
15.7383852601051
15.9932063817978
16.2541813850403
16.5200653672218
16.7891278266907
17.0591465234756
17.3274682760239
17.5911625623703
17.8472535610199
18.0929790735245
18.3260236978531
18.5447326898575
18.7481862306595
18.9361615180969
19.1089769601822
19.2673069238663
19.4119458198547
19.5436174869537
19.6627681255341
19.7694326639175
19.8630805015564
19.9425659179688
20.0061339139938
20.0515284538269
20.0761752128601
20.0774232149124
20.0528011322021
20.0002238750458
19.9181575775146
19.8057187795639
19.6626855134964
19.4895393848419
19.2875130176544
19.0585758686066
18.8053976297379
18.5312280654907
18.2397364377975
17.9348282814026
17.6204816102982
17.3005694150925
16.9786707162857
16.6579066514969
16.3407409191132
16.028890311718
15.723276078701
15.4241144657135
15.1310828328133
14.8435088992119
14.5605670213699
14.2814580798149
14.0055807828903
13.7326253056526
13.4626252055168
13.1959239840508
12.9330988526344
12.674852013588
12.421906709671
12.1749462485313
11.9345840215683
11.7013666033745
11.4757341742516
11.2579383254051
11.0479375123978
10.8453479409218
10.6494365334511
10.4591683149338
10.2732415795326
10.0901355743408
9.90813058614731
9.7253537774086
9.53984665870667
9.34965741634369
9.15294510126114
8.94806456565857
8.73363369703293
8.5085963010788
8.27225640416145
8.0243127644062
7.76488080620766
7.49447414278984
7.21397444605827
6.92455959320068
6.62761506438255
6.32463574409485
6.01713484525681
5.70655053853989
5.39415577054024
5.08099317550659
4.76784911751747
4.45528227090836
4.14372229576111
3.83361132442951
3.52558405697346
3.22068564593792
2.92060522735119
2.62791506946087
2.34628173708916
2.08063844591379
1.83726255595684
1.6237201243639
1.44860660284758
1.32106525450945
1.25009521096945
1.24370589852333
1.30797018110752
1.44603201001883
1.657126955688
1.93573436886072
2.27106204628944
2.64715459942818
0
0
0
0
0
0
0
0
0
0
0
0
0
0
0
0
0
0
0
0
0
0
0
0
0
0
0
0
0
0
0
0
0
0
0
0
0
0
0
0
0
0
0
0
0
0
0
0
0
0
0
0
0
0
0
0
0
0
0
0
0
0
0
0
0
0
0
0
0
