0.301821976279219
0.216309029608965
0.0883160172961652
-0.091493717491782
-0.33250263116012
-0.642823656400045
-1.02758678793907
-1.48686001698176
-2.013382345438
-2.59051485856374
-3.19105865557988
-3.77770467599233
-4.30577234427134
-4.72840698560079
-5.00352144241333
-5.10091082255046
-5.0076763232549
-4.73062789440155
-4.29516249895096
-3.74095610777537
-3.11565005779266
-2.46809965372086
-1.84254325429598
-1.27442961931229
-0.78810179233551
-0.396230439345042
-0.100763669741961
0.10494911383527
0.233349612603585
0.299760695546865
0.319859183082978
0.307818181812763
0.27521533643206
0.230648512641589
0.179862268269062
0.126153117666642
0.0709068858219932
0.0142444461816922
-0.0442320990065734
-0.10465943388408
-0.166215748060495
-0.226635152396436
-0.282033038286803
-0.32709176291246
-0.355605441300819
-0.361327505049606
-0.338974921032786
-0.285161095360915
-0.199011990490059
-0.0823104536781708
0.0608505280688405
0.224799080130955
0.403217672680815
0.590075733916213
0.780391573750724
0.97073270753026
1.15942068149646
1.34644757211208
1.53313963611921
1.72166089713573
1.91448982556661
2.1140020887057
2.32219989101092
2.54056338469187
2.76999042431513
3.01082428296407
3.26295969883601
3.52598148584366
3.79932622114817
4.08244995276133
4.37499642372131
4.67692774534225
4.9885830283165
5.31060675779978
5.64376819133759
5.98870778083801
6.34569346904755
6.71446228027344
7.09417907396952
7.48349177837372
7.88066379229228
8.28374528884888
8.69073589642843
9.09973327318827
9.50900069872538
9.91697367032369
10.3222138086955
10.7233626842499
11.1191286245982
11.5083216826121
11.8898757298787
12.262891292572
12.62668633461
12.9808464050293
13.3252472877502
13.6599659919739
13.9851084550222
14.3006087144216
14.6060988108317
14.9009286562602
15.1843059062958
15.4555099010468
15.7140595118205
15.9597677389781
16.1926799615224
16.412986834844
16.6209386984507
16.8168353239695
17.0010326703389
17.1739353338877
17.3359508514404
17.4874334335327
17.6286204655965
17.7595985730489
17.8803291320801
17.9907450675964
18.0908718109131
18.1810156504313
18.2619140942891
18.3348927497864
18.402011235555
18.4660962422689
18.5307703018188
18.600324789683
18.6795271237691
18.773310025533
18.8864418665568
19.0230776468913
19.1863393783569
19.3778786659241
19.5975610415141
19.8432682355245
20.1108845074972
20.3944735527039
20.6866324742635
20.9790409406026
21.2630634307861
21.5303972562154
21.7736231486003
21.9866900444031
22.1653140385946
22.3071791330973
22.4120515187581
22.4816419283549
22.5193689664205
22.5299647649129
22.5189997355143
22.4923955599467
22.4559901555379
22.415176709493
22.3746574719747
22.3383067448934
22.3090861638387
22.2890442212423
22.2793033917745
22.2800866762797
22.2907554308573
22.3098713556925
22.3353045781453
22.3643590609233
22.3939571380615
22.4208793640137
22.4421032269796
22.4551679293315
22.4584964116414
22.4515878359477
22.4350972175598
22.4108004570007
22.3815360069275
22.3510192235311
22.3235584894816
22.3037152290344
22.2958445549011
22.3037430445353
22.3302996953328
22.3772993087769
22.445322672526
22.5337993303935
22.6411643028259
22.7651365598043
22.9030542373657
23.0521548589071
23.2098024686178
23.3736117680868
23.5415240923564
23.7118474642436
23.8833300272624
24.0552382469177
24.2273686726888
24.4000010490417
24.5736543337504
24.7488368352254
24.9257353146871
25.103884379069
25.2818169593811
25.4567033449809
25.6240509351095
25.7775325775146
25.9089574813843
26.008395353953
26.0644698143005
26.0646867752075
25.995755036672
25.8437534968058
25.5942597389221
25.2326240539551
24.7446537017822
24.1176509857178
23.3418440818787
22.4120051066081
21.3291791280111
20.1024362246195
18.7503279050191
17.3016225496928
15.794665813446
14.2747577031453
12.789349714915
11.3816883563995
10.084490776062
8.91561206181844
7.87705095609029
6.95744065443675
6.13702487945557
5.3933496872584
4.70612347126007
4.06034396092097
3.44756396611532
2.86564896504084
2.31756442785263
1.80966574947039
