4.56946434293474
5.2966636021932
5.99164415541149
6.64122724533081
7.23404693603516
7.76148076284499
8.21874738874889
8.60602692195347
8.92941102527437
9.20134726024809
9.44023014250256
9.66870525905064
9.91034494127546
10.184954961141
10.5036704199655
10.8656803312756
11.2579097747803
11.65793800354
12.0391997382754
12.3767325083415
12.6518614178612
12.854700088501
12.9843738646734
13.0475425266084
13.0560798190889
13.0246562503633
12.9686393283662
12.9024650937035
12.8385235922677
12.7865629650298
12.7536292303176
12.7444194157918
12.7619024458386
12.8079348064604
12.8836984634399
12.989833014352
13.1263280596052
13.2922656649635
13.4855807622274
13.7029706409999
13.9399491264707
14.191054889134
14.4501597540719
14.7109040305728
14.9672063645862
15.2138253620693
15.4468369711013
15.6639510563442
15.8645541781471
16.0494965598697
16.2206504004342
16.3803215026855
16.5306046803792
16.6727549235026
16.8066799527123
16.930627822876
17.0411059061686
17.133084160941
17.2003987630208
17.2363956088112
17.2346160525367
17.1895224253337
17.0970489865258
16.9550339835031
16.763400940668
16.5241257803781
16.2409831455776
15.9191383180164
15.5647038505191
15.1842234929403
14.7842053458804
14.3707157770793
13.9490938640776
13.5237874984741
13.0983022054036
12.6752637681507
12.2565525145758
11.8434686206636
11.4369162604922
11.0375859396798
10.6460898717244
10.2630484444754
9.88911928449358
9.52497532254174
9.17126918974377
8.8286018371582
8.49748911176409
8.17835934956869
7.87154715401786
7.57729248773484
7.29570095879691
7.02668049221947
6.76986396880377
6.52454923448108
6.28967618942261
6.06385424023583
5.84544352122716
5.63266765503656
5.42376513708205
5.21712507520403
5.01142147609166
4.80572938919067
4.5996310370309
4.39328367369516
4.18745615368798
3.9835178965614
3.78340011551267
3.58950543403625
3.40457869711376
3.23152812321981
3.0732334568387
2.93235565367199
2.81114755358015
2.71126134055001
2.63354608558473
2.57787986028762
2.54306257338751
2.52680012725648
2.52579502264659
2.53595366364434
2.55268968854632
2.57129103796823
2.58729220004309
2.59679786364237
2.59673308758509
2.58500288781666
2.56056312152318
2.5233957143057
2.47439920902252
2.4151979911895
2.3478856086731
2.27472766240438
2.19788039298285
2.11917650131952
2.04000320321038
1.96126248722985
1.8833908694131
1.80642781938825
1.73011218933832
1.65398287773132
1.57746221338
1.49993010929653
1.42079352197193
1.33958792118799
1.25611840827124
1.1706400173051
1.08406616960253
0.998168891384488
0.915731370449066
0.84062313465845
0.777764524732317
0.732954649698167
0.712551483086177
0.722988804181417
0.770125383422488
0.858449652081444
0.990210774398985
1.16461070378621
1.3772299743834
1.61988037540799
1.88108818303971
0
0
0
0
0
0
0
0
0
0
0
0
0
0
0
0
0
0
0
0
0
0
0
0
0
0
0
0
0
0
0
0
0
0
0
0
0
0
0
0
0
0
0
0
0
0
0
0
0
0
0
0
0
0
0
0
0
0
0
0
0
0
0
0
0
0
0
0
0
