-1.54970569987046
-1.57326040142461
-1.59308452355234
-1.60487583436464
-1.60532032816034
-1.59241654998378
-1.5655972267452
-1.52565466102801
-1.47445908659383
-1.41448272529401
-1.34822842321898
-1.27769815294366
-1.20392893803747
-1.12657499313354
-1.04365092202237
-0.95173171005751
-0.846861854979866
-0.726103388949444
-0.589228114799449
-0.439807249527228
-0.285141508928255
-0.134978763759136
0.000511058336613994
0.112775618847656
0.19635558922432
0.249561533331871
0.274392295628786
0.275874436367303
0.261038938169613
0.237751101192675
0.213584332604353
0.194894033631212
0.186200089213487
0.189922100815334
0.206456886212292
0.234544015710095
0.271855371832652
0.315735018567035
0.363968861338339
0.415430418362743
0.470456022181009
0.530874197383558
0.599688304171554
0.680484157251684
0.776692836692459
0.890890210082656
1.02430845914703
1.17670693954355
1.34659954121238
1.53173236784182
1.7296461368862
1.9381707216564
2.15574272055375
2.38149886382254
2.61518251268487
2.85695101085462
3.10713455551549
3.36596048505683
3.63325883212842
3.90821849672418
4.18928237965232
4.47425532341003
4.76059317588806
5.0457575446681
5.32751371985988
5.60411026603297
5.87434296858938
6.13752023797286
6.39339308989675
6.64207481083117
6.88396077407034
7.11960938102321
7.34958771655434
7.57429813083849
7.79382542559975
8.00784228977404
8.21559002524928
8.41595142766049
8.60761938597027
8.78927722730135
8.95977858493203
9.11832051528128
9.26455929404811
9.39866326984606
9.52127346239592
9.63337491687975
9.73614597320557
9.83078223780582
9.91833716944644
9.99963529486405
10.0752296447754
10.1454467271504
10.2104509755185
10.2703316839118
10.3251675555581
10.3750883403577
10.4203525844373
10.4613931053563
10.4988548379195
10.5335712934795
10.5665144167448
10.5987129211426
10.6311549136513
10.6646778207076
10.699875831604
10.737045689633
10.7762207733957
10.817226259332
10.8597555160522
10.9034346530312
10.9478708066438
10.9926944531892
11.0375994632119
11.0823923412122
11.1270392568488
11.1717348600689
11.2169471539949
11.2634832984523
11.3125428149575
11.3657327451204
11.4250580135145
11.4928466897262
11.5716334895084
11.663974912543
11.7722118277299
11.8981883902299
12.0429716612163
12.2065762971577
12.3877500232897
12.5838298295674
12.790733036242
13.0031082755641
13.2146915134631
13.4187989485891
13.6089159814935
13.7792714269538
13.925314602099
14.0440503170616
14.1342056675961
14.1962267725091
14.232122722425
14.2452025162546
14.239741526152
14.2206255260267
14.1930011950041
14.1619265204982
14.132059749804
14.1073444768002
14.0907568680613
14.0841219550685
14.0880487843564
14.1019793058697
14.1243507485641
14.1528286180998
14.1845668491564
14.2164769423635
14.2454901243511
14.268804951718
14.284123772069
14.2898171575446
14.2850052181043
14.2695404353895
14.2438964341816
14.20901343697
14.1661280079892
14.1166339673494
14.0619762320268
14.0036050896896
13.9429529089677
13.8813986025358
13.8202469976325
13.7607281835456
13.7039837586252
13.6510400270161
13.6027400870072
13.5596740622269
13.5221406535098
13.4901464361894
13.4634626288163
13.4416924024883
13.4243353793496
13.4108191038433
13.4004538184718
13.3923875909103
13.3855677654869
13.3787703765066
13.3707185544466
13.3603102533441
13.3469422992907
13.330858130204
13.313432241741
13.2973075665926
13.2863445281982
13.2854386881778
13.3001619138216
13.3362639577765
13.3989844573172
13.4922855778744
13.6179278524298
13.7744173752634
13.955869724876
14.150977837412
14.342300013492
14.5060629593699
14.6126896205701
14.6281203721699
14.5160584700735
14.2410753149735
13.7725070150275
13.088925060473
12.1827718333194
11.0646000410381
9.76596832275391
8.33991863853053
6.8578687969007
5.40220315832841
4.0549861255445
2.88483670510744
1.93570227372019
1.22129474501861
0.726791196355694
0.41643988537161
0.243954467366597
0.162455281242728
0.131784272772309
0.122411105815493
0.116173233836889
0.104653811903278
0.0358468289241979
0.0246566079164806
