1.74841509036282
1.55727155506611
1.32516505788354
1.05512840432279
0.749517401351648
0.410628077738425
0.0418546939378276
-0.350745587883627
-0.756589153233696
-1.15868123620749
-1.53251321000211
-1.84691568683175
-2.06766456716201
-2.16349108780132
-2.1127357412787
-1.90823609688703
-1.55879586935043
-1.08710121757844
-0.525190514868454
0.0909166093256585
0.726071900304626
1.34958605906543
1.93732548461241
2.47245050177855
2.94511863764595
3.35154621741351
3.69275217897752
3.97321874955121
4.19964846442728
4.37993784511791
4.52241197754355
4.63527842128978
4.72628885156968
4.80255328907686
4.8705075488371
4.93598520054537
5.00432426789228
5.08045092750998
5.16886436238008
5.27351701960844
5.39761630226584
5.54340909509098
5.71201391781078
5.90335153130924
6.11620931064381
6.34844103981467
6.59723649305456
6.85936378030216
7.13132830227123
7.4094378527473
7.68980719061459
7.96832965402042
8.24069230696734
8.5024478856255
8.74923131045173
8.97704909829532
9.18260664098403
9.36356836206773
9.518689772662
9.64781306771671
9.75174617767334
9.83204207700842
9.89073164322797
9.93004989624023
9.95221659716438
9.95930116316852
9.9531774520874
9.93556112401626
9.90809014264275
9.87245167002958
9.83047176809872
9.78413435992073
9.73548670376048
9.68651474223417
9.63901042938232
9.59445897270651
9.55397359062644
9.5182830025168
9.4877893223482
9.46266168706557
9.44293947780834
9.42861562616685
9.4196886174819
9.41617623497458
9.41809435451732
9.42542087330538
9.43805952633129
9.45581391278435
9.47840561586268
9.50548211266013
9.5366865606869
9.5717009937062
9.61032693526324
9.65250907224767
9.69833172068876
9.74795307832606
9.80148657630472
9.85891022401698
9.91999755186193
9.98430061340332
10.0511872908648
10.1198753469131
10.1894811742446
10.2590338763069
10.3274967530194
10.3937660666073
10.4567142374375
10.5152574426988
10.5684748256908
10.6157482371611
10.6569069133085
10.6923324921552
10.7230240877937
10.750638961792
10.7775018355426
10.8065670237822
10.8412900251501
10.885432916529
10.9427854874555
11.0168331931619
11.1103714213652
11.2251134199255
11.3613160638248
11.5175292632159
11.6904883665197
11.8752628775204
12.065613971037
12.2545071209178
12.4346953560324
12.5992870891795
12.7422481424668
12.8588128370397
12.9457857468549
13.0016948475557
13.0268263536341
13.0230566473568
12.9935595007504
12.942390834584
12.8740669138291
12.793155670166
12.7039606430951
12.610278634464
12.5152448205387
12.4212346918443
12.3298371258904
12.2418682995964
12.1574333976297
12.0760283189661
11.9966791938333
11.918124367209
11.8390291438383
11.7581908843097
11.6746924344231
11.5879883485682
11.4979439342723
11.4048135420855
11.3092035405776
11.2119833441342
11.1141741696526
11.0167867436129
10.9206584481632
10.8263074089499
10.7338516010958
10.6430464351878
10.5533931956572
10.4642831577974
10.3751257728128
10.2854334887336
10.1948987736421
10.1034181258258
10.0111165327184
9.91829473832074
9.8253709007712
9.73280340082505
9.64100977953743
9.5503090690164
9.46084381552303
9.37251781014835
9.28496775907629
9.19757439108456
9.1095391441794
9.01996825723087
8.92798541573917
8.83283878775204
8.73402101853315
8.63136297113755
8.52514384774601
8.4162223479327
8.30621545455035
8.19769713457893
8.09432859981761
8.00083426868214
7.92276146832634
7.86599128386554
7.83606501186595
7.83737538842594
7.87225350211648
7.94002513324513
8.03612047083238
8.15133302352008
8.2713526837966
8.37664592967314
8.44281833312091
8.44161137412576
8.34258932225844
8.11550171235028
7.7332664938534
7.17541590858908
6.43183584774242
5.50645797392901
4.42035875600927
3.21355422805337
1.94459336645463
0.686951206010931
-0.478670053403167
-1.47574191934922
-2.24423569791457
-2.74973569898044
-2.98662633054397
-2.97538887753206
-2.75598108067232
-2.37983615959392
-0.640780357753529
-0.366868187399472
-0.022016060702941
0.00316295159213683
0
0
0
0
