1.07758601307869
1.05720376372337
0.993645530939102
0.889072826504707
0.747100350260735
0.573495139926672
0.377261799573898
0.171998275071383
-0.0227888774126768
-0.180904246866703
-0.269949680566788
-0.253886539489031
-0.0982049360871315
0.222848054766655
0.719182694703341
1.38086001761258
2.17877836376429
3.06953955888748
4.00264339447021
4.92791204452515
5.8015260219574
6.58989133834839
7.27122683525085
7.83525996208191
8.28163919448853
8.61770186424255
8.85609951019287
9.01259813308716
9.10417795181274
9.14752931594849
9.15795440673828
9.14870052337647
9.13069448471069
9.11258726119995
9.10096158981323
9.10060148239136
9.11472682952881
9.14521331787109
9.1927827835083
9.2571174621582
9.33694829940796
9.43009424209595
9.53356046676636
9.64368305206299
9.75634412765503
9.86725406646729
9.97225131988525
10.0676293373108
10.1504266738892
10.2186741828918
10.271542930603
10.3093777656555
10.3335634231567
10.3462430000305
10.3499003410339
10.3468894004822
10.3390570640564
10.3274718284607
10.3123691558838
10.2932920455933
10.2693827629089
10.2396988868713
10.2034850120544
10.1603061676025
10.1101144790649
10.053221321106
9.99023103713989
9.92194213867188
9.84923677444458
9.77297878265381
9.69392395019531
9.61263742446899
9.52944383621216
9.44443607330322
9.35758171081543
9.26886177062988
9.17842950820923
9.08673648834229
8.994602394104
8.9031660079956
8.81376581192017
8.7277626991272
8.64638018608093
8.57058959007263
8.50103530883789
8.43803944587708
8.38161840438843
8.33153858184814
8.28739070892334
8.24868340492248
8.21497468948364
8.18598866462708
8.16170196533203
8.14236192703247
8.12843866348267
8.12053422927857
8.11926231384277
8.12512874603271
8.13845019340515
8.15930099487305
8.18751845359802
8.22270884513855
8.26426634788513
8.31140532493591
8.36319770812988
8.41863603591919
8.4767165184021
8.53650035858154
8.59718456268311
8.65815238952637
8.71901388168335
8.77967681884766
8.84043483734131
8.90208778381348
8.96605243682861
9.03444471359253
9.11007413864136
9.19634160995483
9.29701776504517
9.41592741012573
9.55655145645142
9.72155628204346
9.91232557296753
10.128587436676
10.368185710907
10.6270762443542
10.8995149612427
11.1784173965454
11.4558604240417
11.72360496521
11.9736848831177
12.1989864349365
12.3937724113464
12.5541263580322
12.6781861305237
12.7661746025085
12.8202325820923
12.8440595626831
12.8424355506897
12.8206805229187
12.7841423988342
12.7377947807312
12.6859732627869
12.6321994781494
12.5790501594543
12.5280764579773
12.4798246383667
12.4339357376099
12.3893411636353
12.3444890975952
12.2975371360779
12.2465098381042
12.1894128799438
12.1243155479431
12.0494292259216
11.963204574585
11.8644113540649
11.7522431373596
11.6263715744019
11.4869682312012
11.3346723556519
11.1704951286316
10.9957260131836
10.8118061065674
10.6202637672424
10.4226159095764
10.2202572822571
10.0143790245056
9.80592651367187
9.59567441940308
9.38432579040527
9.17257337570191
8.9610387802124
8.75014543533325
8.53997116088867
8.33014135360718
8.11980819702148
7.9077525138855
7.69258761405945
7.47301545143127
7.24810423851013
7.01750726699829
6.78159508705139
6.54146919250488
6.29887924194336
6.05612835884094
5.81601991653442
5.5818775177002
5.35759229660034
5.14760794639587
4.95681867599487
4.79032855033874
4.65313005447388
4.54967365264893
4.48332471847534
4.45563325881958
4.46541833877563
4.50770845413208
4.57268342971802
4.64476671218872
4.70207724571228
4.71643590927124
4.65414061546326
4.47768769264221
4.14854226112366
3.63095703125
2.89672577381134
1.93059955835342
0.735924133658409
-0.660224235523492
-2.20338926315308
-3.81081256866455
-4.83590526580811
-6.09484238624573
-7.09185109138489
-7.73271355628967
-3.51684799194336
-3.42626304626465
-2.23073682785034
-1.93258094787598
0
0
0
0
0
0
0
0
0
0
