3.92129529606212
4.8839899409901
5.82592175223611
6.73423446308483
7.59655688025735
8.40160018747503
9.14015197753906
9.8062500520186
10.398342739452
10.9202016483654
11.3812764774669
11.7960988825018
12.1824510747736
12.5583297556097
12.9381884661588
13.32943760265
13.7304658022794
14.1310699636286
14.5152566216209
14.8653059872714
15.1657025597312
15.4058855230158
15.581466588107
15.6940868551081
15.75035572052
15.7603647925637
15.7361184033481
15.6901098598133
15.6341683647849
15.5786152752963
15.5317782488736
15.4998212294145
15.4868494380604
15.4951964291659
15.5258077274669
15.5786083394831
15.652813651345
15.7472011392767
15.8603613593362
15.9909439086914
16.1378396641124
16.3002281188965
16.4774491570213
16.6687698364258
16.873121955178
17.0888864343817
17.3137619712136
17.5447311401367
17.7781311381947
18.0098148692738
18.2353902296586
18.450460954146
18.650857405229
18.8328727375377
18.9934206875888
19.130199952559
19.2417514107444
19.3274853446267
19.3875548622825
19.4227513399991
19.4342625357888
19.4234471754594
19.3916143937544
19.3398378545588
19.2688352411444
19.1789503964511
19.0702091563832
18.9424240805886
18.7953383705833
18.6287522749467
18.4426716891202
18.2374142733487
18.0136876539751
17.77264733748
17.5158462524414
17.2451659115878
16.9626893130216
16.670540376143
16.3707251115279
16.0649637742476
15.7545976638794
15.4405620748347
15.1233836087314
14.8032853386619
14.4802868582986
14.1543343283913
13.8254269686612
13.4937025416981
13.1594966541637
12.8233464847911
12.485969543457
12.1482064507224
11.81097871607
11.4752500707453
11.1419891010631
10.8121454065496
10.4865768606013
10.1660015799782
9.85092874006792
9.54166984558105
9.23837171901356
8.9410759752447
8.64977524497292
8.36445054140958
8.08510069413619
7.81175786798651
7.54449454220858
7.2833892215382
7.02850181406195
6.77986721559004
6.53755222667347
6.30173297361894
6.07277020541104
5.85124470970847
5.63791257684881
5.43360541083596
5.23910030451688
5.0550096468492
4.88171523267573
4.71935207193548
4.56782145933671
4.42680339379744
4.29577025500211
4.17400004646995
4.06061007759788
3.95461097630587
3.85497964512218
3.76072575829246
3.67094178633256
3.58485165509311
3.50184111161665
3.42146080190485
3.34339423613115
3.26740111004223
3.19324426217513
3.12062775004994
3.04914262078025
2.9782405983318
2.90724470398643
2.83540473201058
2.7619965726679
2.68644107471813
2.60843340917067
2.5280628637834
2.4459304376082
2.36324509707364
2.28188514709473
2.20438025214455
2.13381411812522
2.07364137606187
2.02745825594122
1.99875086004084
1.99063646793365
2.005593939261
2.04519122297114
2.10981970483606
2.19846125082536
2.30849477377805
2.43558903173967
2.57377308065241
2.7158224365928
0
0
0
0
0
0
0
0
0
0
0
0
0
0
0
0
0
0
0
0
0
0
0
0
0
0
0
0
0
0
0
0
0
0
0
0
0
0
0
0
0
0
0
0
0
0
0
0
0
0
0
0
0
0
0
0
0
0
0
0
0
0
0
0
0
0
0
0
0
