4.97126390315868
5.56450741379349
6.11708061783402
6.61893516116672
7.06100167168511
7.43623798864859
7.74124857231423
7.97809150483873
8.15579326064498
8.2910958925883
8.40789780793367
8.53481755433259
8.70047865973579
8.92701088940656
9.22387539898908
9.58482314922191
9.98935349782308
10.4077325043855
10.8075314274541
11.1596859472769
11.4428028530545
11.6451804196393
11.7647764064648
11.8077682918972
11.7864038679335
11.7166487729108
11.6159838570489
11.5015121742531
11.3884997191253
11.2894119686551
11.2134593681053
11.1665952117355
11.1518960175691
11.1701914822614
11.2208272439462
11.3023652677183
11.4131263803553
11.551457617018
11.715781600387
11.9044800511113
12.1156849331326
12.3470133675469
12.595326035111
12.8565876219008
13.1259089929086
13.3978079336661
13.6666231861821
13.9270119137234
14.1744527110347
14.405696021186
14.6190695232815
14.8145356001677
14.9934414757623
15.1580112951773
15.3106737136841
15.4533843287715
15.5870412190755
15.7110718621148
15.8232673009237
15.9198598861694
15.9958593227245
16.0456095095034
16.0634614096748
16.0444628750836
15.9849483701918
15.8829528667309
15.738396997805
15.5530290250425
15.3301507102119
15.0741945196081
14.7902601736563
14.4836333592733
14.1593874825372
13.8220919149893
13.4756614543774
13.1232879779957
12.7674643905075
12.4100736335472
12.0525274629946
11.6959258891918
11.3411774105496
10.9891177283393
10.6405944117793
10.2965364809389
9.9579908936112
9.62612537101463
9.30218039618598
8.98740895589193
8.68297456811976
8.38986601652922
8.108818742964
7.84024175008138
7.58415374049434
7.34014511108398
7.10739158701014
6.88474593339143
6.67087863992762
6.464447233412
6.26423072814941
6.06922818996288
5.87871060548005
5.69226526331019
5.50982367550885
5.33169198919226
5.15855225810298
4.99144517050849
4.83172130584717
4.68100074485496
4.54112416726571
4.41410681053444
4.30204938076161
4.20701747470432
4.13087711510835
4.07511058560124
4.0406377668734
4.02765277579979
4.03548836708069
4.06252812456202
4.10618048244053
4.16294173841123
4.22854552445588
4.29818819187306
4.36681300622446
4.42942409162168
4.48140799557721
4.51884149622034
4.53876428250913
4.53938839170668
4.52019991698088
4.48191220672042
4.42624496530603
4.35556588349519
4.2725021927445
4.17961339597349
4.07920622825623
3.97327144940694
3.86348907152812
3.75124297318635
3.63760526974996
3.52330844490616
3.40873888686851
3.2939705407178
3.17884971477367
3.06309061580234
2.94636557720326
2.82836940553453
2.70886174837748
2.58770581527993
2.46491039240802
2.34067489482738
2.21544604831272
2.089979507305
1.96540469593472
1.84327537042123
1.72559373025541
1.61481256838198
1.5138079546116
1.42580838556643
1.35426406065623
1.30263778456935
1.27410425963225
1.27117113713865
0.995831622017754
1.03058316089489
0.818860707459626
0.821113868995949
0.535741867842498
0.576051954869871
0.336974793010288
0.359984667212875
0.305015859780488
0.318255866015399
0
0
0
0
0
0
0
0
0
0
0
0
0
0
0
0
0
0
0
0
0
0
0
0
0
0
0
0
0
0
0
0
0
0
0
0
0
0
0
0
0
0
0
0
0
0
0
0
0
0
0
0
0
0
0
0
0
0
