-1.01612509203994
-0.859698186749997
-0.709977272412051
-0.57388986857689
-0.459747274122808
-0.376848734186395
-0.334647533686265
-0.341491045187349
-0.403114993084708
-0.521161246882833
-0.691916613475136
-0.905398263879444
-1.14497404513152
-1.38787214393201
-1.60704968286597
-1.7746319356172
-1.8663685373638
-1.86588656384012
-1.76747715991476
-1.57668676065362
-1.30874335247537
-0.985465889391692
-0.631553073292193
-0.271053438500056
0.0754317217152161
0.392555825331289
0.671030692432238
0.907553521187409
1.10403186601141
1.26631298531657
1.40266527818597
1.52226950811303
1.63392530316892
1.74507747525754
1.86119773076928
1.98551349536232
2.11907394036003
2.26114672163258
2.40988733457482
2.56315720599631
2.71930488296177
2.87771496565446
3.03901701388152
3.20493778975114
3.37787759822348
3.56031924745311
3.75423344321873
3.96062443567359
4.17931734997293
4.40898936727773
4.64742567228234
4.89190686267355
5.13963655803515
5.38805708677872
5.63501727062723
5.87879527133444
6.11804889596027
6.35174147979073
6.57905862642371
6.79930554265561
7.01177053866179
7.21559906005859
7.40971650247988
7.59289921884951
7.76395177841187
7.92192585571952
8.06631691559501
8.19716803923897
8.3150895367498
8.42118043484895
8.5168750597083
8.60376482424529
8.68342776920484
8.75726467630138
8.82639001763385
8.89156582044519
8.95321468684984
9.01149094623068
9.06639372784158
9.11787530650263
9.16595011172087
9.21077438022779
9.2526911030645
9.2922130253004
9.3299446105957
9.36646942470385
9.4022681609444
9.43767949809199
9.47293741806694
9.50824177783469
9.54383340089217
9.58004578300144
9.61734178791875
9.6563082985256
9.69764460688052
9.7421407699585
9.79060741092848
9.84382654272992
9.90244218577509
9.96689377660337
10.0373546351557
10.1137202304343
10.1956310686858
10.2825105915899
10.3735843326734
10.4679301718007
10.5645103039949
10.6622292477152
10.7599534988403
10.8565443287725
10.9508792628413
11.0418755904488
11.1285225826761
11.2099433152572
11.2854759796806
11.3547685042672
11.4178783997245
11.4753452383954
11.5282410331394
11.5781949084738
11.6273984909058
11.6785999795665
11.7350697724716
11.8004897988361
11.8787264616593
11.9734766172326
12.0878101431805
12.2236646983934
12.3813869642175
12.5594023828921
12.754115809565
12.9600551854009
13.1702498560366
13.3767784782078
13.5714151133662
13.7463283953459
13.8947411412778
14.0114990731944
14.0934899371603
14.1398738363515
14.1520898238472
14.1336360599684
14.0896287586378
14.0261979310409
13.9498044718867
13.866560065228
13.781659665315
13.6990195149961
13.6211762635604
13.549410695615
13.484024628349
13.4246344773666
13.3704134070355
13.3202949192213
13.2731324486111
13.2278209354566
13.1833521386851
13.1388322166775
13.0934561853823
13.0464786031972
12.9972065220708
12.9450052095496
12.8892972780311
12.8295722629713
12.7653823106185
12.6963700418887
12.6223366364189
12.5433559832366
12.4598455429077
12.3725670938906
12.2825428506602
12.1909326470417
12.0989403931991
12.0077607113382
11.9185444790384
11.8323409039041
11.7500250443168
11.6722341205763
11.5993455389272
11.5314509764962
11.4683538934459
11.4095412544582
11.3541787188986
11.3011771492336
11.2493184545766
11.197407266368
11.1444039137467
11.0895738187044
11.0326701039853
10.9741455161053
10.9153514115707
10.8586716859237
10.807526629904
10.7662488273952
10.7398057605909
10.7333838006724
10.7518340401028
10.7990439456442
10.8771670382956
10.9857433567876
11.1207279537035
11.273544560308
11.4303354595018
11.5716019920681
11.6724292091701
11.703440790591
11.6325601909472
11.42751697872
11.0589583438376
10.5040076711903
9.75003976407258
8.79846817514171
7.66803774626359
6.39689084757929
5.0423934356026
3.67760548384293
2.38352941948435
1.23753196519354
0.300559604783421
-0.392774542307724
-0.837973291459291
-1.0575237714726
-1.09270347978758
-0.993598601092463
-0.78296704136807
-0.568832988324373
-0.326133851771769
-0.142906356476369
-0.00943533574109492
0.0260532721877098
