1.24304028994897
1.77798479094225
2.31290653873892
2.8437931397382
3.36542756417218
3.87134087085724
4.35427237959469
4.80710419486551
5.22413204698002
5.60248390366049
5.94343499576344
6.25334634500391
6.54391852547141
6.83136651095222
7.13420222787296
7.46962098514333
7.84920330608592
8.27518611795762
8.73869657516479
9.22078017627492
9.6959322200102
10.1369673224056
10.5196875964894
10.8262762742884
11.0469882067512
11.1803133347455
11.2320410223568
11.2136199053596
11.1401610654943
11.028387855081
10.8947975495282
10.7541992524091
10.6187944973216
10.4977920195636
10.3974774865543
10.3215744916131
10.2717250375187
10.247930134044
10.2489356994629
10.2725585488712
10.3159710379208
10.3759407155654
10.4490490520702
10.5318361170152
10.6209320180556
10.7131559147554
10.8055869831758
10.8956666834214
10.9812746047974
11.0608079573687
11.1331914452945
11.1978748545927
11.2547886231366
11.3042543635649
11.3468203264124
11.3830699920654
11.4134308310116
11.4380531311035
11.4567308425903
11.4689090392169
11.4737244213329
11.4701059565825
11.4568855061251
11.4329380708582
11.3972891639261
11.3492214539472
11.2883887571447
11.2148620381075
11.1291305878583
11.0320362764246
10.9246714535881
10.8082649567548
10.6840747384464
10.5533099454992
10.4170886769014
10.2763983221615
10.1320874831256
9.98483293196734
9.83513826482436
9.68335729486802
9.52975727530087
9.37461263993207
9.21830777560963
9.06141483082491
8.90472731870763
8.74929010166841
8.59637681175681
8.44744968414307
8.30405423220466
8.1677048627068
8.03974213319666
7.92122069527121
7.81282262241139
7.71483034246108
7.62713289260864
7.5493021291845
7.48068214865292
7.42049475277171
7.36793094522813
7.32223219030044
7.28276959587546
7.24910175099092
7.22100487877341
7.19846837660846
7.18166847789989
7.17088977028342
7.16643109041102
7.16850816502291
7.17719784904929
7.19243397432215
7.21405214421889
7.24186044580796
7.27572121339686
7.3156193003935
7.36171368991627
7.41438097112319
7.47424552019905
7.54221747903263
7.61951250188491
7.70764816508574
7.80838450263528
7.92363175223855
8.05530233944164
8.20510892307057
8.37432855718276
8.56354432947495
8.77244708117317
8.99968265084659
9.24280598584343
9.4983081817627
9.76176458246568
10.0280900282018
10.2918641146492
10.5476948794197
10.7905459684484
11.0160058526432
11.2204898385441
11.4014126833747
11.5572829527013
11.6877290501314
11.7934171452242
11.8758769876817
11.937271566952
11.9801247540642
12.0070638095631
12.0206226461074
12.0231292388018
12.0166527243222
12.0029620002298
11.9834859511432
11.9592512916116
11.9308734220617
11.8985826267916
11.8622972264009
11.821715186624
11.7763952928431
11.7257957458496
11.669275227715
11.6060870114495
11.5353465360754
11.4560478995828
11.3670823153328
11.2673021765316
11.1556478388169
11.0312687368954
10.8936269984526
10.7425377228681
10.5781960206873
10.4011793136597
10.2124490737915
10.0132991566378
9.80523384318632
9.58980190052706
9.36839479558608
9.14210392447079
8.91168874852798
8.67764074662152
8.44029855728149
8.19994839499978
7.95685428731582
7.71124477947459
7.4633106063394
7.21321981093463
6.96119257983039
6.70758182862226
6.45293586394366
6.19798259174123
5.9435198727776
5.69027648252599
5.43881792180678
5.18955682305729
4.94283976274378
4.69905987907858
4.45872876223396
4.2224895252901
3.99108269635369
3.76530324711519
3.54594121259802
3.33371053022497
3.12912678718567
2.93234101463767
2.74292830859914
2.55966723666472
2.38035650814281
2.20175032054677
2.01969004378599
1.82948480634128
1.6265304369085
1.40711791375104
1.16934507033404
0.80207378022811
0.565983197268318
0.251789866124882
0.0784692300812286
-0.0352423269959057
-0.08688804945525
-0.0218228943207685
-0.0251333836246939
0
0
0
0
0
0
0
0
0
0
0
0
