1.29402413633135
2.01601802419733
2.722534082554
3.40421284569634
4.05053213790611
4.65022537443373
5.19236840142144
5.66804288934778
6.07238928476969
6.40677173049362
6.68058446601585
6.91213793224759
7.12805438924719
7.36054469920971
7.64189884397719
7.99665728321782
8.43423841617726
8.94580138171161
9.50674166502776
10.0830874266448
10.6390053784406
11.143297124792
11.5737085342407
11.9186756699174
12.1768070503517
12.3549100734569
12.4653457005819
12.5233437573468
12.5446390575833
12.5436537354081
12.5323416392008
12.5197473102146
12.5121721338343
12.5137735296179
12.527342972932
12.55500959467
12.5987334781223
12.6605354238439
12.7424801720513
12.8464728461372
12.973978360494
13.1257134543525
13.3014055887858
13.4996490125303
13.7178582438716
13.9523808161418
14.1987547344632
14.452116895605
14.7076835632324
14.9611953805994
15.2092382642958
15.4494124871713
15.6803781368114
15.901774265148
16.1140713515105
16.3183412905093
16.5160012774997
16.7084973653158
16.8969876324689
17.0820284242983
17.2633558202673
17.4397600668448
17.6090975867377
17.7683902316623
17.9140117786549
18.0419356734664
18.1480432439733
18.2284174318667
18.2796512179905
18.2990818023682
18.2849742748119
18.2365926813196
18.1541667514377
18.0388024648031
17.8923342669452
17.7171969943576
17.5162223533348
17.2924826586688
17.0491233401828
16.7892306292499
16.5157168706258
16.231243663364
15.9381620619032
15.6385169912268
15.3340491895322
15.0262668397692
14.7164952313458
14.4059424223723
14.0957112842136
13.7868006670917
13.4800806045532
13.1762701670329
12.8759231920596
12.5794336177685
12.287044207255
11.9988723331028
11.7149680455526
11.4353698447899
11.1601457595825
10.8894097010295
10.6233093826859
10.362021057694
10.1057712060434
9.85486779389558
9.60973117969654
9.37088719120732
9.13892685925519
8.91445755075525
8.6980240256698
8.49005192297476
8.29079216497916
8.10027288507532
7.91827328999837
7.74430686456186
7.57764187565556
7.41737152028967
7.2625090987594
7.11207601759169
6.96517697087041
6.82106116965965
6.67916550459685
6.53911834292942
6.40068126607824
6.26365802906178
6.12780745824178
5.99277605833831
5.85806952582465
5.72305253699974
5.58698493463022
5.44907656422368
5.30856240237201
5.16479151337235
5.01730880030879
4.8659133028101
4.71068090862698
4.55193459546124
4.39017011501171
4.22594954349377
4.05978969291404
3.89207522074381
3.72301879635564
3.55268013918841
3.38106033537123
3.20827343728807
3.03477775609052
2.86161908396968
2.69066352314419
2.52481797889427
2.36821194048281
2.22630360391405
2.10584455507773
2.01465409773367
1.96118288128464
1.95385975749404
2.00025249410559
2.10608656759615
2.27419704861111
2.50353644512318
2.78838839354338
3.11799002576757
3.47684031945688
0.139269996572424
0
0
0
0
0
0
0
0
0
0
0
0
0
0
0
0
0
0
0
0
0
0
0
0
0
0
0
0
0
0
0
0
0
0
0
0
0
0
0
0
0
0
0
0
0
0
0
0
0
0
0
0
0
0
0
0
0
0
0
0
0
0
0
0
0
0
0
0
