0.387122817910635
0.440177690524321
0.42634939459654
0.333038137795833
0.151131300685497
-0.12296316629419
-0.485195385148892
-0.921929382360898
-1.40855852342569
-1.90918648930696
-2.377990763921
-2.76295060836352
-3.01242737128184
-3.08397715825301
-2.95288476118675
-2.61709833603639
-2.09690917684482
-1.43019341390866
-0.665286474503004
0.146509757408729
0.957337318704678
1.72733043087646
2.42710847121019
3.03841522106758
3.55334439644447
3.97265696525574
4.30367022294265
4.55809708741995
4.75005859595079
4.8943772315979
5.00521050966703
5.09505015153151
5.17412198506869
5.25014917667095
5.32840204238892
5.41195887785691
5.50206248576824
5.59852321331318
5.70015734892625
5.80525361574613
5.91202548833994
6.0189577799577
6.12500715255737
6.22969524676983
6.33308949837318
6.4356553371136
6.53800315123338
6.64059070440439
6.7435034605173
6.84633346704336
6.94820730502789
7.04788794884315
7.14392078839816
7.23477913783147
7.31899932714609
7.39530255244328
7.46271019715529
7.52064741574801
7.56901704348051
7.60822380506075
7.6391396522522
7.66300047360934
7.68125761472262
7.6954304254972
7.70699284626887
7.71731523367075
7.72765614436223
7.73915525583121
7.75282357289241
7.76952101634099
7.78995778010442
7.81472635269165
7.84434274526743
7.87924084296593
7.91971903580886
7.96589220487154
8.01769256591797
8.07490264452421
8.13722680165217
8.20434192510752
8.27592262854943
8.35161759303166
8.43097609740037
8.51339417237502
8.59811096925002
8.68427625069251
8.77106153048002
8.85778291408832
8.94396470143245
9.02938530995296
9.11407265296349
9.1982997747568
9.28256291609544
9.36754571474516
9.45407786736122
9.54306741861197
9.63541771815373
9.73194210345929
9.8332722737239
9.93978823148287
10.0515841704149
10.1684446334839
10.2898567639864
10.4150199156541
10.5428694945115
10.6720908238338
10.8011622062096
10.9284741328313
11.0524386626024
11.1716117858887
11.2847656836877
11.3909166042621
11.4893344732431
11.5795036462637
11.6610709703886
11.7338150464571
11.79765356504
11.8526883492103
11.899270424476
11.9380637682401
11.9701330478375
11.9970417022705
12.0209500239446
12.0447184489324
12.0719194412231
12.1067552566528
12.1538415321937
12.2178734265841
12.3031851695134
12.4132988269512
12.5505212637094
12.7156131450947
12.9075975418091
13.1237050569974
13.3594559155978
13.6088906068068
13.8649039635291
14.1197096017691
14.3653620206393
14.5943323282095
14.8000515424288
14.9773968183077
15.1230193651639
15.2355096523578
15.315363737253
15.3647887890156
15.3873818470882
15.3877178338858
15.3708947988657
15.3420896530151
15.306185062115
15.2674955954918
15.2296130840595
15.1953438978929
15.1666939808772
15.1448563795823
15.1302124170157
15.1223614766048
15.12022289863
15.1222137304453
15.1264732067402
15.1311160601102
15.1344430630024
15.135130075308
15.1323884083675
15.126053076524
15.1166068590604
15.1050985042865
15.0929765701294
15.0818842374361
15.0734381308922
15.0690613526564
15.0698769642757
15.0766589091374
15.0898218888503
15.1094153477595
15.1351873691265
15.1667333749624
15.2037253013024
15.2460916225727
15.2940475757305
15.3480121172391
15.4084386825562
15.4757059537447
15.5500482412485
15.6315400050237
15.7201195496779
15.8157033186692
15.9183853589571
16.0287292920626
16.1480627793532
16.2787766089806
16.424451314486
16.5897640081552
16.7799815397996
17.000050177941
17.2534420306866
17.5407741253193
17.8584292485164
18.1971878638634
18.5410694709191
18.866666500385
19.1432179671067
19.3335163409893
19.3957518064059
19.2863872234638
18.9640567486103
18.3943000206581
17.5548129448524
16.4406617237971
15.0685973534217
13.4795831533579
11.7383774243868
9.92914786705604
8.14610261183519
6.47974102313702
5.00222895695613
3.75701034986056
2.75585229580219
1.98302339590513
1.40413616253779
0.976585071820479
0.658825888083531
0.416689126537396
0.226138099956398
0.072959458670364
-0.0495236503551356
-0.14351468347013
-0.161971380558008
-0.192870565045338
