2.93583091100057
3.51449292898178
4.07648416360219
4.61203549305598
5.11113999287287
5.56415464480718
5.962868531545
6.30191119511922
6.58030354976654
6.8029195467631
6.98148667812347
7.1347934405009
7.28760202725728
7.4678342739741
7.70178663730621
8.00803283850352
8.39206782976786
8.8440838654836
9.34092990557353
9.85126042366028
10.3419043223063
10.7836146354675
11.1550499598185
11.4445680777232
11.6501308282216
11.7778387864431
11.8397274812063
11.8513220945994
11.8293204307556
11.7896369298299
11.7459661165873
11.70893907547
11.6858706474304
11.6810336907705
11.6962829430898
11.7317667802175
11.7865800062815
11.8592278162638
11.9478987852732
12.0505619049072
12.1649685700734
12.2886132399241
12.418792963028
12.5527337392171
12.6878614425659
12.822065114975
12.953897078832
13.0825909773509
13.2078970273336
13.3298157056173
13.4483431975047
13.5632744630178
13.6741319497426
13.7801419099172
13.8802879651388
13.9733740488688
14.0581168333689
14.133265097936
14.1976925532023
14.2504535516103
14.2907416025798
14.3177936077118
14.3307696183523
14.3286539713542
14.3102441628774
14.2742028236389
14.219170888265
14.1439036528269
14.0474367936452
13.9292434851329
13.7893664836884
13.628481388092
13.4478769302368
13.2493855158488
13.0353050231934
12.8082789580027
12.5712040265401
12.3271228472392
12.0791409015656
11.8303145567576
11.5835340817769
11.3413772583008
11.1059776941935
10.8789252440135
10.6612282594045
10.4533065160116
10.255074262619
10.0660274823507
9.88539123535156
9.71225730578105
9.54573559761047
9.38504902521769
9.22962403297424
9.0791118144989
8.93341040611267
8.79261922836304
8.65699688593546
8.52687017122904
8.40259146690369
8.28449654579163
8.17289125919342
8.06802872816722
7.97009579340617
7.87920010089874
7.79538798332214
7.7187032699585
7.64927542209625
7.58741593360901
7.53369482358297
7.4889839887619
7.45444750785828
7.43148156007131
7.42160419623057
7.42631049950918
7.44690656661987
7.48435397942861
7.53914038340251
7.61119465033213
7.69984050591787
7.80377678076426
7.92108468214671
8.04926792780558
8.18531997998556
8.32583069801331
8.46713407834371
8.60548520088196
8.73726971944173
8.85921398798625
8.96853772799174
9.06307117144267
9.14132340749105
9.20250630378723
9.24653355280558
9.27398713429769
9.28603672981262
9.28434133529663
9.27088888486226
9.24780909220378
9.217205286026
9.18102765083313
9.14103142420451
9.09876179695129
9.05550893147787
9.01229651769002
8.96983893712362
8.92849095662435
8.88818740844727
8.84841465950012
8.80822316805522
8.76628081003825
8.72098588943481
8.6706128915151
8.61350345611572
8.54822540283203
8.47369909286499
8.38922270139058
8.29443788528442
8.18924717108409
8.07373944918315
7.94816879431407
7.81297914187113
7.66881453990936
7.51649041970571
7.35691579182943
7.19097924232483
7.01945384343465
6.84293218453725
6.66182402769725
6.47637991110484
6.2867081562678
6.09277701377869
5.89442825317383
5.69142512480418
5.48353238900502
5.27060826619466
5.05267401536306
4.82991937796275
4.60261676708857
4.37095598379771
4.13487096627553
3.89397849639257
3.64768668015798
3.3955038189888
3.13747402032216
2.87460627158483
2.60917053620021
2.3448169529438
2.0865594347318
1.84068415562312
1.61460091670354
1.41662547985713
1.25565870602926
1.14070980747541
1.08022635181745
1.08123071491718
1.14832178751628
1.14674086372058
1.32380831241608
1.41372998555501
1.65764444073041
1.0830586651961
1.24190578858058
0.90815665324529
0.990375677744547
0.240859349568685
0.246570845444997
0
0
0
0
0
0
0
0
0
0
0
0
0
0
0
0
0
0
0
0
0
0
0
0
