-0.103468412119481
-0.015567007733302
0.0468216721330666
0.0673426659260359
0.0289256746570269
-0.0847968400404271
-0.287721739667985
-0.589194628927443
-0.991760199268659
-1.48899542043606
-2.0637181268798
-2.68693362341987
-3.31807497474882
-3.90730240609911
-4.40060424804688
-4.74769794940948
-4.91112596458859
-4.87350331412421
-4.6402988963657
-4.23757643169827
-3.70611055692037
-3.09405306975047
-2.44989724953969
-1.81679640213648
-1.2287010120021
-0.708402550468842
-0.267346596759227
0.0930931079718802
0.379346538438565
0.602954735746607
0.777973550734007
0.918832781414191
1.03880140102572
1.14905049734645
1.25822519097063
1.37239952219857
1.49529408415159
1.62863851255841
1.77261629369524
1.92635595798492
2.08843744794528
2.2573567463292
2.43189833561579
2.61138838529587
2.79579008950128
2.9856116771698
3.18165798319711
3.38472647137112
3.59535492128796
3.81365988651911
4.0392537911733
4.27121970388624
4.50812408659193
4.74808588292864
4.98890641000536
5.22825230492486
5.46386460463206
5.6937392950058
5.91622932751973
6.13006138801575
6.33428859710693
6.52825201882256
6.71154440773858
6.88397894965278
7.04556904898749
7.19652922948201
7.33730090989007
7.46856933169895
7.59125979741414
7.70650302039252
7.81557748052809
7.91984423001607
8.02069889174567
8.11952135297987
8.21762339274088
8.31617233488295
8.41608020994398
8.51790655983819
8.62182267506917
8.72766076193916
8.8350534968906
8.94357495837741
9.05286121368408
9.16266817516751
9.2728967666626
9.38359297646416
9.49495347340902
9.60729196336534
9.72099505530463
9.83644395404392
9.95393731858995
10.073621167077
10.1954173511929
10.3190069198608
10.4438223838806
10.5691220495436
10.6940943400065
10.8180092705621
10.9403586917453
11.0609457227919
11.1799223687914
11.297753545973
11.4151625103421
11.5330513848199
11.6523873011271
11.7740796407064
11.8988574875726
12.0271657837762
12.1590966118707
12.2943528493245
12.4322598775228
12.5718127886454
12.7117274602254
12.8504986763
12.9864658249749
13.1179020139906
13.2431591351827
13.3608826001485
13.4702509244283
13.5712118148804
13.6646649572584
13.7525633705987
13.8379001617432
13.9245660569933
14.0170891020033
14.1202965312534
14.2389063305325
14.3770883878072
14.537981139289
14.7232044008043
14.9324373669095
15.1631530655755
15.4106099340651
15.6681294971042
15.9276301066081
16.1803149117364
16.4174672232734
16.63116979599
16.8149567710029
16.9642782211304
17.0767723719279
17.152334107293
17.192941347758
17.202340443929
17.1855786641439
17.1485105090671
17.0972839991252
17.0379268858168
16.9759746127658
16.9162080552843
16.8624745474921
16.8175836139255
16.783304532369
16.7603872087267
16.7486525641547
16.7471764882406
16.754480044047
16.7687864303589
16.7882255978054
16.8109491136339
16.8352663252089
16.8596744537354
16.8829009797838
16.9039339489407
16.9220614963108
16.9369143380059
16.9485248989529
16.9572991265191
16.9639676411947
16.969513575236
16.975086318122
16.9819208780924
16.9911913341946
17.0039344363742
17.0210022396511
17.0431287553575
17.071005291409
17.105347527398
17.1469404432509
17.1965463426378
17.2547803454929
17.3219152026706
17.3976656595866
17.4810762405396
17.5705245335897
17.6638808780246
17.7588309182061
17.8532236946954
17.9454514185588
18.0347434149848
18.1214140786065
18.2070591184828
18.2946704228719
18.38856877221
18.494098133511
18.6170822779338
18.7631611294217
18.9370254940457
19.1415335337321
19.3767179912991
19.6386467615763
19.9183245764838
20.2007927364773
20.4647660785251
20.6828078163995
20.8222096761068
20.8465479744805
20.7180886798435
20.4011678695679
19.8664165072971
19.0955184300741
18.0857865015666
16.8538729349772
15.4375898043315
13.894952138265
12.2994048330519
10.7306575245327
9.26212845908271
7.94853085941739
6.81807626618279
5.87158430947198
5.08772632810805
4.43187767929501
3.86576692263285
3.35554231537713
2.8768373992708
2.41654360294342
1.97190418508318
1.54791542556551
1.15400576591492
