2.29936975240707
2.41604035430484
2.54623044861688
2.69248301453061
2.85626049836477
3.0373211701711
3.23311599095662
3.43839908970727
3.64520524607764
3.84326718913184
4.02082102828556
4.16569905810886
4.26654026243422
4.31397905614641
4.30162484116024
4.22672074370914
4.09034499857161
3.89712509844038
3.65452008777195
3.37190356519487
3.05971418486701
2.72885321246253
2.39027775658502
2.05463308758206
1.73183733224869
1.43066425455941
1.15836993853251
0.920354124572542
0.719868656661775
0.557840570807457
0.432901754975319
0.34166813062297
0.27924377636777
0.239868573016591
0.217605519211955
0.206968747493294
0.203402179810736
0.203546748393112
0.205281404985322
0.207575314574771
0.210215093361007
0.213475335803297
0.217795049978627
0.223515275451872
0.230717668930689
0.239180248644617
0.248431443340249
0.25786130130291
0.266850750479433
0.274893738329411
0.281699365211858
0.287261633409394
0.291882175538275
0.2961289551523
0.300728128188186
0.30640686965651
0.313720416691568
0.322909375859631
0.333832282159064
0.346001045571433
0.35870609101322
0.371189135644171
0.38281738344166
0.393226144214471
0.402407667703099
0.410726583666272
0.418853593369325
0.427624703281456
0.437856685784128
0.450162599484126
0.464819308784273
0.481725537114673
0.500452150901159
0.520353850391176
0.540710720751021
0.560877639386389
0.580419949359364
0.599206965830591
0.61743541724152
0.635570274458991
0.654223359293408
0.67400535609987
0.695392087101936
0.718635939889484
0.74374000231425
0.770491209295061
0.798534201251136
0.827461648318503
0.856902776492967
0.886600861946742
0.916463765833113
0.94656655854649
0.977092537615034
1.00822536481751
1.04001490937339
1.07225045892927
1.1043794784281
1.13550863332219
1.16449424293306
1.19010796811846
1.21123551328977
1.22706006964048
1.23719313078456
1.24173910088009
1.24129710263676
1.23689943552017
1.229887286822
1.22173358665572
1.21383980578846
1.20734607842233
1.20300010840098
1.20110713442167
1.20155622561773
1.20389864179823
1.20746050278346
1.21147421333525
1.21521380874846
1.21811046202977
1.2198291487164
1.22029544909795
1.21966665320926
1.2182510693868
1.21639231178496
1.21434719694985
1.21218259467019
1.20971144570245
1.20647970173094
1.20181159178416
1.19490618838204
1.18496518002616
1.17133362756835
1.15362839897474
1.13183703687456
1.10635328292847
1.07795308364762
1.04772378338708
1.01696571707726
0.98707581559817
0.95941655503379
0.93518352177408
0.915286776092317
0.900271746847365
0.890297542015711
0.885174747970369
0.884441018104553
0.887447489632501
0.893441634045707
0.901644931899177
0.911326153410806
0.9218567179309
0.932743572526508
0.943639410866631
0.954335540533066
0.96474474006229
0.974877493249045
0.984817819462882
0.994695981343587
1.00466105341911
1.01485097408295
1.02535285221206
1.03616332345539
1.04715907904837
1.05808781915241
1.06857994529936
1.07817000812954
1.08631819486618
1.09243316451708
1.09590477744738
1.09614759352472
1.09266679816776
1.08513456251886
1.07347398996353
1.05793615182241
1.03915643692017
1.0181733502282
0.996391077836355
0.975451532337401
0.957006994220946
0.942429767714606
0.932560175657272
0.927584893173642
0.927097224526935
0.930305169688331
0.936295145087772
0.944258719682693
0.953629768557019
0.964126020669937
0.975710166825189
0.988499638107088
1.00266453292635
1.01834726664755
1.03562858369615
1.05454282628165
1.07513687345717
1.09754881593916
1.12209618753857
1.14935365650389
1.1801994310485
1.21581351094776
1.25762159294552
1.30718015962177
1.36601201030943
1.43539875083499
1.51614152722889
1.60830826229519
1.71097917689217
1.82200023200777
1.93775981664658
2.0530167222023
2.16083818674088
2.25269665982988
2.31878305806054
2.34856193595462
2.33156556553311
2.25836715433333
2.1216264433331
1.91706891854604
1.64426113499535
1.30703867806329
0.913514624039332
0.475736025306914
0.00917330728730627
-0.467795062396261
-0.934394313229455
-1.36813233296076
-1.74592406219906
-2.04588718546761
-2.24979968865712
-2.34583744737837
-2.3308955695894
