1.33838830496136
1.46245217323303
1.58695537165592
1.709620438124
1.82796289418873
1.93930380595358
2.04081641372881
2.12961398927789
2.2028939598485
2.25813200599269
2.29331026579204
2.30714711390044
2.29929619086416
2.27046280158193
2.22240744139019
2.1578169935628
2.08005001670436
1.99277273604744
1.89954478489725
1.8034255316383
1.70667667765366
1.61062372358222
1.51572157207288
1.42182305612062
1.32858014734168
1.23585671500156
1.14402006801806
1.05403201203597
0.967332761538656
0.885571746449721
0.810279686199991
0.742576053268031
0.682989791819924
0.631430672971826
0.587302259708706
0.549701016200216
0.517636379129008
0.490214098440973
0.466749305787839
0.446803047468788
0.430154019280484
0.416730178029914
0.406531619398217
0.399567423682464
0.395818641311244
0.395224437901848
0.397684592949717
0.40307460490026
0.411277909027903
0.422237713085978
0.436011221848036
0.452797546198494
0.472923079603597
0.496790194197705
0.524802441659727
0.557278997019718
0.594370630226637
0.635991435301931
0.681773728445957
0.731055187551599
0.782910205815968
0.836238945785322
0.889908254146576
0.942919580559981
0.994557895158466
1.04448962839026
1.09278651915098
1.13987526454424
1.18642757754577
1.23321522850739
1.28095552482103
1.33017102040743
1.38107844089207
1.4335249034982
1.48699011928157
1.54065791243001
1.59355507085198
1.64471938108143
1.69335466309598
1.73893695756009
1.78125351353696
1.82038058732685
1.85661662879743
1.89038814996418
1.92214589997342
1.9522734503997
1.98102484878741
2.00850617258172
2.03470077640132
2.05952913510172
2.08291838671032
2.10485959680457
2.12544468202089
2.14488168139207
2.16348877078608
2.18165843110335
2.19978368909735
2.21816751204039
2.23693890320627
2.25600212498715
2.27503747061679
2.29355456954555
2.31097297292007
2.32670521108728
2.34022624869096
2.35112274320502
2.35912580866563
2.36412887196792
2.36617548214762
2.36541740517867
2.36204770991677
2.35623515907087
2.34808096760198
2.33760088995883
2.32473909854889
2.30940658795206
2.29153128674156
2.27110522044332
2.24820764441239
2.22300441641557
2.19571929228933
2.16659584170894
2.13585482773028
2.10365237687763
2.0700403577403
2.03494152269865
1.99815010397058
1.95937801662244
1.91833689338283
1.87484342173526
1.82890752114748
1.78078106202577
1.73095435845224
1.68012322877583
1.62914302474574
1.57897668135794
1.5306338573757
1.48510465496465
1.44328981324246
1.40593870689994
1.37359882028479
1.34658527374268
1.32496649340579
1.30857566783303
1.29703515454342
1.28979866755636
1.28620449492806
1.28554014783157
1.28710879777607
1.29028606414795
1.29455177407516
1.29950509573284
1.30486236120525
1.31044431736595
1.3161513428939
1.32193242876153
1.32775351875707
1.33356665310107
1.33928614541104
1.34476996722974
1.34982092756974
1.35420854468095
1.357706276994
1.36011783072823
1.36128564884788
1.36108932997051
1.3594473035712
1.35631997961747
1.35171496868134
1.34569468623713
1.33838130925831
1.329962849617
1.32070095288126
1.31094271258304
1.30113173785963
1.29180404387022
1.2835559782229
1.27698392617075
1.2725956189005
1.27071700598064
1.27142512798309
1.27454235679225
1.27969857266075
1.28643086709474
1.29428734277424
1.30290567247491
1.31205345454969
1.32163493884237
1.33167105599454
1.34226744425924
1.35358313510292
1.36581016841688
1.37917190476468
1.39393674699884
1.41044451061048
1.42913964547609
1.45060370470348
1.47557870337838
1.50497196222606
1.53982646214335
1.58124148845673
1.6302283563112
1.68751126841495
1.75329237862637
1.82701924600099
1.9071739221874
1.99110239430478
2.07489459138168
2.15333688886542
2.21997982577274
2.2673561698512
2.28737878799438
2.27191443192331
2.21350810402318
2.10619206804978
1.94629715618334
1.73314519932396
1.46948477468993
1.16157607342068
0.818900280877163
0.453584599651788
0.0796997053916321
-0.287432905090483
-0.631887175534901
-0.937831395550778
-1.19044889901814
-1.37719545866314
-1.48933398096185
-0.632828580705743
-0.616625139587804
