2.64867856923272
3.03985037523157
3.44198768279132
3.85330165133757
4.27027595744413
4.68709987752578
5.09532440409941
5.48390826056985
5.83975747052361
6.14867182338939
6.39657488991232
6.57081267412971
6.66137838363647
6.66193998561186
6.57054623435525
6.3899110064787
6.12721339394064
5.7934538897346
5.40245364694034
4.96963018529555
4.51073783986709
4.04073476791382
3.57294183618882
3.11859668002409
2.68679352367626
2.28470938345965
1.91792267911574
1.59061419262606
1.30556055377511
1.06396305561066
0.865260565982145
0.707075301338645
0.585375044275733
0.494840153876473
0.429377520785612
0.382702445282656
0.34890112017884
0.322889638297698
0.300706465454663
0.279615517924814
0.258035277619081
0.235341944238719
0.211606094942373
0.187316727112321
0.163131681435248
0.139674998819828
0.117389393641668
0.0964470952749252
0.0767251478836817
0.05785247354823
0.0393248259035103
0.0206653009963167
0.00159228941672208
-0.0178464237970355
-0.0371990888242555
-0.0556046053876772
-0.0718609050244969
-0.0845690966200303
-0.0923405569046736
-0.0940322384429986
-0.0889596840750207
-0.0770330917747582
-0.0587787566816106
-0.0352414719322149
-0.00780286408467766
0.0220286137533977
0.0528088965562775
0.083306216799161
0.112596564433154
0.140105144065969
0.165598468745456
0.189133525771253
0.210970246616532
0.231456937158809
0.25091112974812
0.269525400855962
0.287320811958874
0.304150328916662
0.319741343750673
0.333764127948705
0.345917971695171
0.356028055443483
0.364137454067959
0.370565200553221
0.375899548039717
0.380910047713448
0.386394188684576
0.393002289183
0.401087774949915
0.41061783713453
0.421170466086444
0.432030681301566
0.4423647312557
0.451422775492949
0.458718326161889
0.464152451823739
0.468056619167328
0.471149421790067
0.474425503436257
0.479021514163298
0.486095596762264
0.496738226974712
0.511916824999978
0.532455034115735
0.559041065328261
0.592263347962323
0.632657564738218
0.68074287035886
0.737023122170392
0.801937702824088
0.875767686787774
0.958518122925478
1.04982039858313
1.14889837012571
1.25462336399976
1.36564531747033
1.4805641524932
1.59810030460358
1.71723678532769
1.83732906509848
1.95818284679862
2.0800908944186
2.20381659619948
2.33050459973952
2.46152508960051
2.59827082297381
2.74193016220542
2.89327374626608
3.05248322206385
3.21903695779688
3.39167557043188
3.56845224604887
3.74687050370609
3.92407483213088
4.09708685033462
4.26305846606984
4.41949754602769
4.56443225636202
4.69647239236271
4.8148039930007
4.91911921781652
5.00951046102187
5.08636561562033
5.15026538512286
5.20192300572115
5.24213493571562
5.27174882327809
5.2916431427002
5.30271591859705
5.30587356230792
5.30201928755816
5.29203482235179
5.2767549683066
5.2569327915416
5.23321191002341
5.20609541500316
5.17591016432818
5.14276838302612
5.10653669693891
5.06685548670152
5.02319588380701
4.9749667784747
4.9216194152832
4.86276842566097
4.79827990251429
4.72831496070413
4.65330771838917
4.57389682881972
4.49082702748916
4.40483766443589
4.31656266661251
4.22646111600539
4.13479148640352
4.04162744914784
3.94691025509554
3.85052202729618
3.75238059548771
3.65253302630256
3.55123679778155
3.44900763736052
3.34662924093359
3.24511497160968
3.14562243573806
3.04932751375086
2.95728036936592
2.87029147148132
2.78885631000294
2.71312632280238
2.64291001768673
2.57769416360294
2.51669418110567
2.45894395603853
2.40341103778166
2.34911158505608
2.29519435938667
2.24098511303172
2.18599902181064
2.12993640759412
2.07268578865949
2.01433761680827
1.9551983090008
1.89578488293816
1.83678027461557
1.77893537633559
1.72292842584498
1.66921713071711
1.6179119979634
1.56868576302248
1.52072042577407
1.47269339421216
1.26239162332871
1.21320974826813
0.861236789647271
0.740789672907661
0.419881463050842
0.31962678712957
0.057590456569896
0.0498046699692221
0
0
0
0
0
0
0
0
0
0
0
0
