0.433420104009134
0.439317501253552
0.443494587032883
0.443504675670906
0.43716174253711
0.422734453722283
0.399066184405927
0.365582328151774
0.322182271215651
0.269062194559309
0.20654019906565
0.134952244245344
0.054661900046523
-0.0338093552359
-0.129555075688081
-0.231018052470905
-0.335780090755886
-0.44050700051917
-0.541099624501334
-0.633031412407204
-0.711798131465912
-0.773384616330818
-0.814657602045271
-0.833634268354487
-0.82963795794381
-0.803369495603773
-0.756874022660432
-0.693344352421937
-0.616758260462019
-0.531429678201675
-0.441593830232267
-0.351117317323331
-0.263351044169179
-0.181080608180276
-0.106501987272943
-0.0411734439743062
0.0140631719475129
0.0591566666132874
0.0948637769454055
0.122667463565314
0.144587551002149
0.162907544385504
0.179855849455904
0.197286931452928
0.216415116632426
0.237653959128592
0.260592764174497
0.284111027364378
0.306605843482194
0.326291798441498
0.341526193199334
0.351109820935461
0.354515380881451
0.352005552362513
0.344621275310163
0.334042083885935
0.322342263327705
0.31168416970306
0.304009868039025
0.300797560700664
0.302929236381142
0.310683844266114
0.323835617966122
0.341816667053435
0.363898202776909
0.389352018082583
0.417565193441179
0.448098527060615
0.480689978158032
0.515217346173746
0.551630807143671
0.589863698791575
0.629725080949289
0.670788045282717
0.712302283004478
0.753171594054611
0.792031303600029
0.827430326629568
0.858082972190998
0.883124068931297
0.902292560648035
0.915996032732504
0.92524563603931
0.931489873815466
0.936378781442289
0.941506597730849
0.948181823447899
0.957281805850841
0.969207099190465
0.983921909773791
1.00106338659922
1.02010640833113
1.04055484798219
1.06211203557474
1.08479861639164
1.1090004797335
1.13543941577276
1.16506510531461
1.19888816277186
1.23779591366097
1.28238655019689
1.33283997465063
1.38884156280094
1.4495790887762
1.51382916944998
1.58014013590636
1.64708435535431
1.713522500462
1.77880605061849
1.84285748446429
1.90611772184019
1.96939606578262
2.03366598818037
2.09985739213449
2.16867159914087
2.24044261596821
2.31506605943044
2.39200165536669
2.47034092302676
2.5489201369109
2.62646293640137
2.70175562964545
2.77382626356902
2.84210185651426
2.90650458689089
2.96748228426333
3.02596941700688
3.08328549067179
3.1409710071705
3.20056657437925
3.2633693129928
3.33020643834715
3.40128153341788
3.47611750496758
3.55359171054981
3.6320467878271
3.70944534407722
3.78353959542734
3.85205099317763
3.91284324504711
3.96409026781718
4.00443963651304
4.03315957387288
4.05025540457831
4.056557169667
4.05377842761852
4.04454998616819
4.03243490501686
4.02191603625262
4.01835817760891
4.02790454581932
4.05725501201771
4.11327773553354
4.20243595264576
4.33005066271181
4.49945697077998
4.71113279130724
4.96188870182744
5.24426753432662
5.54635708420365
5.85226304442794
0.231692649700024
0
0
0
0
0
0
0
0
0
0
0
0
0
0
0
0
0
0
0
0
0
0
0
0
0
0
0
0
0
0
0
0
0
0
0
0
0
0
0
0
0
0
0
0
0
0
0
0
0
0
0
0
0
0
0
0
0
0
0
0
0
0
0
0
0
0
0
0
