2.50490882396698
2.67335996627808
2.85085129737854
3.03830368518829
3.23444533348083
3.43535885810852
3.63447215557098
3.82303056716919
3.99095780849457
4.12793550491333
4.2245418548584
4.27330627441406
4.26953639984131
4.21178770065308
4.1018444776535
3.94420237541199
3.74521861076355
3.51216819286346
3.25250377655029
2.97348210811615
2.68216683864593
2.38566827774048
2.09139844179153
1.80712289810181
1.54066249132156
1.29927841424942
1.08886766433716
0.913203954696655
0.77342284321785
0.66788644194603
0.592465633153915
0.541206002235413
0.50725753903389
0.483891123533249
0.465383234620094
0.447584402561188
0.428096142411232
0.406105357408524
0.381986078619957
0.356792438030243
0.331762699782848
0.307927909493446
0.285879448056221
0.265697729587555
0.247014683485031
0.22916566208005
0.211383572220802
0.192989263683558
0.173540285229683
0.152914334833622
0.131326273456216
0.109295863285661
0.0875877477228642
0.0671364109963179
0.0489566216245294
0.0340356222353876
0.0232116479543038
0.0170572854112834
0.0157942213641945
0.01926040193066
0.0269355719909072
0.0380160175263882
0.0515197355300188
0.0664001494646072
0.0816488891839981
0.0963746480643749
0.109853675216436
0.121554347127676
0.131141200661659
0.138464997708797
0.143546257168055
0.146557419747114
0.147805481404066
0.147709968686104
0.146770340204239
0.145518329739571
0.1444584608078
0.144006735086441
0.144440732896328
0.145873761177063
0.148256765305996
0.151408205926418
0.15506649017334
0.158959431946278
0.162878586351871
0.166743382811546
0.170640268921852
0.174830573797226
0.17973118275404
0.185880051553249
0.193898437917233
0.204454183578491
0.218222057819366
0.235834777355194
0.25783169567585
0.284616616368294
0.316428577899933
0.353324472904205
0.395186597108841
0.441776347160339
0.492819461226463
0.548088675737381
0.607454633712769
0.670905816555023
0.738547223806381
0.810576689243317
0.887238436937332
0.968759500980377
1.05528398752213
1.1468376159668
1.24332129955292
1.34453499317169
1.45021175146103
1.56005605459213
1.67377524375916
1.79109716415405
1.91176592111588
2.03550993204117
2.16198749542236
2.29071481227875
2.42100563049316
2.55193331241608
2.68234212398529
2.8109082698822
2.93624057769775
3.05699553489685
3.17196710109711
3.28014006614685
3.3807133436203
3.47311551570892
3.55701794624329
3.63232913017273
3.69915227890015
3.757736992836
3.80843012332916
3.85164864063263
3.88786063194275
3.91757686138153
3.94133455753326
3.95969359874725
3.97321488857269
3.98243367671967
3.98781926631928
3.98972632884979
3.98835453987122
3.98372228145599
3.97566738128662
3.96389780044556
3.94807991981506
3.92794063091278
3.9033488035202
3.87438409328461
3.84137234687805
3.80488052368164
3.76566803455353
3.72458264827728
3.68242325782776
3.63978238105774
3.59691331386566
3.55366024971008
3.509477186203
3.46351203918457
3.41474394798279
3.36214230060577
3.30483493804932
3.24227097034454
3.17434906959534
3.1014820098877
3.02457375526428
2.94490089416504
2.86392748355865
2.78311200141907
2.70374352931976
2.62684864997864
2.55316224098206
2.48315966129303
2.41710736751556
2.35510251522064
2.29708437919617
2.24284732341766
2.1920666217804
2.14434177875519
2.09924899339676
2.05639406442642
2.01545075178146
1.97616784572601
1.93835686445236
1.90187343358994
1.86661236286163
1.83251284360886
1.79956793785095
1.76783127784729
1.73741344213486
1.70847420692444
1.68121207952499
1.65586210489273
1.63270080089569
1.61204875707626
1.59425936937332
1.57969418764114
1.56869300603867
1.56154109239578
1.55842627286911
1.55936636924744
1.56411225795746
1.57204731702805
1.58209385871887
1.59263497591019
1.60146236419678
1.60578771829605
1.60233674049377
1.58753478527069
1.4039192199707
1.36056666374207
1.29830967187881
1.21561703681946
0.496311950683594
0.441646361351013
0.279591280221939
0.227774077653885
0
0
0
0
0
0
0
0
0
0
