1.44985663890839
1.80482309063276
2.16659793257713
2.53126811981201
2.8934584458669
3.24618152777354
3.58093712727229
3.88802788654963
4.15705863634745
4.37764553229014
4.54031523068746
4.63749623298645
4.664435227712
4.61985389391581
4.50621970494588
4.32956381638845
4.09887003898621
3.82515589396159
3.52039116621017
3.19646529356639
2.86435820659002
2.53364108006159
2.21230300267537
1.90678525964419
1.62211007873217
1.36201771100362
1.12906462947528
0.92464791238308
0.748985971013705
0.601134677728017
0.479116169114908
0.38016885270675
0.301073168714841
0.238483191778262
0.189208825429281
0.150420098255078
0.11976847363015
0.0954313464462757
0.0760905525336663
0.0608569073180358
0.0491583856443564
0.04061801203837
0.0349521117750555
0.0319103035144508
0.0312570315630486
0.0327768382849172
0.0362830308343594
0.0416158570442349
0.0486257742159069
0.0571474228054285
0.0669746501371264
0.0778440547486146
0.0894304619481166
0.101355684300264
0.11321035772562
0.124585455904404
0.13510676411291
0.144466857115428
0.152452724675337
0.1589698754251
0.164057652155558
0.167889349162579
0.170755953838428
0.173037704080343
0.175167127201955
0.177586555480957
0.180705851564805
0.184868544340134
0.190332027773062
0.197266341497501
0.205775490651528
0.215939929087957
0.227861033131679
0.241682529449463
0.25758267690738
0.275752869745096
0.296381854762634
0.319654819866021
0.345765690008799
0.374939392010371
0.407453353206317
0.443643646935622
0.483880052963893
0.528507428864638
0.577772999803225
0.631763791044553
0.690368726849556
0.753269374370575
0.8199569384257
0.889766414960225
0.961912939945857
1.03551375865936
1.10959862669309
1.18311674396197
1.25495371222496
1.32396376132965
1.38901449243228
1.44904372096062
1.50313448905945
1.55060026049614
1.59106726447741
1.62451999386152
1.65129485726357
1.67201333244642
1.6874672472477
1.69848032792409
1.70577528079351
1.70987270275752
1.71103512247403
1.70926875869433
1.70438651243846
1.69612261652946
1.68426289161046
1.66874313354492
1.6496938765049
1.62743003169696
1.60240787267685
1.5751591026783
1.54622181256612
1.51606919368108
1.48503861824671
1.45327065388362
1.42066739002864
1.38689609368642
1.35143775741259
1.31368009249369
1.27303524812063
1.22905711332957
1.18153228362401
1.13053437074025
1.07643349965413
1.01987866560618
0.961755196253459
0.903130635619164
0.845185255010923
0.789128720760345
0.736098542809486
0.687050963441531
0.642664258678754
0.603277144332727
0.568880466123422
0.53916272521019
0.513588550190131
0.491482411821683
0.472107234100501
0.454735939701398
0.438719227910042
0.423546423514684
0.40888995056351
0.394625118623177
0.3808219358325
0.367715605845054
0.355663616210222
0.34509068975846
0.336422645797332
0.330014226337274
0.326083327333132
0.324666438003381
0.325606163591146
0.328568230072657
0.333085440099239
0.338616590946913
0.344605697939793
0.350530169904232
0.355933879812558
0.360451156894366
0.363829910755157
0.365953842798869
0.366849156717459
0.366662306090196
0.365611953039964
0.36394240707159
0.361904010176659
0.359762812654177
0.35782532642285
0.356451099117597
0.356038123369217
0.35698176920414
0.3596231341362
0.36420352011919
0.370831459760666
0.379462656875451
0.389893310765425
0.401774923006694
0.414655317862829
0.428043919305007
0.441489599645138
0.454654867450396
0.467375519375006
0.479703466097514
0.491948015987873
0.504729653398196
0.519043897589048
0.536305094758669
0.558340422809124
0.587315884729226
0.6256005341808
0.675582394003868
0.739450395107269
0.81895803908507
0.915193945169449
1.02838858962059
1.15777867039045
1.3015328347683
1.45673046509425
1.61937366922696
1.78442737460136
1.94589064518611
2.09691431125005
2.22997665405273
2.3371287782987
2.41031803687414
2.44179312388102
2.42459021011988
2.35307423273722
2.22350921233495
2.03456301490466
1.78765820463498
1.48705333471298
1.13964891433716
0.754598195354144
0.342904018859069
-0.0828533998380105
-0.508613027632236
-0.918869892756144
-1.2968744635582
-1.62523793180784
-1.88710803786914
-2.06792623798052
-2.15755664308866
