0.210023693063042
0.227106920697472
0.245163572105494
0.263185996900905
0.279511233622378
0.291807472705841
0.297145095738498
0.292170103300701
0.273396062580022
0.237611618908969
0.182361787693067
0.106430960819125
0.0102567121767524
-0.103782592171972
-0.231265750798312
-0.365882417695089
-0.499912475320426
-0.625036244365302
-0.733350042592395
-0.818351879715919
-0.875640438361601
-0.903183137828654
-0.901170822707089
-0.871616079048677
-0.817863060669465
-0.744118587537245
-0.655033340508288
-0.555320928042585
-0.44942930476232
-0.341303880040703
-0.234281244941733
-0.131101296240972
-0.033981554210186
0.0553235352378
0.135528230214153
0.205892197449099
0.266329947520386
0.317490188912912
0.360737601464445
0.398001646453684
0.431515302170407
0.463509640910409
0.495925297791308
0.530179400335659
0.56702167337591
0.606503719633276
0.648053711110895
0.690619685433128
0.732846254652197
0.773267580704255
0.810504003004594
0.843447484753349
0.871425441720269
0.894325855103406
0.912651926279068
0.927466993982142
0.940214520150965
0.952446529811079
0.965527363798835
0.980390544642102
0.997394662011753
1.01629528674212
1.03634250299497
1.05649621242827
1.07572000676935
1.09327698160302
1.10896092517809
1.12322330881249
1.13717972351746
1.15249276567589
1.17114572904327
1.19513329457153
1.22610865397887
1.26503527570855
1.31190313805233
1.36557543548671
1.42381756684997
1.48352541706779
1.5411285161972
1.5931022438136
1.63650457967411
1.66944455558603
1.69138966907154
1.7032453363592
1.70719260519201
1.70632562854073
1.70416221835397
1.7041115435687
1.70899681611495
1.7207145690918
1.74008426883004
1.76689012484117
1.80009098486467
1.83814678408883
1.87939158352939
1.92235792766918
1.96599951657382
2.00978188081221
2.05366604978388
2.09800455786965
2.14337157119404
2.19034944881092
2.2393054745414
2.29023311354897
2.34269614653154
2.39589389887723
2.4488264430653
2.50052139975808
2.55027740651911
2.59786155007102
2.64361934228377
2.68846399133856
2.73373991792852
2.78099337491122
2.83170396631414
2.88703387433832
2.94764028895985
3.01357913017273
3.08430229533802
3.15873286940835
3.23539319905368
3.31255676529624
3.38841730898077
3.46126500043002
3.52964821728793
3.59248599139127
3.64912184801969
3.69932928952304
3.74326222593134
3.78135540268638
3.81419210000472
3.84236543828791
3.86637587980791
3.88658293810758
3.9031788002361
3.91621268879284
3.92563923922452
3.93138681758534
3.9334397315979
3.9319139177149
3.92712380669334
3.91960783438249
3.91011047363281
3.89952197941867
3.88879093256864
3.87884567000649
3.87054374001243
3.86465419422496
3.86185030503706
3.86271194978194
3.86772136254744
3.87724666161971
3.89150320399891
3.91047993573275
3.93382681499828
3.96071557565169
3.9896832596172
4.01848268508911
4.04399082877419
4.06225455891002
4.06877565383911
0
0
0
0
0
0
0
0
0
0
0
0
0
0
0
0
0
0
0
0
0
0
0
0
0
0
0
0
0
0
0
0
0
0
0
0
0
0
0
0
0
0
0
0
0
0
0
0
0
0
0
0
0
0
0
0
0
0
0
0
0
0
0
0
0
0
0
0
0
