1.57548731106978
2.04665003373073
2.52072862478403
2.99157973436209
3.45156720968393
3.89146023530226
4.30056206996624
4.66709180978628
4.97888869505662
5.22449368696946
5.39447340598473
5.48268501575177
5.48717091633723
5.41046425012442
5.25922991679265
5.04331302642822
4.77443071512076
4.46488035642184
4.12653589248657
3.7702904847952
3.40589415110075
3.04207869676443
2.68678377224849
2.34733647566575
2.03043735027313
1.74188698255099
1.4861043049739
1.26562605454372
1.08078418786709
0.929711690315833
0.808698090223166
0.712818134289521
0.636694458814768
0.575246141507075
0.524266210886148
0.48071779196079
0.442725908297759
0.409340688815484
0.380189524247096
0.355125583135165
0.333939584401938
0.316164754904234
0.300984258835132
0.287247478961945
0.273592099547386
0.258649172691198
0.241275596504028
0.220747195757352
0.196870024101092
0.170001615698521
0.140987955033779
0.111026998322744
0.0814859458746818
0.0537127333764846
0.0288768655406714
0.0078595898185785
-0.00879934136397563
-0.0208998384097448
-0.0285338688856707
-0.0320069522467048
-0.0317458677320526
-0.0282092679363604
-0.02181722334801
-0.0129157006919671
-0.00178977814861215
0.0112776946849548
0.0259333056433556
0.0417081402041591
0.0580161910217542
0.0741800581319974
0.0894692722851267
0.103153169943163
0.114575793823371
0.123251164690233
0.128963577973012
0.131848485280688
0.132430239679077
0.131600870370256
0.130533080539093
0.130529978061811
0.132826351489012
0.138375600083516
0.147676805607401
0.160696824940924
0.176908805035055
0.195428934091559
0.215210419434768
0.235250273003028
0.254765837238385
0.273306219050517
0.290782168507576
0.30741583613249
0.323626192716452
0.33987736931214
0.356525274423452
0.373702100836314
0.391260053102787
0.408781245350838
0.425644037815241
0.441132144286082
0.45456620821586
0.465438109177809
0.473536363014808
0.479050053999974
0.482631114812998
0.485383130036868
0.48876321545014
0.494406062823076
0.503907691973906
0.518619331029745
0.539491128463012
0.566988610304319
0.601086446872124
0.641332112825834
0.686956419394566
0.736999378754542
0.790426942018362
0.846222148491786
0.903445546443646
0.96127299620555
1.01901651345766
1.07614067426095
1.1322757097391
1.18722210480617
1.24095009840452
1.29358107310075
1.34535610675812
1.3965869316688
1.44760093322167
1.49868676295647
1.55005654921898
1.60181908424084
1.65395643160893
1.70629724172445
1.75849666045262
1.81003703520848
1.86026314588693
1.90846081880423
1.95396004273341
1.99625905660483
2.03512838253608
2.07065778512221
2.1032347037242
2.13347338713132
2.16212863188524
2.19001498589149
2.21795126108023
2.2467180123696
2.27701405378488
2.30939629444709
2.34420248178335
2.38149211956905
2.42102322211632
2.46229625665225
2.50462767711053
2.54724499812493
2.58937228642977
2.63029229640961
2.66937703352708
2.70607141348032
2.73984960409311
2.77016439804664
2.79641564075763
2.81794080367455
2.83400951899015
2.8438314474546
2.84657656229459
2.84143004050622
2.82766951047457
2.80475880549504
2.77245492201585
2.73093973673307
2.68095053159274
2.62384554056021
2.56154401485737
2.49633633173429
2.43059589312627
2.36648178100586
2.30571006811582
2.24946231108445
2.19843147351192
2.15297688887669
2.11330805375026
2.07963239229642
2.05221364131341
2.03132400145897
2.01712689032921
2.00954364813291
2.00816779870253
2.01226303210625
2.02084451455336
2.03281805148491
2.04715699415941
2.06307699130132
2.08018576181852
2.09858102064866
2.11887489832365
2.14214374468877
2.16979929117056
2.20339259734521
2.24435659555288
2.29370660048265
2.35172475301302
2.41765948442312
2.48947525024414
2.56366742574252
2.63516213343694
2.69731961763822
2.74207520484924
2.76024761566749
2.74204516410828
2.67776148135845
2.55863066819998
2.37776774626512
2.13107186097365
1.81796019810897
1.44179981488448
1.00999341102747
0.533792387980681
0.027984640847605
-0.489444381915606
-0.997718302103189
-1.47394122527196
-1.89428192835588
-2.23582753768334
-2.47902083396912
-2.61029624938965
-2.6243220109206
-1.94638035847591
-1.79353440724886
