0.165202285562243
0.274858226378759
0.38746831814448
0.502223911739531
0.617936391206015
0.732947057201749
0.845099295888628
0.951785936242058
1.05008575178328
1.13699473085858
1.2097399802435
1.26614002670561
1.30494512830462
1.32607410067604
1.3306716907592
1.32093768176578
1.29973436253411
1.27004485187076
1.23443623951503
1.19471794083005
1.15192521186102
1.10663453170231
1.05946766762506
1.01155757336389
0.96476708991187
0.921553901263646
0.884505447887239
0.855686772437323
0.836008364246005
0.824828363600231
0.81993651957739
0.817969029857999
0.815177136943454
0.808366820925758
0.795748636836097
0.777442679518745
0.755493711857569
0.733408042362758
0.715361345381964
0.705294126556033
0.706099345570519
0.719048026062193
0.743532867658706
0.777154445648193
0.816123746690296
0.855903875260126
0.891962993712652
0.920487122876304
0.938922711781093
0.94627114704677
0.943108677864075
0.931347205525353
0.913792232672373
0.893581955205827
0.873618438130333
0.856098592281342
0.842226843039195
0.83214290085293
0.825058429014115
0.81956463484537
0.814039006119683
0.807067323298681
0.797799649692717
0.786173664388202
0.772963501158215
0.759650778202783
0.748150785764058
0.740458250045776
0.738273407731737
0.742663602034251
0.753818869590759
0.770953882308233
0.792372513385046
0.815677722295125
0.83809342838469
0.856861704871768
0.869651521955218
0.874902756441207
0.872045457363129
0.861567009062994
0.844923186869848
0.824307373591832
0.802316007160005
0.781572165943327
0.764385456130618
0.752511356558119
0.747041611444382
0.748418524151757
0.756548333735693
0.770981147175744
0.791117747624715
0.816396647975558
0.846433330149878
0.881087779998779
0.920439541339874
0.964654604593913
1.01376591693787
1.06744080498105
1.12482280958266
1.18452014809563
1.24475669293177
1.30364903949556
1.35952904678526
1.41123662108467
1.45831313019707
1.50106812091101
1.54051819301787
1.57823886757805
1.61617977846236
1.65649190403166
1.70137135755448
1.75289655299414
1.81283019837879
1.88239680585407
1.96207937172481
2.05150138764154
2.14941879681178
2.25382914997282
2.36216466767447
2.471572467259
2.57923638252985
2.68269985062735
2.78012298402332
2.87043571472168
2.95337083226159
3.02939056214832
3.09953388713655
3.16520554678781
3.22795025507609
3.28925423395066
3.35039226214091
3.41233154705593
3.47570049195063
3.54082489013672
3.60783900533404
3.67683836391994
3.74803267206465
3.82184787023635
3.89894957769485
3.98019417126973
4.06651528676351
4.15875714165824
4.25747346878052
4.36271358671643
4.4738434836978
4.58940660385858
4.70704757599604
4.8234974089123
4.9345878419422
5.03531817027501
5.11996841430664
5.18230935505458
5.21592378616333
5.21466477711995
5.17323859532674
5.08787298202515
4.95700577327183
4.78188580558414
4.56697954450335
4.32004696982248
4.05175390697661
0
0
0
0
0
0
0
0
0
0
0
0
0
0
0
0
0
0
0
0
0
0
0
0
0
0
0
0
0
0
0
0
0
0
0
0
0
0
0
0
0
0
0
0
0
0
0
0
0
0
0
0
0
0
0
0
0
0
0
0
0
0
0
0
0
0
0
0
0
