1.80648785829544
2.03655208150546
2.27704709768295
2.52823426326116
2.78910370667775
3.05697373549143
3.32730905214945
3.59374344348907
3.84831988811493
4.08193425337474
4.28497942288717
4.4481391509374
4.56328245004018
4.62432897090912
4.62794770797094
4.57390630245209
4.46497555573781
4.30644730726878
4.10538405179977
3.86978916327159
3.60784560441971
3.3273574312528
3.03545635938644
2.73859246571859
2.44272259871165
2.1535539329052
1.87665842970212
1.61736196279526
1.38040083646774
1.16946905851364
0.986810659368833
0.832990308602651
0.706909279028575
0.606058865785599
0.526957464714845
0.465683030585448
0.418397918343544
0.381768410404523
0.353218572835128
0.331003040075302
0.314118611315886
0.302099011838436
0.294751440485318
0.291896680990855
0.293164712687333
0.297877793510755
0.305031319459279
0.313365787267685
0.321513578295708
0.328194667895635
0.332421938578288
0.333669990301132
0.331960907826821
0.327842860172192
0.322264215598504
0.316373282422622
0.311292912811041
0.307919384290775
0.306784565250079
0.308004791537921
0.311324519415696
0.316244204839071
0.322193493445714
0.328696733961503
0.335490262756745
0.342571847140789
0.350172529617945
0.358656885723273
0.368387907743454
0.379609686632951
0.392375474174817
0.406516820192337
0.421643229822318
0.437171844144662
0.452384168903033
0.466500778992971
0.478773464759191
0.488593404491742
0.495599463582039
0.499751016497612
0.501340185602506
0.500935137271881
0.499273757139842
0.497140298287074
0.495252827803294
0.494178175926208
0.494286082684994
0.495749247570833
0.498591996729374
0.50277471045653
0.5082889671127
0.515231095254421
0.523835276563962
0.534473958114783
0.547637907167276
0.56391242146492
0.583946173389753
0.608404884735743
0.637898827592532
0.672884230812391
0.713568021853765
0.759844650824865
0.811297401785851
0.867262254158656
0.926944529016813
0.989556183417638
1.05445864796638
1.12129449347655
1.19008572896322
1.26126825809479
1.33563458919525
1.41418633858363
1.4979366461436
1.5877307554086
1.68413603305817
1.78740834196409
1.89751985669136
2.01420907179515
2.13702973723412
2.26537867387136
2.39850533008575
2.53549806276957
2.67526576916377
2.81653048594793
2.95784405867259
3.09762960672379
3.23425624767939
3.36614181598028
3.49185878038406
3.61022059122721
3.72032368183136
3.82156755526861
3.9136578241984
3.99662007888158
4.07081087430318
4.13692287604014
4.19594204425812
4.24906043211619
4.29754316806793
4.34257356325785
4.38510890801748
4.42576297124227
4.46472446123759
4.50173604488373
4.53612860043844
4.56693820158641
4.59305783112844
4.61340268452962
4.6270477771759
4.63331425189972
4.6318127711614
4.62244431177775
4.60537310441335
4.58096873760223
4.5497286717097
4.51219415664673
4.4688706000646
4.42015397548676
4.36630022525787
4.30741300185521
4.24348529179891
4.17448119322459
4.10044954220454
4.02162983020147
3.93852283557256
3.85190776983897
3.76280059417089
3.67238140106201
3.5818985303243
3.4925598303477
3.40544096628825
3.32141824563344
3.24114588896433
3.16505430142085
3.09335885445277
3.02608460187912
2.96310957272848
2.90423472722371
2.84926396608353
2.79806180795034
2.75055915117264
2.70670010646184
2.66635298728943
2.62922249237696
2.59478876988093
2.56229503949483
2.53078005711238
2.49916422367096
2.46635051568349
2.43129666646322
2.39303400119146
2.35064395268758
2.30323312679927
2.24993675947189
2.18996051947276
2.12263343731562
1.88523878653844
1.80784077445666
1.56839959820112
1.48588860034943
0.851375540097555
0.795862078666687
0.494185954332352
0.457944750785828
0.110225478808085
0.10171115398407
0
0
0
0
0
0
0
0
0
0
0
0
0
0
0
0
0
0
0
0
0
0
0
0
