0.43723930032165
0.531013951257423
0.62883573991281
0.730852056432653
0.836314837137858
0.943398146717637
1.04919189214706
1.14988009576444
1.24108375443353
1.31832392348184
1.37754438100038
1.41562792548427
1.43084028032091
1.423118269002
1.39410814091011
1.3468839901465
1.28537974092695
1.21367998917898
1.13539730840259
1.05333340167999
0.96952231725057
0.885587528899864
0.803230758066531
0.724606494108836
0.652394945974703
0.589518579343955
0.538604291086948
0.501389003962416
0.478265129805853
0.468090892183008
0.468310721494533
0.475362439122465
0.485296487256333
0.49448228875796
0.500244011481603
0.501271936628554
0.497727784845564
0.491051339440876
0.483540924610915
0.477808006383755
0.476210154868938
0.480363168098308
0.490816364685694
0.506948195121906
0.527099146887108
0.548906936689659
0.569764033511833
0.587300075425042
0.599797481739963
0.606478065252304
0.607608318328857
0.604398859871758
0.598717844044721
0.592688971095615
0.588271021842957
0.586906373500824
0.589298367500305
0.595346344841851
0.60424099807386
0.614698310693105
0.625284786577578
0.634761295936726
0.642370413850855
0.648011640266136
0.652275056750686
0.656335601100215
0.66172785670669
0.670039302772946
0.682578181778943
0.700081030527751
0.722524786436999
0.749084797170427
0.778245550614816
0.808035676126127
0.836342866773959
0.861252261532678
0.881355420306877
0.895976366820159
0.905279108771571
0.91023282872306
0.912445180945926
0.913894410486574
0.916614755436226
0.922393050458696
0.932530893219842
0.947701776469195
0.967919910395587
0.992614403918937
1.02079825710367
1.05130450813859
1.08304994194596
1.11526929007636
1.14767816331651
1.18052513069577
1.21453426060853
1.2507492436303
1.29031139832956
1.33420860325849
1.38303652074602
1.43682890026658
1.49499471540804
1.55638757899955
1.61949310920857
1.68269283683212
1.74454326541336
1.80401891249197
1.8606857502902
1.91477798091041
1.96716624277609
2.019205821885
2.07250335481432
2.12864986613945
2.18897963894738
2.25438146237974
2.32518633206685
2.40113952424791
2.48145454018204
2.56493004163106
2.65010265950803
2.73541925571583
2.81941179875974
2.90084846814473
2.97884859862151
3.05292682294492
3.12297919944481
3.18921909508882
3.25208950042725
3.31216655837165
3.37006743748983
3.42636753011633
3.4815441414162
3.53595821062724
3.58988703621758
3.64359936890779
3.69744947221544
3.75193697434885
3.80770404250534
3.86545812642133
3.92584357438264
3.98930655585395
4.05598590109083
4.12565784101133
4.1977413671988
4.27134485597964
4.34535814214636
4.41855545397158
4.4897064809446
4.55766409414786
4.6214184584441
4.68011013666789
4.73298279444377
4.77929148850618
4.81816964679294
4.84848730652421
4.86871562180696
4.87685136441831
4.87040671595821
4.84652150118793
4.80218675401476
4.73457479476929
4.64144860373603
4.5216132623178
3.45182704042505
3.32680550328007
2.43072396737558
2.17018968970687
1.20112521560104
1.13074149025811
0.594898806677924
0.558216306898329
0.418081371872513
0.395703156789144
0
0
0
0
0
0
0
0
0
0
0
0
0
0
0
0
0
0
0
0
0
0
0
0
0
0
0
0
0
0
0
0
0
0
0
0
0
0
0
0
0
0
0
0
0
0
0
0
0
0
0
0
0
0
0
0
0
0
