0.236086385324597
0.242488800548017
0.251857256516814
0.264388738200068
0.279579139314592
0.296098260208964
0.311763598583639
0.323621723800898
0.328124069608748
0.321371582336724
0.299396384507418
0.258461140096188
0.195367857348174
0.107774431089638
-0.00548278499627486
-0.144064140040427
-0.305812649428844
-0.486496735364199
-0.679703705012798
-0.876999616622925
-1.06842780858278
-1.24331858754158
-1.39129327237606
-1.50332015752792
-1.57269243896008
-1.59579594433308
-1.57253017276525
-1.50626357644796
-1.403300575912
-1.27195519208908
-1.12145181745291
-0.96090991050005
-0.798605181276798
-0.641557488590479
-0.495358657091856
-0.364125708118081
-0.250505491159856
-0.155717071611434
-0.0796498162671924
-0.0210376893664943
0.022286169230938
0.0530721131945029
0.0743125509470701
0.0889231481123716
0.0994877244811505
0.10809193784371
0.116250935941935
0.124919285066426
0.134561761282384
0.145262548234314
0.156861566472799
0.169117205776274
0.181884695775807
0.195273308083415
0.209732914343476
0.226038843393326
0.245178669691086
0.268171085044742
0.295860669575632
0.328740797936916
0.366852540522814
0.409790748730302
0.456816489808261
0.507035117596388
0.559583030641079
0.613771516829729
0.669166415929794
0.725605791434646
0.783173441886902
0.842144161462784
0.902901779860258
0.965833306312561
1.03120582178235
1.09904951602221
1.16907759010792
1.24065325781703
1.31280387938023
1.38427343592048
1.45363310724497
1.51946591585875
1.58060768991709
1.6363917067647
1.68682947009802
1.73268729448318
1.77543272078037
1.81704996526241
1.85975880175829
1.90568489581347
1.95653513818979
2.01332545280457
2.07621405273676
2.14448381215334
2.2166842520237
2.29090905189514
2.36513176560402
2.43752977252007
2.50673376023769
2.57196436822414
2.63305774331093
2.69038182497025
2.74468165636063
2.79687397181988
2.84781916439533
2.89809423685074
2.94783098995686
2.99665999412537
3.0437737852335
3.0880928337574
3.12848813831806
3.16402365267277
3.19415567815304
3.21884250640869
3.23853668570518
3.25407382845879
3.26649209856987
3.27683140337467
3.2859593629837
3.29444172978401
3.30246992409229
3.30985054373741
3.31604915857315
3.3202863484621
3.32167145609856
3.31935083866119
3.31265078485012
3.30120658874512
3.28504800796509
3.26462461054325
3.24075838923454
3.21453811228275
3.18717889487743
3.15987202525139
3.13364374637604
3.10925176739693
3.08714109659195
3.0674736648798
3.050213098526
3.03524440526962
3.02249684929848
3.01203697919846
3.00411085784435
2.99912290275097
2.99754503369331
2.99978207051754
3.0060205757618
3.01608403027058
3.029321834445
3.0445543974638
3.06007549166679
3.07372379302979
3.08301588892937
3.08534364402294
3.07822580635548
3.05958206951618
3.02798782289028
2.98288014531136
2.92469154298306
2.85491310060024
2.77607057988644
2.69160780310631
2.6056467294693
0
0
0
0
0
0
0
0
0
0
0
0
0
0
0
0
0
0
0
0
0
0
0
0
0
0
0
0
0
0
0
0
0
0
0
0
0
0
0
0
0
0
0
0
0
0
0
0
0
0
0
0
0
0
0
0
0
0
0
0
0
0
0
0
0
0
0
0
0
