1.69571352523306
1.75087614163108
1.81164875756139
1.87911434277244
1.9533261993657
2.03305986134902
2.11575662571451
2.19766159161277
2.2741204344708
2.33999504213748
2.390137952307
2.41988685856695
2.42553398920142
2.40471229345902
2.35665640623673
2.28230335401452
2.18421351391336
2.06630407727283
1.93340112333712
1.79066702593928
1.64299772096717
1.49454074320586
1.3484383665997
1.20683810244436
1.07112630553868
0.942282624866651
0.821213755918586
0.708945922229601
0.606628738019777
0.515383437923763
0.436077782641286
0.369116914013158
0.314315600887589
0.270884994579398
0.237536857309549
0.212685181394867
0.194705199288285
0.182194516710613
0.174173784644707
0.170174947575383
0.170194914483506
0.174529468559701
0.183533760192602
0.197372278765492
0.215817514321078
0.238140286310859
0.263115913971611
0.289150673410167
0.314507539505544
0.33758816835673
0.35721046898676
0.372818468705468
0.384569745996724
0.393272651926331
0.400187479413074
0.406739900941434
0.414220474336458
0.423541330772897
0.435101195521977
0.448776747869409
0.46402807339378
0.480083798584731
0.496160972377528
0.511674097050791
0.526394632847413
0.540528369986493
0.554687817459521
0.569759422022363
0.586700172527977
0.60632221724676
0.629113229720489
0.655121286278186
0.683921447266703
0.714680223361306
0.746308842430944
0.777673599512681
0.807816013045933
0.836132287979126
0.86247567249381
0.88716036858766
0.910870536513951
0.934500642444776
0.958968743034031
0.985048625780188
1.01324813003125
1.04374599715938
1.0763803616814
1.11068381174751
1.14595901966095
1.18139274483142
1.21619277674219
1.24971694531648
1.28156881487888
1.31163602289946
1.34007227939108
1.36723611665809
1.39360212243122
1.41966032463571
1.44581690560216
1.47231785629107
1.49920167093692
1.52629408629044
1.55323884279832
1.57957023641338
1.6048039716223
1.62853189654972
1.65050181098606
1.67068104640297
1.68928224625795
1.70672891969266
1.7235524498898
1.74024561177129
1.75711258079695
1.77416285224583
1.79107272106668
1.8072086106176
1.82170024643774
1.83354469485905
1.84172647932301
1.84533728723941
1.84367260207301
1.83628575698189
1.82299242848935
1.80383894754493
1.77905095141867
1.74898184382397
1.71407225339309
1.67483393005703
1.63185226398966
1.58580422401428
1.53747322766677
1.48775168605473
1.43763235340948
1.38818640812584
1.34053296628206
1.29579612483149
1.25504622770392
1.21923061816589
1.18909877538681
1.16513307716535
1.14750291212745
1.13605887734372
1.13037313326545
1.12980898048567
1.13359790262969
1.14090190763059
1.15085978352505
1.1626301381899
1.17543738821278
1.18862404512322
1.20169493426447
1.21433123298313
1.22636559216873
1.23772095079007
1.24833664686783
1.25811488213746
1.26690212540005
1.27450197675954
1.28070773249087
1.28534002407737
1.28828912195952
1.28955843655959
1.28930652659872
1.28787570932637
1.28579725908196
1.28376213363979
1.28255654936251
1.28297501543294
1.28572432891182
1.29133360800536
1.30008708912393
1.31198998637821
1.32678122624107
1.34398740270863
1.36300683021545
1.38319858260777
1.40395497757456
1.42474629049716
1.4451429170111
1.46482524664506
1.48358834826428
1.50134583141493
1.5181352003761
1.53411612821662
1.54955626052359
1.56479304251464
1.58016859448474
1.59595020957615
1.61225671353547
1.62902376962745
1.64602659577909
1.66296801359757
1.67960469100786
1.69587430746659
1.71198552587758
1.72845058337502
1.7460615531258
1.76582762987717
1.78889090600221
1.81643025771431
1.84955211825993
1.88916347856107
1.93582935955213
1.98961285922838
2.0499001223108
2.11521930279939
2.18307337553605
2.2498372948688
2.31074790332628
2.36002519856329
2.39112770039102
2.39716012581535
2.37142318228017
2.3080689077792
2.20282558772875
2.05371551410012
1.86166779891304
1.63088692789492
1.3688370766847
1.08574555231177
0.793698386005733
0.505528013343396
0.23374027337717
-0.0103607747131837
-0.207214749377707
-0.363384096518807
-0.429167256407116
-0.486678683239481
-0.146158106949018
-0.141209527202274
