0.473529875278473
0.592480892936389
0.712720076243083
0.83259342610836
0.950517247120539
1.06495330731074
1.17434226969878
1.27700223525365
1.37101524074872
1.45413733522097
1.52376161019007
1.57697151104609
1.61073249578476
1.62225965658824
1.60951816042264
1.57173053423564
1.50972253084183
1.42597861091296
1.32438105344772
1.20972517132759
1.08716064194838
0.961699396371841
0.837861220041911
0.719459739824136
0.609510111312071
0.510239716619253
0.423161228497823
0.349155005222807
0.288524520893892
0.241022068075836
0.205861242177586
0.181740231714988
0.166904919499454
0.159276220753478
0.156646244072666
0.15692321540943
0.158382849612584
0.159872688973943
0.160916437705358
0.161684819807609
0.162836263577143
0.165267738203208
0.16983464670678
0.177102859442433
0.187188800424337
0.199717331677675
0.213885917017857
0.228595346212387
0.242612899591525
0.254748144497474
0.264020604391893
0.269789528101683
0.27182175591588
0.270285418877999
0.265669946869214
0.2586500197649
0.249928988516331
0.240108497440815
0.229621914525827
0.218741732339064
0.207639717807372
0.196462456136942
0.185396930823723
0.174717250590523
0.164808209364613
0.156158980603019
0.149326169863343
0.144872902582089
0.143294466038545
0.144940302396814
0.149942296246688
0.15815875865519
0.169140468041102
0.182126197963953
0.196081725259622
0.209795863678058
0.222032571832339
0.231712674101194
0.238080165038506
0.240809064358473
0.240029049416383
0.236275969694058
0.230383243411779
0.223337209473054
0.216128370414178
0.209630561371644
0.204522070785364
0.201245676726103
0.200011187543472
0.200845165799061
0.203672795246045
0.208396731565396
0.214947345356146
0.223296400159597
0.233434883256753
0.245318734397491
0.258803314218919
0.273595477143923
0.289248230556647
0.305199563503265
0.320845370491346
0.33562725285689
0.349127295116584
0.361162741978963
0.371870830655098
0.381760599712531
0.391712471842766
0.402916252613068
0.41675799091657
0.434679677089055
0.458030551671982
0.487927014629046
0.525144390761852
0.570066387454669
0.6226969708999
0.682717368006706
0.74955586095651
0.82245180507501
0.900509441892306
0.982755015293757
1.06820567448934
1.15594554940859
1.24519245823224
1.33533641695976
1.42596009373665
1.51684878269831
1.6079958875974
1.69958952069283
1.79197953144709
1.88563730319341
1.98110381762187
2.07891583442688
2.1795160373052
2.28317832946777
2.38995716969172
2.4996725320816
2.61192212502162
2.72613807519277
2.84167609612147
2.95791099468867
3.07431811094284
3.19053628047307
3.30639896790187
3.42194133996964
3.53736847639084
3.65299461285273
3.7691334883372
3.88594730695089
4.00328022241592
4.12052086989085
4.23653372128804
4.34966248273849
4.4577898979187
4.55842101573944
4.64875801404317
4.72578875223796
4.7863883972168
4.82748766740163
4.8462883234024
4.84054458141327
4.80886562665304
0
0
0
0
0
0
0
0
0
0
0
0
0
0
0
0
0
0
0
0
0
0
0
0
0
0
0
0
0
0
0
0
0
0
0
0
0
0
0
0
0
0
0
0
0
0
0
0
0
0
0
0
0
0
0
0
0
0
0
0
0
0
0
0
0
0
0
0
0
