1.809277807965
1.89383018016815
1.98280346393585
2.0768061245189
2.17518909538493
2.27578376321232
2.37487617660971
2.46745712616864
2.54773023549248
2.60979540207807
2.64838839979733
2.65955563152538
2.64116413453046
2.59316674400778
2.51756241742302
2.41801761178409
2.29920331870808
2.16599876039168
2.02277582533219
1.87295565885656
1.71894870084875
1.5624455353793
1.4049197435379
1.24814408666947
1.09452274617027
0.947113994289847
0.809348236112034
0.684556750690236
0.575467078124776
0.483791055048213
0.409991096047794
0.353263046811609
0.311733832254129
0.282830239218824
0.263739948763567
0.251866033848594
0.245175589533413
0.242372470743516
0.24287814077209
0.246659122845706
0.253966059754877
0.265050837222268
0.279916779959903
0.298144157318508
0.318821850068429
0.340599536019213
0.361855138750637
0.38094384004088
0.396470208378399
0.407517871435951
0.41379462796099
0.415673738016802
0.414123491329305
0.410527871812091
0.406433264998829
0.403281658887863
0.402188151198275
0.403800168458153
0.408260191188139
0.415273931973121
0.424260088626076
0.43453616166816
0.445489240043304
0.456691055613406
0.467942314989427
0.479251561795964
0.490762806990567
0.502647464766222
0.514986346749698
0.527674389236114
0.540374729563208
0.552534224355922
0.563459312214571
0.572437547585543
0.578872961156509
0.582403968362247
0.582986170754713
0.580937716890784
0.576935606844285
0.571946259807138
0.567093149704092
0.563498295405332
0.562140494585037
0.563763532568427
0.568837241214864
0.577555237447514
0.589857793906156
0.605480027549407
0.6240273994558
0.645068014369291
0.668213493683759
0.69316398045596
0.719717414940105
0.747764647006989
0.777277231216431
0.808278420392205
0.840794430059545
0.874803486992331
0.910198821740992
0.946772887426264
0.984227401368758
1.02221025789485
1.06037766091964
1.09847441490959
1.13642619637882
1.17442568610696
1.2129760279375
1.25285431917976
1.29498694223516
1.34026747591355
1.38936054706573
1.4425290963229
1.49953262244954
1.55962383747101
1.62164038770339
1.6841452332104
1.74557585576001
1.80437710004694
1.85911045354955
1.90854487699621
1.95172222221599
1.98800167616676
2.01708401651943
2.03901734071619
2.05417799949646
2.06321694570429
2.06698081072639
2.06642483262455
2.06253932504093
2.05628993931939
2.04857836050146
2.04022447501912
2.03197190340827
2.02451130221872
2.01850304884069
2.01458483583787
2.01334822879118
2.01528729410732
2.02072576915517
2.02974582419676
2.04212636106154
2.05731272697449
2.07442457535688
2.09232065256904
2.10971616997438
2.12533075669233
2.13803571813247
2.14696987937478
2.15160136363086
2.15173574054942
2.14748019330642
2.13919245495516
2.12742571970996
2.11287973207586
2.09634656765882
2.07864884769215
2.06057836027706
2.04284320859348
2.02603651495541
2.01062414926641
1.99694036034977
1.98519617669723
1.9754878282547
1.96781414396623
1.96209036602693
1.95815340911641
1.95576411135056
1.95461390298956
1.95434611685136
1.95458890410031
1.95499368976144
1.95526796228745
1.95519473973443
1.95462409187766
1.95344100278967
1.95152603177463
1.94872699064367
1.94485822845908
1.93972716611974
1.9331807459102
1.92515134811401
1.91568247009726
1.90492398598615
1.8931010610917
1.88046868408428
1.86726257380317
1.85366408263936
1.83978699936586
1.82569437868455
1.81142983015846
1.7970524745829
1.78266608013826
1.76844976930057
1.75470047838548
1.74188243641573
1.73065779489629
1.72188127040863
1.71655038525076
1.71571401287528
1.72033801499535
1.73113154663759
1.74835688226363
1.77164612096899
1.79985903291141
1.83100552418653
1.86224224286921
1.88994944095612
1.90989416487077
1.91748375752393
1.90810532429639
1.87752778389875
1.82233867925756
1.74038110761081
1.63115608692169
1.49612547369564
1.33881605372709
1.16461330301621
0.980194400338566
0.792690631221322
0.608795358854182
0.434049271485385
0.272457591751043
0.040791603462661
-0.00813248808331349
-0.0166599294718574
-0.022193629952038
0
0
0
0
