-0.539417421376264
-0.45487826289954
-0.324423121081458
-0.12798445513127
0.15561609591047
0.546642944768623
1.06195826883669
1.71212266109608
2.49821954303318
3.4087162371035
4.41693927623608
5.48003479286476
6.54040202388057
7.53037869488751
8.38022267376935
9.02819682933666
9.43023957146539
9.56641737620036
9.44262575220179
9.08782390311912
8.54803392622206
7.87865241368612
7.13665718502468
6.3741266462538
5.63389732219555
4.9474515914917
4.33464731993499
3.80465830696954
3.3575679814374
2.98622494273716
2.67826558483971
2.41829478299176
2.19014840214341
1.97899006031178
1.77300979914489
1.56459820712054
1.35093412575898
1.13397050731712
0.919819440106275
0.717559922486544
0.537513685567925
0.389154331758618
0.279042603034112
0.20932350528461
0.177208056383717
0.175542579860323
0.194211743271875
0.221916568637998
0.247909860857935
0.263417148358982
0.262580675038475
0.242828055836812
0.204650889840667
0.150888134828872
0.0857026561128872
0.013484598154685
-0.0621102221430866
-0.138845618262335
-0.216223019796113
-0.295403160430767
-0.37877957964385
-0.469321424210513
-0.569825504665022
-0.682213327399007
-0.807000041007996
-0.943039114828463
-1.08760028415256
-1.2367655745259
-1.38606609680034
-1.5312272840076
-1.66886734079432
-1.79700626708843
-1.91528866909168
-2.02490098829623
-2.128245861442
-2.22848257312068
-2.3290540156541
-2.4332678715388
-2.54397520312557
-2.66335493546945
-2.79280985726251
-2.93297813556812
-3.08386365572611
-3.24506937132941
-3.41607342825996
-3.59647596323932
-3.78617226635968
-3.98546212690848
-4.19509228070577
-4.4162228902181
-4.65029400366324
-4.89877229266697
-5.16284981480351
-5.44318527645535
-5.73977555169
-6.05196451257776
-6.37856905548661
-6.7180470890469
-7.06866840079979
-7.4286579379329
-7.79631501656991
-8.17010506877193
-8.54872189627753
-8.93108558654785
-9.31627775121618
-9.70346171767623
-10.0917883272524
-10.4803562164307
-10.8682083200525
-11.254403785423
-11.6380977983828
-12.0186303809837
-12.3956043102123
-12.7689318480315
-13.1388471391466
-13.5058864664148
-13.8708290523953
-14.2345897533275
-14.5980923617328
-14.9621291690403
-15.3272659513685
-15.6937907183612
-16.0617180577031
-16.4308084558558
-16.8005823206019
-17.1703131287186
-17.5390657495569
-17.9057994418674
-18.2695325922083
-18.6295416090224
-18.9854741979528
-19.3373769124349
-19.6856162459762
-20.0307462480333
-20.3733285268148
-20.7137760586209
-21.0522321771692
-21.3884968934236
-21.7220327589247
-22.0520352257623
-22.3775408709491
-22.697558650264
-23.0111687978109
-23.3175741831462
-23.616140153673
-23.9064215907344
-24.1881558453595
-24.4611979590522
-24.7253579033746
-24.9802474269161
-25.2250929231997
-25.4586524256953
-25.6791881985135
-25.8845428184227
-26.0723276491518
-26.2402777495208
-26.3867294876664
-26.5111364435267
-26.6144633822971
-26.6993580570927
-26.7699544694689
-1.02202627393934
0
0
0
0
0
0
0
0
0
0
0
0
0
0
0
0
0
0
0
0
0
0
0
0
0
0
0
0
0
0
0
0
0
0
0
0
0
0
0
0
0
0
0
0
0
0
0
0
0
0
0
0
0
0
0
0
0
0
0
0
0
0
0
0
0
0
0
0
