-0.44674124230038
-0.315528125925498
-0.0988867448812181
0.229612385684794
0.694670357487418
1.31596875190735
2.10447610508312
3.05866674943404
4.16108764301647
5.37585943395441
6.64792030507868
7.90501000664451
9.06340772455389
10.0376200242476
10.752460046248
11.1544740850275
11.219557502053
10.9549465179443
10.3957404223355
9.59754891829057
8.62731396068226
7.55405230955644
6.44096994400024
5.33998337658969
4.28900395740162
3.31165372241627
2.41873839768496
1.61071304841475
0.880543461323462
0.216557487845421
-0.39489760723981
-0.96704460341822
-1.51055852391503
-2.03183403340253
-2.53176821361889
-3.00525219873949
-3.44162394783714
-3.82627268271013
-4.14327445897189
-4.37853028557517
-4.52265095710754
-4.57286888902838
-4.53365850448608
-4.41615141521801
-4.23668044263666
-4.01483293013139
-3.77133989334106
-3.52608561515808
-3.2964506149292
-3.09610483863137
-2.93428733132102
-2.81556077436967
-2.74002645232461
-2.70401633869518
-2.70123560862108
-2.72421472722834
-2.76576491919431
-2.82006687467748
-2.88319407809864
-2.95312291925604
-3.0294294574044
-3.11286822232333
-3.20494947650216
-3.30752780220725
-3.42240763794292
-3.55099534988403
-3.6940485347401
-3.85156509009275
-4.02281310341575
-4.20647315545516
-4.40085183490406
-4.60413700884039
-4.81466115604747
-5.03112962029197
-5.25275908816944
-5.47931597449563
-5.71103486147794
-5.94845453175631
-6.19218923828819
-6.4426750053059
-6.69997061382641
-6.96365993673151
-7.23291006955233
-7.50664697993885
-7.78376908735795
-8.06332531842318
-8.34461320530285
-8.62720411474054
-8.9109372659163
-9.19589692896063
-9.48237271742387
-9.77081459218805
-10.0617300813848
-10.3555289181796
-10.6523714932528
-10.9521131515503
-11.2543763247403
-11.5586867765947
-11.8646301789717
-12.1719706275246
-12.4807384664362
-12.7912937511097
-13.1043292825872
-13.420786857605
-13.7416698282415
-14.0678365013816
-14.3998533595692
-14.7379029013894
-15.0817716771906
-15.4309224215421
-15.7845778031783
-16.1418153589422
-16.5016398863359
-16.8630143078891
-17.224890535528
-17.5862445831299
-17.9461212158203
-18.3036183443936
-18.6578514792702
-19.007979479703
-19.3532683632591
-19.6932230862704
-20.0276881131259
-20.3568314639005
-20.6810753562234
-21.0009486458518
-21.31700481068
-21.6296875693581
-21.9392821572044
-22.2458253340288
-22.5490736527876
-22.8485624139959
-23.1436823064631
-23.4337844848633
-23.7182367498224
-23.9964384599165
-24.2678987329656
-24.532319502397
-24.7897439436479
-25.0406506278298
-25.2859687805176
-25.5269040194425
-25.7647564627907
-26.0008043809371
-26.2363354076039
-26.4726999456232
-26.7112515189431
-26.9530849456787
-27.198505228216
-27.446305361661
-27.6929012645375
-27.9316480809992
-28.1524715423584
-28.3419376720082
-28.4838112917813
-28.5600461092862
-28.5522532029585
-28.4435450813987
-28.2205224470659
-27.8751447851008
-27.4060651605779
0
0
0
0
0
0
0
0
0
0
0
0
0
0
0
0
0
0
0
0
0
0
0
0
0
0
0
0
0
0
0
0
0
0
0
0
0
0
0
0
0
0
0
0
0
0
0
0
0
0
0
0
0
0
0
0
0
0
0
0
0
0
0
0
0
0
0
0
0
