-0.442835953086615
-0.394896334968507
-0.292245759628713
-0.107953091152012
0.185372627340257
0.612924365326762
1.19461765140295
1.94174238294363
2.85357181727886
3.91426692903042
5.0905713737011
6.33100172877312
7.56741863489151
8.71976792812347
9.70430660247803
10.4446137547493
10.8832323551178
10.9906489849091
10.7688868641853
10.2491104602814
9.48476505279541
8.54239976406097
7.49212020635605
6.39929506182671
5.31864628195763
4.29113346338272
3.34333434700966
2.48859752714634
1.72920770943165
1.05899461731315
0.466043133288622
-0.064677486428991
-0.548881196882576
-1.0008283238858
-1.43157516047359
-1.84767113626003
-2.25035003572702
-2.6352961063385
-2.99308814108372
-3.31039802730083
-3.57195697724819
-3.76316121220589
-3.87289369106293
-3.89588406682014
-3.83397145569324
-3.69600626826286
-3.49652819335461
-3.25367739796638
-2.98685027658939
-2.71456515789032
-2.45282003283501
-2.21408595889807
-2.00695086270571
-1.83633803576231
-1.70409721881151
-1.60976775735617
-1.5513503998518
-1.526003934443
-1.53062162548304
-1.5622575879097
-1.61840434372425
-1.69713794440031
-1.79716063290834
-1.91773588955402
-2.05848792940378
-2.21906140446663
-2.39870300143957
-2.59590710699558
-2.80827178061008
-3.03261655569077
-3.26530523598194
-3.50266230106354
-3.7413831949234
-3.97888916730881
-4.21358078718185
-4.44496351480484
-4.67359681427479
-4.90086236596107
-5.12861064076424
-5.35880216956139
-5.59326764941216
-5.83362683653831
-6.08132725954056
-6.33770215511322
-6.60398691892624
-6.88127931952477
-7.17048454284668
-7.47229892015457
-7.78723376989365
-8.11562547087669
-8.45758971571922
-8.81289315223694
-9.1808175444603
-9.5601173043251
-9.94908177852631
-10.3456965088844
-10.7478131651878
-11.153312921524
-11.5602367520332
-11.9669015407562
-12.3719792962074
-12.7745268344879
-13.1739736795425
-13.5700671672821
-13.96281427145
-14.3524275422096
-14.7392756342888
-15.12380194664
-15.5064043998718
-15.887287914753
-16.266338467598
-16.6431139707565
-17.0169268846512
-17.3869831562042
-17.7525379657745
-18.1130309104919
-18.4682147502899
-18.8182401657104
-19.1637051105499
-19.5055857896805
-19.8451299667358
-20.1836304664612
-20.5221948623657
-20.8615189790726
-21.2017356157303
-21.5423202514648
-21.8820569515228
-22.2191137075424
-22.5511939525604
-22.8757764101028
-23.190353512764
-23.4926884174347
-23.7810295820236
-24.0543041229248
-24.3122969865799
-24.555740237236
-24.7863301038742
-25.0066264867783
-25.2198810577393
-25.429859995842
-25.6406127214432
-25.8561397790909
-26.0799623727798
-26.3146201372147
-26.5611311197281
-26.8185101747513
-27.0833390951157
-27.3494627475739
-27.6077526807785
-27.8460439443588
-28.0492513179779
-28.1997927427292
-28.2784292697906
-28.265596985817
-28.1432690620422
-27.8971344232559
-27.5190323591232
-27.0093610286713
-26.3791077136993
-25.6509022712708
-24.8584445714951
0
0
0
0
0
0
0
0
0
0
0
0
0
0
0
0
0
0
0
0
0
0
0
0
0
0
0
0
0
0
0
0
0
0
0
0
0
0
0
0
0
0
0
0
0
0
0
0
0
0
0
0
0
0
0
0
0
0
0
0
0
0
0
0
0
0
0
0
0
