-4.63185334205627
-5.12717779477437
-5.59496482213338
-6.01522975497776
-6.36738361252679
-6.63157762421502
-6.79047815004985
-6.83151801427205
-6.74951110945808
-6.54928122626411
-6.24786972999573
-5.87578712569343
-5.47660173310174
-5.10390318764581
-4.81480492485894
-4.66029596328735
-4.67503886752658
-4.87043216493395
-5.23325075043572
-5.72943870226542
-6.31120628780789
-6.92556097772386
-7.52255002657572
-8.06173714001974
-8.5159862836202
-8.87242163552178
-9.13114500045776
-9.30263651741875
-9.40464480717977
-9.45892519421048
-9.48798820707533
-9.51202721065945
-9.54638602998522
-9.59998644722832
-9.67497550116645
-9.76751073201497
-9.8694019847446
-9.97021691004435
-10.0594210624695
-10.1282054053413
-10.1707319683499
-10.184745364719
-10.1715469890171
-10.1354240311517
-10.0826284090678
-10.0200952953762
-9.95414675606622
-9.88949622048272
-9.82869672775269
-9.77209250132243
-9.7181634373135
-9.66416925854153
-9.60688379075792
-9.54336738586426
-9.47156810760498
-9.39067689577738
-9.30117548836602
-9.20459742016262
-9.10307539833916
-8.99880369504293
-8.89349913597107
-8.7879954179128
-8.68202466434903
-8.57423888312446
-8.46242888768514
-8.34388862715827
-8.2158145904541
-8.07571268081665
-7.92176691691081
-7.75310619672139
-7.56992114914788
-7.37337843577067
-7.16535393397013
-6.94809015591939
-6.72385941611396
-6.49471757147047
-6.26238714324103
-6.02825424406264
-5.7934390174018
-5.55889819728004
-5.3255365424686
-5.09431898593903
-4.8663721481959
-4.6430246035258
-4.42575911680857
-4.216097732385
-4.01542247666253
-3.82480681604809
-3.64488139417436
-3.47579497761197
-3.3172606560919
-3.1686544418335
-3.02911947170893
-2.89766886168056
-2.77328629295031
-2.65502773722013
-2.54209657841259
-2.43387364016639
-2.3299082616965
-2.22990546623866
-2.13371964295705
-2.04134833812714
-1.95291129748027
-1.868631174167
-1.7888082149956
-1.71379087368647
-1.6439247412814
-1.57948633862866
-1.52062624030643
-1.46734750767549
-1.41951772073905
-1.37688934471872
-1.33909712897407
-1.3056303328938
-1.27580770187908
-1.2488017876943
-1.22373222476906
-1.19980765051312
-1.17645689845085
-1.15340472592248
-1.13067819178104
-1.10856463842922
-1.08754753404193
-1.06823457280795
-1.05128480659591
-1.03733999861611
-1.02695897883839
-1.02055944999059
-1.01836779051357
-1.02039482527309
-1.02643048101001
-1.03604889247153
-1.0486238333914
-1.06336728400654
-1.0793888800674
-1.09575347105662
-1.11153103907903
-1.12584554486805
-1.13793761200375
-1.1472338338693
-1.15340084168646
-1.15637197759416
-1.1563462416331
-1.15377842386564
-1.14936571319898
-1.14401600095961
-1.13880202505324
-1.13490835163328
-1.13359977801641
-1.13621693849564
-1.14418961273299
-1.15903480847677
-1.18231695228153
-1.215565694703
-1.26015927394231
-1.31718449460136
-1.38727914624744
-1.47046544154485
-1.56598934862349
-1.67218642764621
-1.78640902042389
-1.90503038300408
-2.02352150943544
-2.1365988585684
-2.23846062024434
-2.32314745585124
-2.38506031036377
-2.41959702968597
-2.42383657561408
-2.39718212683996
-2.34187863270442
-2.26332394282023
-2.17002803087234
-2.07302905453576
-1.98459372917811
-1.91629786623849
-1.87698693407906
-1.87132837375005
-1.89937246508069
-1.95706142319573
-2.03738754325443
-2.1318768064181
-2.23207575082779
-2.33074055777656
-2.42257968584696
-2.50455763604906
-2.57587627569834
-2.63775783114963
-2.69312380419837
-2.74619978004032
-2.80209158526527
-2.86635874377357
-2.94463123215569
-3.04229737652673
-3.16423938009474
-3.31457532776727
-3.49635930856069
-3.71122243669298
-3.95894621478187
-4.23697482215034
-4.53990925682916
-4.85903414090474
-5.18196018536886
-5.49247455596924
-5.77069812350803
-5.99364831712511
-6.13628464274936
-6.17311604817708
-6.0804102950626
-5.83899958928426
-5.43755412101746
-4.87596890661452
-4.16832725207011
-3.34466526243422
-2.45056838459439
-1.54361030790541
-0.686060816049576
0.0651680091395974
0.668164927098486
1.10147717926237
1.36394645770391
1.47050152884589
1.44648204247157
1.32229695717494
1.12917951080534
0.896206243170632
0.648487667242686
0.406343911257055
0.185208269912336
-0.00403724424540997
