-5.05935489430147
-5.09422038583195
-5.09179917503806
-5.04632767509012
-4.95038341073429
-4.79579689923455
-4.57534223444322
-4.28496527671814
-3.92624775101157
-3.50864362716675
-3.05080925717073
-2.58013751927544
-2.12985709835501
-1.73385877469007
-1.42061929141774
-1.2082051599727
-1.10180337990032
-1.09406106962877
-1.16762553593692
-1.29889300290276
-1.46198620515711
-1.6322293141309
-1.78870206019458
-1.91575050354004
-2.00357396462384
-2.04810824113734
-2.05037072125603
-2.01538212159101
-1.95083210748785
-1.86573009631213
-1.76922824803521
-1.66970763486974
-1.57413341718562
-1.4876713402131
-1.41355527148527
-1.35318634790533
-1.30644331960117
-1.272132081144
-1.2484650331385
-1.23346097679699
-1.22521746509215
-1.22206624816446
-1.22264139441883
-1.22587364912033
-1.23092329502106
-1.23706679133808
-1.24356512462392
-1.24954535330043
-1.25392404373954
-1.25539253038519
-1.25248050689697
-1.24369142861927
-1.22768875255304
-1.20349066923646
-1.17062536758535
-1.12920482894954
-1.0798873603344
-1.02372783247162
-0.961952807272182
-0.895721489892286
-0.825932228828178
-0.753115597016671
-0.677428589312031
-0.598739604082178
-0.516773682964199
-0.431280499378986
-0.34219631519826
-0.249784757465343
-0.154740368111936
-0.0582367324215524
0.0381033720229478
0.132332864491379
0.222401453729938
0.306438916198471
0.383020216270405
0.451325215399265
0.511164388235878
0.562904082676944
0.607329226592008
0.645465943743201
0.678391775664161
0.707076598616207
0.732281691887799
0.754516541957855
0.774044334888458
0.790918483453638
0.805033683776855
0.816171628587386
0.824035918011385
0.828282363274518
0.828556085334105
0.824539857752183
0.816001632634331
0.802817491924061
0.784957766532898
0.762439261464512
0.735255967168247
0.703307649668525
0.666358555064482
0.624058411401861
0.576032054774901
0.522007356671726
0.461925499579486
0.395985300050062
0.324611518312903
0.248375295716174
0.167903248220682
0.0838011647848522
-0.00338613090571016
-0.0931680794147884
-0.185067992219154
-0.27858084495015
-0.37314978592536
-0.468166714205461
-0.563000293339
-0.657057807726019
-0.749878830769483
-0.841237580074984
-0.931216650149401
-1.02022742874482
-1.108977969955
-1.19841177323285
-1.28962572883157
-1.38375522108639
-1.48183342288522
-1.58464611277861
-1.69261597885805
-1.80574189915377
-1.92361093969906
-2.04548453583437
-2.1704459400738
-2.29757659575518
-2.42614336574779
-2.55577463262221
-2.68659149899202
-2.81924265973708
-2.95482275065254
-3.09469129057492
-3.24023705370286
-3.39264514866997
-3.55270216044258
-3.72066633841571
-3.89621851023506
-4.07848238945007
-4.26611054644865
-4.45741647832534
-4.65052066129797
-4.84351146922392
-5.03459414313821
-5.22221610125373
-5.40515798680923
-5.58256065144258
-5.7539114671595
-5.91900076585657
-6.07786649816176
-6.23074826072244
-6.37805299197926
-6.520323416766
-6.65820811776554
-6.7924290264354
-6.9237216500675
-7.05276772555183
-7.18012094497681
-7.30615865483004
-7.43106648501228
-7.55484003179214
-7.67732895121855
-7.79831583359662
-7.91762037838207
-8.0351832333733
-8.15111275280223
-8.26571649663589
-8.37948036193848
-8.49300294763902
-8.6068800757913
-8.72158499325023
-8.83738916060504
-8.95433700785917
-9.07225563946892
-9.19078428605023
-9.30940959032844
-9.42749719058766
-9.54432364071117
-9.6590810102575
-9.77091519972857
-9.87901642743279
-9.98278011995203
-10.0820126253016
-10.1771283991197
-10.2692886240342
-10.3604402542114
-10.4533101250144
-10.55129292432
-10.6582350450404
-10.7780926087323
-10.9144863801844
-11.0701675976024
-11.2464062185848
-11.442268708173
-11.6538883658016
-11.8737721162684
-12.090300616096
-12.2875881195068
-12.4458256328807
-12.5422517552095
-12.5527411629172
-12.4539525088142
-12.2259169746848
-11.8548515544218
-11.3359626882217
-10.6759249743293
-9.89452693041633
-9.02495406655704
-8.11194217906279
-7.20713469561409
-6.36172070222742
-5.61808903077069
-5.00320067125208
-4.52563755652484
-4.17661985229043
-3.93400343726663
-3.76774372774012
-1.27441076671376
-1.01942757999196
-0.175485470715691
-0.174198192708633
0
0
0
0
