-2.62388895539676
-3.05683997098137
-3.46017611727995
-3.81225534046397
-4.08898115158081
-4.26526605381685
-4.3173460820142
-4.22576703744776
-3.97867038670708
-3.57490801811218
-3.02649060417624
-2.35988999464933
-1.61559774704716
-0.845177366809152
-0.105081134859253
0.55240040491609
1.08858798772973
1.48474266949822
1.74333937422318
1.88487471903072
1.94209495712729
1.95344359997441
1.95699477721663
1.98559485551189
2.06364283929853
2.20566217864261
2.41650106801706
2.69266838185927
3.02425855748794
3.39701190415551
3.79427679847268
4.19876850352568
4.59411588837119
4.96618632709279
5.30411999365863
5.60098945393282
5.85397173376644
6.06396520839018
6.23471349828383
6.3716129134683
6.48042314192828
6.56608539469102
6.63180901022518
6.6785369199865
6.70485538594863
6.70732259750366
6.6811559901518
6.62116247064927
6.52275584725773
6.38284972134758
6.20047538420733
5.97701426113353
5.71602899887983
5.42276940626257
5.10347436456119
4.76461423144621
4.41221380233765
4.05135306190042
3.68593236979316
3.31871616139131
2.95165565434624
2.58642327785492
2.22502031045802
1.87026556449778
1.5260045598535
1.19698465045761
0.888448560939116
0.605580950922826
0.352930535891039
0.133900724351406
-0.0496189809020828
-0.197414375577971
-0.310876179267378
-0.392731955822776
-0.446651835651959
-0.476809377179426
-0.48747145428377
-0.482674416373758
-0.46600584247533
-0.440480914186029
-0.408501589999479
-0.371896075851777
-0.33203791344867
-0.290021605351392
-0.246853295932798
-0.203605759231483
-0.161491816972985
-0.12183154001832
-0.0859287916408742
-0.0549025267828256
-0.0295245942166623
-0.0101049984702567
0.00354921050808009
0.0120928189443315
0.0165274354820961
0.0180315806201714
0.0177609472439679
0.0166468902847127
0.0152166701360222
0.0134507934425903
0.0106901795918341
0.00561059736098875
-0.00371517538887394
-0.0196571244416512
-0.0447834770140402
-0.0815720279865405
-0.132135258439709
-0.198013004134683
-0.280055898953887
-0.37839046646567
-0.492447721607545
-0.621045661323211
-0.76252016249825
-0.914899885654449
-1.07611512787202
-1.24423014416414
-1.41769260518691
-1.59558113182292
-1.77780962691588
-1.96523312961354
-2.15960295761333
-2.36336082570693
-2.57930713541367
-2.81021071882809
-3.05844586035785
-3.32569578114678
-3.61274365817799
-3.91934366787181
-4.24419004776899
-4.58497956219841
-4.93859246197869
-5.30134983623729
-5.66931278565351
-6.03858670066385
-6.40560265148387
-6.76739468294031
-7.12182709750007
-7.46775767382453
-7.80506804410149
-8.13452485028435
-8.45749165030087
-8.77552918826832
-9.08999936720904
-9.40176806730383
-9.71107191198012
-10.0175231484806
-10.3202028274536
-10.6177789463716
-10.9086169635548
-11.1908889658311
-11.4626690920661
-11.722061437719
-11.9673783358406
-12.1973038841696
-12.4110797994277
-12.6085797478171
-12.7903419943417
-12.9575192507576
-13.1118378358729
-13.2555412404677
-13.3913547291475
-13.5224076439353
-13.6521162145278
-13.7839789110072
-13.9213424009435
-14.0671269472908
-14.223547262304
-14.3918754353243
-14.5722388660207
-14.7634728375603
-14.9630508422852
-15.16712474823
-15.3707149169024
-15.5680723190308
-15.7532369950238
-15.9207723280963
-16.0665452620562
-16.1882984497968
-16.2858745350557
-16.3610230614157
-16.4168794856352
-16.4572255751666
-16.4857601277968
-16.5055246353149
-16.518640349893
-16.5262905569638
-16.5288668800803
-16.5262488757863
-16.5181394464829
-16.5044664495132
-16.4857369591208
-16.4632966658648
-16.4394268148086
-16.4172341963824
-16.4003098431756
-16.3922004138722
-16.3957609849818
-16.4124294729794
-16.4414686876185
-16.479235088124
-16.5184987012078
-16.5479485567878
-16.5519459107343
-16.5106928208295
-16.400821797988
-16.1964672313017
-15.8708654852474
-15.3985850951251
-14.7584050122429
-13.936611736522
-11.4932774375467
-10.4404400657205
-6.92455908831428
-5.46519722658045
-2.81733810200411
-1.89255231969497
-0.326800318325267
-0.241503098431756
0
0
0
0
0
0
0
0
0
0
0
0
