-0.589152031001591
-0.524187574783961
-0.359660558757328
-0.0690384173455338
0.371206934962954
0.978218731426057
1.75907341071538
2.70722082683018
3.79964165460496
4.99546546027774
6.23693663733346
7.45366096496582
8.57069866997855
9.51969709850493
10.2500737054007
10.7364348911104
10.9803358259655
11.0070332118443
10.8589362189883
10.5874201910836
10.2446017492385
9.87662973858061
9.51946294875372
9.19737180074056
8.92358348483131
8.70220302400135
8.53058088393438
8.40165651412237
8.30615470522926
8.23451718829927
8.17848198754447
8.13204372496832
8.0917630422683
8.05648522149949
8.02669908886864
8.00366955711728
7.98852296102615
7.98140103476388
7.98085267203195
7.98355122974941
7.98440417789278
7.97699322019305
7.95425135748727
7.90925212133498
7.83597410292852
7.72992499669393
7.58856462296985
7.41149164381481
7.20042026610601
6.95894368489583
6.69213590167818
6.40602154958816
6.1069662684486
5.8010535694304
5.49354226248605
5.1885233606611
4.88881833212716
4.59611009416126
4.31121638842991
4.03441927546547
3.76578077815828
3.50539663859776
3.25356675329663
3.01086178280058
2.77809946309953
2.55624149526869
2.34622682843889
2.14875845682053
1.96408878621601
1.7918723481042
1.6311274426324
1.48030845040367
1.3374719108854
1.20052253206571
1.0675029981704
0.936878728015082
0.807761266827583
0.680021773846377
0.554281189416846
0.431783337589531
0.314163856917904
0.203125462911668
0.100049612954969
0.00560046821123078
-0.080612960315886
-0.160260042840881
-0.236364330985539
-0.313214804533692
-0.396108653728983
-0.490932874736332
-0.603620512144906
-0.739538828531901
-0.902876653841564
-1.09610693511509
-1.31959513255528
-1.57144068820136
-1.84762888862973
-2.14254540488833
-2.44983949547722
-2.76349244798933
-3.07884432020642
-3.39328342392331
-3.70641591435387
-4.01971388998486
-4.33582374027797
-4.65776661464146
-4.98825565973918
-5.32922329221453
-5.68158260981242
-6.04520239148821
-6.41902896336147
-6.80131035759335
-7.18989746911185
-7.5825628553118
-7.97732096626645
-8.37267071860177
-8.76772140321278
-9.16218512398856
-9.55625266120547
-9.95042433057513
-10.3453344163441
-10.7415646144322
-11.1394897188459
-11.5391544160389
-11.9402493522281
-12.3421556381952
-12.744060243879
-13.1450554075695
-13.5442142940703
-13.9406118847075
-14.3333305177234
-14.7214502152942
-15.1040741148449
-15.4803539003645
-15.8495716367449
-16.2112325032552
-16.5652312324161
-16.9120873950777
-17.25308908735
-17.5903778984433
-17.9267832438151
-18.2655307224819
-18.6097798120408
-18.9620629265195
-19.3235795157296
-19.6934131440662
-20.0677855355399
-20.4394166128976
-20.797116960798
-21.1256583077567
-21.4060146695092
-21.6160778772263
-21.7319348653158
-21.7297831944057
-21.5883628300258
-21.2918438684373
-20.8329372406006
-20.2158235822405
-19.4584080832345
-18.5931464603969
-17.6655970073882
0
0
0
0
0
0
0
0
0
0
0
0
0
0
0
0
0
0
0
0
0
0
0
0
0
0
0
0
0
0
0
0
0
0
0
0
0
0
0
0
0
0
0
0
0
0
0
0
0
0
0
0
0
0
0
0
0
0
0
0
0
0
0
0
0
0
0
0
0
