-4.0349983215332
-4.21927330493927
-4.35898208618164
-4.44337306022644
-4.46073484420776
-4.39962587356567
-4.25085048675537
-4.00999660491943
-3.68011939525604
-3.27397849559784
-2.81507275104523
-2.33658764362335
-1.87751140594482
-1.47612481117249
-1.16267521977425
-0.953891644254327
-0.850947505794466
-0.840737655200064
-0.899452176690102
-0.997310286015272
-1.10340373627841
-1.1897644162178
-1.234113650769
-1.22118470109999
-1.14290116997436
-0.997842440009117
-0.790314077213407
-0.529157157242298
-0.226377819478512
0.104275052249432
0.448657321184874
0.793396044522524
1.12683758735657
1.43975381404161
1.72577896118164
1.98155455589294
2.20657058358192
2.40272752046585
2.5736408829689
2.72374218702316
2.85731093883514
2.97764133214951
3.08649824857712
3.18393802642822
3.26846113204956
3.33744196891785
3.38778285980225
3.4167174577713
3.42258682250977
3.40537881851196
3.36687672138214
3.310413646698
3.24034876823425
3.16139192581177
3.0779235124588
2.99340994358063
2.90999388694763
2.82833724021912
2.74773604869843
2.66650726795197
2.58256344795227
2.49403603076935
2.39981186389923
2.29987410306931
2.19539239406586
2.08856445550919
1.98226615190506
1.87959597110748
1.78342528343201
1.69604618549347
1.61896373033524
1.55283074378967
1.4975067615509
1.45221357345581
1.41574459075928
1.38667888641357
1.36355669498444
1.34500025510788
1.3297679901123
1.31674698591232
1.3049050450325
1.29324254989624
1.28075946569443
1.26645486354828
1.24937207698822
1.22870005369186
1.20390254259109
1.17481598854065
1.14167476892471
1.10506309270859
1.0658056139946
1.02481895089149
0.98295646905899
0.940879827737808
0.898976254463196
0.857320958375931
0.815676122903824
0.773528724908829
0.730167549848556
0.684804898500442
0.636724808812141
0.585430777072906
0.530755558609962
0.4729033857584
0.41240508556366
0.349988274276257
0.286404976248741
0.222269758582115
0.157940133661032
0.093434726074338
0.0283785639330745
-0.0380251530557871
-0.106987278163433
-0.180084243044257
-0.259174912422895
-0.346290215849876
-0.443488866090775
-0.552663233876228
-0.675304672122002
-0.812275218963623
-0.963661694526672
-1.12877793908119
-1.30633293390274
-1.49471416473389
-1.69229216575623
-1.8976530790329
-2.10972008705139
-2.32778315544128
-2.55147647857666
-2.78071665763855
-3.01562497615814
-3.25645940303802
-3.50357332229614
-3.75742108821869
-4.01856255531311
-4.28761043548584
-4.56508717536926
-4.8512195110321
-5.14571814537048
-5.44760575294495
-5.75514216423035
-6.06586155891418
-6.37671008110046
-6.6842502117157
-6.98491711616516
-7.27526950836182
-7.55226278305054
-7.81346859931946
-8.05726189613342
-8.28290605545044
-8.4905758857727
-8.68124895095825
-8.85654745101929
-9.01852865219116
-9.16947050094604
-9.31167249679566
-9.44733228683472
-9.57843637466431
-9.70671405792236
-9.83360958099365
-9.9603006362915
-10.0877225875854
-10.2165985107422
-10.3474482536316
-10.4805849075317
-10.6161266326904
-10.7539979934692
-10.8938835144043
-11.0351141929626
-11.1765732765198
-11.3166346549988
-11.4532754898071
-11.5842992782593
-11.7076355934143
-11.8216160774231
-11.9252054214478
-12.0181280136108
-12.1008487701416
-12.1744704246521
-12.2405269622803
-12.3007374763489
-12.3567348480225
-12.4098456382751
-12.4609390258789
-12.5104160308838
-12.5582764625549
-12.6042850494385
-12.6482172966003
-12.6901644706726
-12.7307438850403
-12.7712254524231
-12.8134732246399
-12.8598009109497
-12.9127756118774
-12.9749705314636
-13.0486299514771
-13.1352059364319
-13.2347665786743
-13.3453924179077
-13.4625761032104
-13.5787796020508
-13.683159828186
-13.7614986419678
-13.7964745521545
-13.7683542251587
-13.6562335968018
-13.4398886680603
-13.1020848274231
-12.6311827659607
-12.0237314224243
-11.2867635726929
-10.4393272399902
-8.59186382293701
-7.72201089859009
-6.85959811210632
-6.04512476921082
-2.35613203048706
-2.07384467124939
-1.37215614318848
-1.2285099029541
0
0
0
0
0
0
0
0
0
0
