-0.20410315885588
-0.162633362364162
-0.0437797922296105
0.173840832579218
0.509959735804134
0.979988003218615
1.5919706247471
2.34349946180979
3.21905589103699
4.18838576034263
5.20666627530698
6.21732517525002
7.15816776840775
7.97037613833392
8.608090100465
9.045393731859
9.27882484153465
9.32561291588677
9.21885345600269
9.00092647693775
8.71656672159831
8.40692267594514
8.10553903932925
7.83655461558589
7.61476031056157
7.44677564832899
7.3326437914813
7.26739959363584
7.24257619292648
7.24771162315651
7.27190132494326
7.30522454226459
7.33985879686144
7.37072709754661
7.39561024418584
7.41474171038027
7.430027184663
7.44404630307798
7.45902561258387
7.47595575120714
7.49397968362879
7.51018988644635
7.51986312866211
7.51705932617188
7.49545445265593
7.44922175230803
7.37380056028013
7.26645128815262
7.12653425004747
6.95550620114362
6.75665574603611
6.53463068714848
6.29483030460499
6.04276874330309
5.78350423883509
5.52123850363272
5.25912231869168
4.99926369278519
4.74289203573156
4.49063114766721
4.24282605559738
3.99986167307253
3.76241602721038
3.5315793355306
3.30883376686661
3.09589585551509
2.89447835639671
2.70601435943886
2.53140977576927
2.37085903132403
2.22376757639426
2.08879096419723
1.96398354901208
1.84702540327002
1.73547869699973
1.62704371081458
1.51978473089359
1.41231083428418
1.30387876872663
1.1943871445126
1.08426617251502
0.974298849149987
0.865425067919272
0.758565067693039
0.65448234864959
0.553687503216443
0.45637225603881
0.362368190316138
0.271124262535186
0.181696501814898
0.0927343758306018
0.00245866912963619
-0.0913486725961169
-0.191299207784511
-0.300269775644497
-0.421190617813004
-0.556780552422559
-0.709274405682528
-0.880201041698456
-1.07025579832218
-1.27928181268551
-1.50634906910084
-1.74992160443906
-2.00810290707482
-2.27894234215772
-2.5607509083218
-2.85235003188804
-3.153186250616
-3.46330345118487
-3.78321542563262
-4.11371224897879
-4.45564840458058
-4.80971364621763
-5.17623212602403
-5.5550195729291
-5.94534058041043
-6.34594440460205
-6.75514901125873
-7.17095728273745
-7.59120681550768
-8.01375108295017
-8.43663862016466
-8.85824531979031
-9.27731365627713
-9.69294940100776
-10.1046232647366
-10.5121866508766
-10.9158563613892
-11.3161519721702
-11.7137239244249
-12.1091453057748
-12.5026803193269
-12.8941038272999
-13.2825872633192
-13.6666813956367
-14.0444077739009
-14.4134405277393
-14.7713695808693
-15.115994559394
-15.4455708750972
-15.7590086548417
-16.0560241275364
-16.3372502503572
-16.6042686744973
-16.8595235612657
-17.1061333550347
-17.3476067295781
-17.5874531357377
-17.8287734985352
-18.0737957424588
-18.3234361012777
-18.5768597920736
-18.831080754598
-19.0806546387849
-19.3174401036015
-19.5305542416043
-19.7065077181216
-19.8296615459301
-19.8830013275146
-19.8493132414641
-19.7126800395824
-19.4603348484746
-15.0122892591688
-14.6519064726653
-10.8122877544827
-9.76046343202944
-5.49034969894974
-5.20768861417417
-2.72124092667191
-2.56065788975468
-1.91752850567853
-1.81221817157887
0
0
0
0
0
0
0
0
0
0
0
0
0
0
0
0
0
0
0
0
0
0
0
0
0
0
0
0
0
0
0
0
0
0
0
0
0
0
0
0
0
0
0
0
0
0
0
0
0
0
0
0
0
0
0
0
0
0
