-4.89860093593597
-5.37381895383199
-5.76284797986348
-6.03556728363037
-6.16426773866018
-6.12687603632609
-5.91075420379639
-5.5165282090505
-4.9612818757693
-4.28036538759867
-3.52711987495422
-2.76979873577754
-2.08514015873273
-1.54873370130857
-1.22362391402324
-1.14993849893411
-1.33861147860686
-1.77102675537268
-2.40408695737521
-3.17848517497381
-4.02794768412908
-4.8879775206248
-5.70307068030039
-6.43153321743011
-7.04749755064646
-7.54039537906647
-7.91263031959534
-8.17643388112386
-8.35057473182678
-8.45718026161194
-8.51876505215963
-8.55557894706726
-8.58348822593689
-8.61268281936646
-8.6473933060964
-8.68659631411234
-8.72549136479696
-8.75737428665161
-8.77554527918498
-8.77495813369751
-8.75339086850484
-8.71195121606191
-8.65486975510915
-8.58865372339884
-8.52079848448435
-8.45832153161367
-8.40642809867859
-8.36763612429301
-8.34151462713877
-8.32503124078115
-8.3133286635081
-8.30074508984884
-8.28185339768728
-8.25236988067627
-8.20976487795512
-8.1535214583079
-8.08499316374461
-8.00692387421926
-7.92274614175161
-7.83583744366964
-7.74887458483378
-7.66345930099487
-7.58002054691315
-7.49795536200206
-7.4158749183019
-7.33187015851339
-7.24375120798747
-7.14928662776947
-7.04643364747365
-6.93353486061096
-6.80945706367493
-6.67364927132924
-6.52611557642619
-6.36731787522634
-6.19806520144145
-6.01945304870605
-5.83284485340118
-5.63980956872304
-5.44198733568192
-5.24094227949778
-5.03804568449656
-4.83444259564082
-4.63105114301046
-4.42858223120372
-4.2275911172231
-4.02856028079987
-3.83201545476913
-3.63860905170441
-3.44913317759832
-3.2644315858682
-3.08523101607958
-2.91191827257474
-2.74431280295054
-2.58149383465449
-2.42176986734072
-2.26284897327423
-2.10220283766588
-1.937525421381
-1.76715767383575
-1.59034617990255
-1.40729033946991
-1.21902265710135
-1.02719225548208
-0.833813331710796
-0.641012547227244
-0.450796735317757
-0.264853000640869
-0.0844119914496938
0.0898054378728072
0.257564386973778
0.419059595597597
0.574862292657296
0.725858900696039
0.873150871445735
1.01790107041597
1.16114932795366
1.30362476408482
1.44559711714586
1.58678959310055
1.7263814608256
1.86311405897141
1.99550801515579
2.12212530771891
2.2417788306872
2.35365568598111
2.45736608902613
2.55295342206955
2.64086323976517
2.7218648592631
2.79692407449087
2.86704142888387
2.93308766682943
2.99567238489787
3.05507264534632
3.1112486521403
3.16396327813466
3.21295926968257
3.25812898079554
3.29961665471395
3.33784844477971
3.37348302205404
3.40732089678446
3.44018356005351
3.47278596957525
3.5056178967158
3.53885062535604
3.57227387030919
3.60526643196742
3.63681097825368
3.66555511951447
3.68991859753927
3.7082204023997
3.71882651249568
3.72030399243037
3.7115758061409
3.69207175572713
3.66185323397319
3.6217188835144
3.57328476508458
3.51903667052587
3.46234085162481
3.40739444891612
3.35908842086792
3.32275561491648
3.30380171537399
3.30721841255824
3.33697177966436
3.39528189102809
3.4818390806516
3.5930955807368
3.72182116905848
3.85718206564585
3.98556949694951
4.09225875139236
4.16364318132401
4.1894943912824
4.16460690895716
4.08936407168706
3.9691898226738
3.81317728757858
3.6323437889417
3.43793934583664
3.2401016553243
3.04702216386795
2.86458206176758
2.69632118940353
2.54358434677124
2.40575302640597
2.28052215774854
2.16418799757957
2.05193443099658
1.93809343377749
1.81640341877937
1.68031330903371
1.52338983118534
1.33984234929085
1.1251557469368
0.876803278923035
0.59500829068323
0.28350146394223
-0.0497988382121548
-0.392277618870139
-0.726384162902832
-1.0297862837712
-1.27607335646947
-1.4361633459727
-1.48048466444016
-1.3818810681502
-1.11908281346162
-0.680488693217436
-0.0678311493247747
0.700868514056007
1.58985861639182
2.54664950569471
3.50626132885615
4.398921251297
5.16025718053182
5.74163258075714
6.11725501219432
6.28541191418966
6.26419528325399
6.08459063371023
5.78366708755493
5.39894147713979
4.96403948465983
4.50573241710663
4.04255282878876
3.58511966466904
3.13798316319784
2.70242967208227
