-4.01407158893088
-4.32019620356352
-4.61295196284419
-4.88142766123233
-5.11150772675224
-5.28641366958618
-5.38798487704733
-5.39872051321942
-5.30450885192208
-5.09780365487804
-4.7807416293932
-4.36751189439193
-3.88526842905127
-3.37286356221075
-2.87669848359149
-2.44370196176612
-2.1131157875061
-1.90981741055198
-1.8411110587742
-1.8972272147303
-2.05465560374053
-2.28111789019211
-2.5410825273265
-2.80095806329147
-3.0332566862521
-3.21922800851905
-3.34976955082106
-3.42479049641153
-3.45147924837859
-3.4419961804929
-3.41102013380631
-3.37340463762698
-3.34213766844376
-3.32676505005878
-3.33247611833655
-3.35996404938076
-3.40603681232618
-3.46478532708209
-3.52904339458631
-3.59187642387722
-3.64783238328021
-3.69374819423841
-3.72901878149613
-3.75535891367042
-3.7761753745701
-3.79567925826363
-3.8179218147112
-3.84591709012571
-3.88102154109789
-3.92265628731769
-3.96841601703478
-4.01451876889104
-4.05649120911308
-4.08992557940276
-4.11117117301278
-4.11782104036082
-4.10891523568527
-4.08482743346173
-4.04690973655037
-3.99702853741853
-3.93710816424826
-3.86875087281932
-3.79296335966691
-3.71004996092423
-3.61968443704688
-3.52112677822942
-3.41354352494945
-3.29634000944055
-3.16945294711901
-3.03352805842524
-2.88995661942855
-2.74076937074247
-2.58841218119082
-2.43546743496605
-2.28437385870063
-2.13719427067301
-1.99545102534087
-1.86003299381422
-1.73117783276931
-1.6085419991742
-1.49135412599729
-1.37862709553345
-1.26938629150391
-1.16286912690038
-1.05866278643193
-0.956764206938122
-0.85756084970806
-0.761740974757982
-0.670155818047731
-0.583668102388797
-0.503016573964092
-0.428721077578223
-0.361026111504306
-0.299880168177997
-0.244955755365284
-0.195725437871221
-0.151591242918664
-0.112036403238206
-0.0767611123459495
-0.0457691025474797
-0.0193872818642336
0.00178294535726309
0.0169722191665484
0.0253850904333851
0.0263502801889959
0.0194547594241474
0.00464503560215235
-0.017715616440198
-0.0468480595913918
-0.0816287655869256
-0.120726037122633
-0.162773245702619
-0.206544067346207
-0.251098942578487
-0.295877025989087
-0.34071840248678
-0.385824542978536
-0.431674117627351
-0.47890486665394
-0.528168505948523
-0.579988578091497
-0.634666796611703
-0.692255271517712
-0.752578566903653
-0.815281637336897
-0.87988710662593
-0.945846013400866
-1.01257212265678
-1.07945853990057
-1.14589472179827
-1.21129438928936
-1.27514060683872
-1.33704065758249
-1.39677964604419
-1.45435858291128
-1.51001224828803
-1.56420270256374
-1.61760003152101
-1.6710480503414
-1.7255148369333
-1.78204005697499
-1.84169543826062
-1.90555746140687
-1.9746844302053
-2.05008150701937
-2.13264494875203
-2.22309048279472
-2.3218771426574
-2.42914367758709
-2.54468438936316
-2.66796830426092
-2.79818457105885
-2.93430283795232
-3.07513948108839
-3.21941851532978
-3.36583575995072
-3.51312067197717
-3.6601070943086
-3.80579016519629
-3.9493467496789
-4.09011409593665
-4.22751990608547
-4.3609982677128
-4.48990368843079
-4.61346939335699
-4.73083145722099
-4.84112963469132
-4.94366809596186
-5.03811361478723
-5.12470856956814
-5.20446147089419
-5.27927330265874
-5.35193553178207
-5.42594405879145
-5.50508998787921
-5.59288794061412
-5.69194971996805
-5.80352271121481
-5.9273245230965
-6.06169408300649
-6.20398863502171
-6.35112256589143
-6.50010281023772
-6.64847328351892
-6.79459308541339
-6.93772973185
-7.07800189308498
-7.21621602514516
-7.35368747296541
-7.49211180728415
-7.63348587699558
-7.78008349045463
-7.93442981139473
-8.09927075842153
-8.27749405736509
-8.47200932710067
-8.68551304029382
-8.92015353493069
-9.17702268517536
-9.4554562361344
-9.75218673374342
-10.0604510514633
-10.369224631268
-10.6627440245255
-10.9204993040665
-11.1178158884463
-11.2271655124167
-11.2201949824458
-11.070510532545
-10.7571260203486
-10.268309302952
-9.605392995088
-8.78585081515105
-7.84481069316035
-6.83402758059294
-5.81746358456819
-4.86310005187988
-4.03202328474625
-3.36781864580901
-2.88998407902925
-2.59308471887008
-2.45071993703428
-2.42230949194535
-2.4608689080114
-2.40884154775868
-2.44545125961304
-2.2166149823562
-2.14987075847128
-0.603843025539232
-0.545303526132003
