-0.546696687738101
-0.59895704438289
-0.606028641263644
-0.542753592133522
-0.38175272817413
-0.0956315584771801
0.340081099420786
0.943406571944555
1.72209276755651
2.66992698113124
3.76376414299011
4.96199107170105
6.20527708530426
7.42057236035665
8.52908337116241
9.4577362537384
10.1513918240865
10.5818855762482
10.751216729482
10.6887752215068
10.4441301822662
10.0776043732961
9.650763352712
9.21853113174438
8.82388599713643
8.49528356393178
8.24642097949982
8.07768654823303
7.97872221469879
7.93168457349141
7.91483410199483
7.9060868024826
7.88611753781637
7.84066728750865
7.76183128356934
7.64829707145691
7.50460942586263
7.33966728051503
7.16471687952677
6.99120497703552
6.82882523536682
6.68405604362488
6.559361577034
6.45309579372406
6.36004555225372
6.27247512340546
6.18148612976074
6.07848648230235
5.95655035972595
5.81143204371134
5.64207478364309
5.45053621133169
5.2413767973582
5.02068710327148
4.79495187600454
4.56999351580938
4.35016089677811
4.13789790868759
3.93369658788045
3.73640292882919
3.54377929369609
3.35321937004725
3.16245834032694
2.97012221813202
2.77601067225138
2.58111651738485
2.38740293184916
2.19740225871404
2.01372120777766
1.83855905135473
1.67334358890851
1.51855044563611
1.37372103830179
1.23764255146186
1.10862308740616
0.984788633882999
0.864354825268189
0.745846240470807
0.628253105872621
0.511106634202103
0.394461347721517
0.27877995542561
0.164754159438113
0.0531041906991353
-0.055619832361117
-0.161228068172932
-0.264059088503321
-0.365089148593446
-0.465960651636124
-0.568927713980277
-0.676736004650593
-0.792453701297442
-0.919263660907745
-1.06021501123905
-1.21793862183889
-1.39434719085693
-1.59035931030909
-1.80570168296496
-2.03886224826177
-2.28723338246346
-2.54745835065842
-2.81590469678243
-3.08916529019674
-3.36447151501973
-3.63993696371714
-3.91461259126663
-4.1883756518364
-4.46172833442688
-4.73556156953176
-5.01094742616018
-5.28896578152974
-5.57056256135305
-5.85644197463989
-6.14702804883321
-6.44247210025787
-6.74270486831665
-7.04750641187032
-7.35659956932068
-7.66974472999573
-7.98678306738536
-8.30762751897176
-8.63220413525899
-8.9603857199351
-9.29192646344503
-9.62642606099447
-9.963303565979
-10.3017553488413
-10.6407070954641
-10.9787623087565
-11.31418744723
-11.6449725627899
-11.9689361254374
-12.2838781674703
-12.5877689520518
-12.8789550463359
-13.1563556194305
-13.4195983409882
-13.6690858999888
-13.9060039520264
-14.1321942806244
-14.3499693870544
-14.5618867079417
-14.7705289522807
-14.9783277511597
-15.1874534289042
-15.3997539679209
-15.6167244116465
-15.8394410610199
-16.0684243837992
-16.3034420808156
-16.5432598590851
-16.78537718455
-17.025808652242
-17.2589252789815
-17.4774916966756
-17.6728895505269
-17.8356331189473
-17.9561241467794
-18.0256234804789
-18.0373476346334
-17.9876244862874
0
0
0
0
0
0
0
0
0
0
0
0
0
0
0
0
0
0
0
0
0
0
0
0
0
0
0
0
0
0
0
0
0
0
0
0
0
0
0
0
0
0
0
0
0
0
0
0
0
0
0
0
0
0
0
0
0
0
0
0
0
0
0
0
0
0
0
0
0
