-1.59608750542005
-1.77666217088699
-1.92666798830032
-2.03057403365771
-2.07116217414538
-2.0308081706365
-1.89341500898202
-1.64685759941737
-1.28562502687176
-0.813249052812656
-0.24403889849782
0.396400947123766
1.07243387773633
1.7419364998738
2.36221598585447
2.89737318952878
3.32484782735507
3.63866794109344
3.84866152207057
3.97683370113373
4.05259090662003
4.10792245467504
4.17305924495061
4.27288472652435
4.42436035474141
4.6352304816246
4.90401540199916
5.22112266222636
5.57079243659973
5.93364707628886
6.28949193159739
6.61994763215383
6.91049861907959
7.15169366200765
7.33941717942556
7.47439801692963
7.56116612752279
7.60676197210948
7.61934375762939
7.60681211948395
7.57556859652201
7.52952929337819
7.46955947081248
7.39344155788422
7.29641671975454
7.17217338085175
7.01409761110942
6.81655542055766
6.57600871721904
6.29180777072906
5.96655694643656
5.60601131121318
5.2185431321462
4.81430923938751
4.4042631983757
3.9991449713707
3.60858704646428
3.24044972658157
2.90045495827993
2.59211518367132
2.31689135233561
2.07449102401733
1.86322789390882
1.68041065335274
1.52274839083354
1.38675901293755
1.26912570993106
1.16694088280201
1.07780370116234
0.999781891703606
0.931285187602043
0.870903750260671
0.817263652880987
0.768935325245062
0.72441852837801
0.682201474905014
0.640862812598546
0.599182638029257
0.556246777375539
0.511542618274689
0.46502211689949
0.417088076472282
0.368499532341957
0.320232433577379
0.273337888220946
0.228818311045567
0.187526953717073
0.150087924053272
0.116824584702651
0.0876847943291068
0.0621650228276849
0.0392498997971416
0.0173832620300042
-0.00552221604933341
-0.032033372282361
-0.0650978498160839
-0.10788951565822
-0.163590708747506
-0.235116412242254
-0.324804373085499
-0.434114607671897
-0.563396034141382
-0.711786379416784
-0.877296184500059
-1.0570930937926
-1.24795064330101
-1.44678420821826
-1.65117489298185
-1.8597887357076
-2.07261584202449
-2.29098278284073
-2.5173194805781
-2.75470519065857
-3.00627954800924
-3.2746514081955
-3.56143790483475
-3.86701269944509
-4.19045845667521
-4.529656569163
-4.8814815680186
-5.24204675356547
-5.60700686772664
-5.97189835707347
-6.33248551686605
-6.68506975968679
-7.02673188845317
-7.35549294948578
-7.67038702964783
-7.97145799795787
-8.25967073440552
-8.53671391805013
-8.80471777915955
-9.06591041882833
-9.32232848803202
-9.5756405989329
-9.82710846265157
-10.0776341756185
-10.327804962794
-10.5778633753459
-10.8276387850444
-11.0764721234639
-11.3232643604279
-11.5666546026866
-11.8052660624186
-12.0379244486491
-12.2637665271759
-12.4821981588999
-12.6928200721741
-12.8953416347504
-13.0895371437073
-13.2752143541972
-13.4521910349528
-13.6202741463979
-13.7792398929596
-13.9288601080577
-14.0689822832743
-14.1996585528056
-14.321338335673
-14.4350478649139
-14.5424884955088
-14.646071434021
-14.7488888104757
-14.8546523253123
-14.967533826828
-15.0919132232666
-15.2319912910461
-15.3913413683573
-15.5723952452342
-15.7759546438853
-16.0007705688477
-16.2432440121969
-16.4973824818929
-16.755074818929
-17.0068758328756
-17.2432853380839
-17.4563757578532
-17.6412944793701
-17.7971181869507
-17.9267670313517
-18.0360956192017
-18.1324642499288
-18.2230671246847
-18.3134018580119
-18.4061191876729
-18.5003679593404
-18.5916035970052
-18.6717831293742
-18.7297833760579
-18.7520934740702
-18.7236305872599
-18.6287562052409
-18.4524154663086
-18.1814535458883
-17.8059857686361
-17.32080133756
-16.7267566521962
-14.8570351600647
-14.1438964207967
-12.1598656972249
-11.4244303703308
-6.66006350517273
-6.20490725835164
-3.88329084714254
-3.60305984814962
-0.895901997884115
-0.824471632639567
0
0
0
0
0
0
0
0
0
0
0
0
0
0
0
0
0
0
0
0
0
0
0
0
