-5.69239469674917
-6.15234257624699
-6.53251702968891
-6.807495704064
-6.95609257771419
-6.96401896843543
-6.82647965504573
-6.55049815544715
-6.15661833836482
-5.67948411061214
-5.16660426213191
-4.67461193524874
-4.26256638306838
-3.98291552983798
-3.87243560644297
-3.94618540543776
-4.19612779984107
-4.59403663415175
-5.09735874029306
-5.65660612399761
-6.22279401925894
-6.75352962200458
-7.21685890051035
-7.59274449715248
-7.87262784517728
-8.05779596475455
-8.15717678803664
-8.18490765644954
-8.15787253013024
-8.09337428899912
-8.00711712470421
-7.91172361373901
-7.81591305365929
-7.72437091974112
-7.63820604177622
-7.55584790156438
-7.47416962110079
-7.38962228481586
-7.29922067202055
-7.20124097970816
-7.09555530548096
-6.98355293273926
-6.86771315794725
-6.75099083093497
-6.6361762376932
-6.52536252828745
-6.41959261894226
-6.31869532511784
-6.22132627780621
-6.12519192695618
-6.02741606418903
-5.92500536258404
-5.81532104198749
-5.69647159943214
-5.56755772003761
-5.42870780137869
-5.28091841477614
-5.125735778075
-4.96485684468196
-4.79976463317871
-4.63149828177232
-4.46060178830073
-4.28721598478464
-4.11122099252847
-3.93237921824822
-3.75048185311831
-3.5655086682393
-3.37777376174927
-3.18801744626119
-2.99741019193943
-2.80745004232113
-2.61974877577562
-2.43576376254742
-2.25655538989947
-2.0826663592687
-1.91417465874782
-1.75088607639862
-1.59255149100836
-1.43900265258092
-1.29016365970557
-1.14600351452827
-1.00653282443706
-0.871876498254446
-0.742357313059844
-0.618500537597216
-0.500922675889272
-0.390133149348772
-0.286333110470038
-0.18929496464821
-0.0983684274117247
-0.0125931019966419
0.069136411524736
0.147913389337751
0.224700830303706
0.300261762279731
0.375134760370621
0.449639937912042
0.523896503906984
0.59785125992046
0.671323912361493
0.744059880192463
0.815771489189221
0.886146348256331
0.954826369021948
1.02137244507097
1.08523340293994
1.14574313758371
1.20214160388479
1.25361626939132
1.29934742473639
1.33854417732129
1.37047644303395
1.39450018910261
1.41009221168665
1.41687426429528
1.41462418437004
1.4032599238249
1.38281124371749
1.35338551952289
1.31513171012585
1.26819973725539
1.21269416350585
1.14862385850686
1.07585383378542
0.994077136883369
0.902823193715169
0.801520510361745
0.689613103866577
0.566723899199412
0.432838583221802
0.288488735946325
0.134896779074692
-0.0259600049601151
-0.191428855849573
-0.358419554737898
-0.523772203005277
-0.684671404270025
-0.839010853033799
-0.98562941642908
-1.12437094633396
-1.25596410953082
-1.38175829098775
-1.50341900495382
-1.62269188807561
-1.74128019809723
-1.86080110990084
-1.98277429433969
-2.1086166546895
-2.23964130878448
-2.37705518649175
-2.52196153310629
-2.67534776834341
-2.83804952181303
-3.01068214269785
-3.1935335122622
-3.38642078179579
-3.58852832133953
-3.79824139521672
-4.0130218909337
-4.2293689250946
-4.44286588522104
-4.64831427427439
-4.83993165309613
-5.01164225431589
-5.15747121664194
-5.27205397532536
-5.35125578366793
-5.3928415958698
-5.39712330011221
-5.36745130098783
-5.31038951873779
-5.23538743532621
-5.15384296270517
-5.07755525295551
-5.0168959911053
-4.97916540732751
-4.96762062953069
-4.98142139728253
-5.01644218884982
-5.06662108347966
-5.12541671899649
-5.1870132959806
-5.24707926236666
-5.3030498944796
-5.35406310741718
-5.40068850150475
-5.44457619006817
-5.48817000022301
-5.53451886543861
-5.58721670737633
-5.6504095517672
-5.72877788543701
-5.82743354944082
-5.95169933025654
-6.10672580278837
-6.29696270135733
-6.52546662550706
-6.79314393263597
-7.09799887583806
-7.43441236936129
-7.79255456190843
-8.15798708108755
-8.51153945922852
-8.82957861973689
-9.08477108295147
-9.24750240032489
-9.28803113790659
-9.17932312305157
-8.9004880464994
-8.44046541360708
-7.80159422067496
-7.00234710253202
-6.07840974514301
-5.08107999654917
-4.07208737960229
-3.1149983222668
-2.26535389056573
-1.56282524879162
-1.02745855771578
-0.659987878340941
-0.445074456815536
-0.356210764640799
-0.361223944104635
-0.427458700652306
-0.52581986784935
-0.633087685474983
-0.732422516896175
-0.812528706513918
-0.675800589414743
-0.692597710169279
