-2.65083832489817
-2.8593339669077
-3.06034114486293
-3.24610163036146
-3.40860639120403
-3.5399608737544
-3.63272245306718
-3.68035992823149
-3.6780181934959
-3.62361532763431
-3.51911612560875
-3.37162300160057
-3.19385497193587
-3.00362827275929
-2.82207864209225
-2.67065617912694
-2.56742351306112
-2.52363634109497
-2.54169194949301
-2.61512864890851
-2.73053406414233
-2.87055688155325
-3.01706699321144
-3.1538059084039
-3.26820226719505
-3.35231067004957
-3.40300611445778
-3.42161664209868
-3.41315845439309
-3.38527068338896
-3.34695292774
-3.30725067540219
-3.27410421873394
-3.25351791632803
-3.2491752599415
-3.26246107252021
-3.29277814062018
-3.33800743755541
-3.39503540490803
-3.46030717147024
-3.5303882674167
-3.60244187555815
-3.67455866462306
-3.74587833253961
-3.81650939740633
-3.8872924352947
-3.95945542737057
-4.03422653047662
-4.11244511604309
-4.19425550260042
-4.27895666423597
-4.36505420584428
-4.45048573142604
-4.53292224281713
-4.6100899294803
-4.68008877101697
-4.74165148484079
-4.79424283379003
-4.83796310424805
-4.87328140359176
-4.90069790890342
-4.92048230924104
-4.93255600176359
-4.93654353995072
-4.93192627555446
-4.91820654116179
-4.89503338462428
-4.86228526265998
-4.82009975533736
-4.768832131436
-4.70893526077271
-4.64082785656578
-4.56481090344881
-4.48109550225107
-4.38990530214812
-4.29159648794877
-4.18673288194757
-4.07610058784485
-3.96067492585433
-3.84157495749624
-3.72000688000729
-3.59720954142119
-3.47440494989094
-3.3527452067325
-3.23326299065038
-3.1168032131697
-3.00394834342756
-2.89494273537084
-2.78963480497661
-2.68746021546816
-2.58748355037288
-2.48852553493098
-2.3893663945951
-2.28898651348917
-2.18677426639356
-2.0826334733712
-1.97697830827613
-1.87064788529747
-1.76478411021986
-1.66070029296373
-1.55975784126081
-1.46325098840814
-1.37230517048585
-1.28778981064495
-1.21025492799909
-1.13989785627315
-1.07656417394939
-1.01978027350024
-0.968824773242599
-0.922843428818803
-0.88099285724916
-0.842575434007143
-0.807124368454281
-0.774415671825409
-0.7444199190328
-0.717229356106959
-0.692994216555043
-0.671880100118487
-0.654045641422272
-0.639629025208323
-0.628738682521017
-0.621443397904697
-0.617763782018109
-0.617665891584597
-0.621062634806884
-0.627824562160592
-0.637799151633915
-0.650830330033051
-0.666768863012916
-0.685464320998443
-0.706740638143138
-0.730366910758771
-0.75604184991435
-0.783401112807424
-0.812040692881534
-0.841541340476588
-0.871487432404568
-0.901480517889324
-0.931159976281618
-0.960230817920283
-0.988494336605072
-1.01587742253354
-1.04245903931166
-1.06849539907355
-1.09444002101296
-1.12095036632136
-1.14887703719892
-1.17923260676233
-1.21314444667415
-1.25178171458997
-1.29626782944328
-1.34758835717251
-1.4065108612964
-1.47352501593138
-1.54880650419938
-1.63220585647382
-1.72326021445425
-1.82121898626026
-1.92507403775265
-2.03357475682309
-2.14523780973334
-2.25835790759639
-2.37103794750414
-2.48123067303708
-2.58678440043801
-2.68549707061366
-2.77520222412912
-2.85392012094197
-2.92009172941509
-2.97287947253177
-3.01248275606256
-3.04040921361823
-3.05961448267887
-3.07443946286252
-3.09026462153385
-3.11285494503222
-3.14747635941756
-3.19799174760517
-3.26617544575741
-3.35144554941278
-3.45109428857502
-3.56094019036544
-3.67620944976807
-3.79241346058093
-3.90602051584344
-4.01484840794614
-4.11818462923953
-4.21675112372951
-4.31257256708647
-4.40880085292615
-4.50950848428827
-4.61945097069991
-4.7438016439739
-4.88781989248175
-5.05645681682386
-5.25388092743723
-5.48291005586323
-5.74435234069824
-6.03627327868813
-6.35331000779804
-6.68613456424914
-7.0211971935473
-7.34079333355552
-7.6234827041626
-7.84487124493248
-7.97881967143009
-7.99913963518645
-7.88186494927657
-7.60806593142058
-7.16706534435875
-6.55970267245644
-5.80114118676437
-4.92251167799297
-3.97051891527678
-3.004053053103
-2.08740297116731
-1.28092928936607
-0.631467781960964
-0.165317997581473
0.114138634385247
0.224133722091976
0.197161314371777
0.0744337672857862
-0.100642058937075
-0.288201274840455
-0.456256717443466
-0.58318136867724
-0.658184468746185
-0.280228410896502
-0.270391781079142
