0.0221040199027845
0.11479208069957
0.170171942699839
0.179807904141921
0.134560500375099
0.025743397815084
-0.153092150248725
-0.403893837774241
-0.721621176020967
-1.09193822189614
-1.4897042910258
-1.87902114126417
-2.21551076129631
-2.45128427169941
-2.54261898994446
-2.45909199891267
-2.19098879231347
-1.7515010105239
-1.17292339823864
-0.499178146460542
0.222274445963127
0.947152462270525
1.63885906007555
2.27070078143367
2.82619043191274
3.29800060060289
3.68610911899143
3.99559189655163
4.2344450685713
4.41175018416511
4.53632205503958
4.61584181255764
4.65643664642617
4.66265942432262
4.63781266742282
4.58445956088879
4.50499616728889
4.40215861355817
4.27941407097711
4.14120171688221
3.99299655137239
3.84115684473956
3.69251711280258
3.5537657296216
3.4306963108204
3.32749779136093
3.24627709388733
3.18697811939098
3.14770151067663
3.12530428391916
3.11609039483247
3.11643370875606
3.12321237281517
3.13401431507534
3.14712580928096
3.16137853375188
3.17593250451265
3.19007145916974
3.20306138639097
3.21410391065809
3.22237394474171
3.22709862391154
3.22764255382397
3.2235898176829
3.21482465002272
3.20161709962068
3.18469092581007
3.16523773581893
3.14485248812923
3.12537800824201
3.10867730776469
3.09638783666823
3.08971110979716
3.08928770489163
3.09517751799689
3.10693682564629
3.12375225844207
3.14459404238948
3.16835435231527
3.19396989433854
3.22052070829603
3.24731754373621
3.27395739378753
3.30032441351149
3.32654853220339
3.35295660407455
3.3800330515261
3.4083767996894
3.4386474997909
3.47147198959633
3.5073474071644
3.54653260442946
3.58898773899785
3.63436357180277
3.68206408288744
3.73135446619104
3.78147749547605
3.83174054710953
3.88154482841492
3.93038446814926
3.97784784105089
4.02366418308682
4.06777692724157
4.11042642593384
4.15218320599309
4.19393852904991
4.23686454914234
4.28236291143629
4.33200630435237
4.38743664600231
4.45020631507591
4.52159055957088
4.60239845735055
4.69283834210149
4.7924692719071
4.9002384962859
5.01459471384684
5.13364526960585
5.25531661068952
5.37751233136212
5.49826570793434
5.61588901943631
5.72912313320019
5.83725784443043
5.94021313278763
6.038566854265
6.13353142914949
6.2268828286065
6.32084572756732
6.41792763604058
6.5207169674061
6.63164801067776
6.7527620350873
6.88546807677657
7.03034971378468
7.18702146742079
7.35407949376989
7.5291270326685
7.70887909995185
7.88932028523198
8.06593644177472
8.23400810029772
8.38901447366785
8.52714128847475
8.64588907029894
8.74469462147465
8.82552948704472
8.893376632973
8.95657818405716
9.02693547142876
9.11951527772126
9.25206738931161
9.44401250062166
9.71498807271322
10.0829482255159
10.5619230270386
11.15959015599
11.8749284037837
12.6963583275124
13.6008786095513
14.5547890486541
0.586857089289912
0
0
0
0
0
0
0
0
0
0
0
0
0
0
0
0
0
0
0
0
0
0
0
0
0
0
0
0
0
0
0
0
0
0
0
0
0
0
0
0
0
0
0
0
0
0
0
0
0
0
0
0
0
0
0
0
0
0
0
0
0
0
0
0
0
0
0
0
