1.95991811544999
2.43441943500353
2.90903395155202
3.37638870529506
3.82798274703648
4.25431365552156
4.64544356387594
4.99193485923435
5.28593735072924
5.52219212573508
5.69883912542592
5.81804298317951
5.88638386519059
5.91477039585943
5.91747543086176
5.91006666681041
5.90658096645189
5.91679913064708
5.94457640855209
5.9877144150112
6.0392947404281
6.08986089540564
6.12967169803122
6.15044038192086
6.146306929381
6.11413750441178
6.0533415545588
5.96540071653283
5.85325655729874
5.72066414874533
5.5716026969578
5.40981108209361
5.23847795569378
5.06009352725485
4.87644394584324
4.68870795291403
4.49764050608096
4.30382663270702
4.10795457466789
3.91103904143624
3.71452219589897
3.52023962269659
3.3302949304166
3.14690930947014
2.97227819069572
2.80844321458236
2.6571682225103
2.51985659806625
2.39751199535702
2.29075617375581
2.19988199938898
2.12493012780729
2.0657632921053
2.02212150200554
1.99366600617119
1.98002866040105
1.98086136838664
1.99585834793423
2.02473102963489
2.06715455780859
2.12271181915117
2.19086819628011
2.27098417282104
2.36235622219417
2.4642799211585
2.57613163409026
2.69745650498763
2.8280452541683
2.96796937610792
3.11753215997115
3.27714186129363
3.44712692758311
3.62755112026049
3.81807755387348
4.01792608136716
4.22592485469321
4.44062539805537
4.66044215534044
4.88377699644669
5.10912032749342
5.33511816936991
5.56058985254039
5.78452021142711
6.00604612930961
6.22447206663049
6.43930012246837
6.65026424242103
6.85732928566311
7.06065565606822
7.26050696165665
7.45712860770847
7.6505855270054
7.84064118758492
8.0267129359038
8.20792364037555
8.38320589065552
8.5514292302339
8.71153642820275
8.8626589982406
9.00417294709579
9.13568370238594
9.2569814350294
9.36798253266708
9.46867768660836
9.5590994047082
9.63930353911027
9.70937430340311
9.7694149017334
9.81954122626263
9.85990101358165
9.89074918498164
9.91256908748461
9.9262000788813
9.9329484856647
9.93463561845862
9.93361576743748
9.93275016287099
9.93531753705896
9.94488550269085
9.96510045424752
9.99944823721181
10.0509630700816
10.1219318224036
10.2136294323465
10.3261200863382
10.4581844910331
10.6073502664981
10.7700236776601
10.9417117574941
11.1172962188721
11.2913664527561
11.4585681168929
11.6139505220496
11.7532735492872
11.8732398489247
11.9716463088989
12.0474400727645
12.1007023686948
12.1325750765593
12.1451398186062
12.1412844450577
12.1245453461357
12.0989307320636
12.0686778192935
12.0379700038744
12.0106325149536
11.989873720252
11.9781108939129
11.9769447160804
11.987237598585
12.0092516360076
12.0427448438561
12.0870209154875
12.1409567542698
12.2030379668526
12.2713981296705
12.3438547797825
12.4179974431577
12.4913185368414
12.5614138064177
12.6261845464292
12.6840143203735
12.7338848528655
12.7753799687261
12.8086075160814
12.8340805717137
12.8526020050049
12.8651779423589
12.8729411415432
12.8770360117373
12.8785239095273
12.8783330088076
12.8772938769797
12.8762159347534
12.8759081881979
12.8771289742511
12.8804717685865
12.886300460152
12.894791022591
12.9060576895009
12.9202675612076
12.9376399413399
12.9583799113398
12.9825754165649
13.0101613169131
13.0409083573715
13.0744158288707
13.1101423761119
13.1475485511448
13.1863492468129
13.2268316020136
13.2701028326283
13.3181720816571
13.3739118161409
13.4409124125605
13.5233098320339
13.6254884056423
13.7515856701395
13.9047816732655
14.0864742942478
14.2953993755838
14.5267306618069
14.7711588403453
15.0140893770301
15.2351546080216
15.4083481249602
15.5029983935149
15.4856833167698
15.3229495753413
14.9847256204356
14.4482111723527
13.7021092124607
12.7507842520009
11.6176411587259
10.3465791370558
9.00010196022365
7.65274935183318
6.37995796618254
5.24501738340958
4.2885507915331
3.52408135455588
2.94052174816961
2.50965152616086
2.19518394573875
1.86628416828487
1.68776532878046
1.38509591247724
1.2473600273547
0.323902187140092
0.27920468216357
