-0.0855038943700492
-0.0216190594655927
0.0170850293943658
0.0189800186490174
-0.0276085832156241
-0.133246656740084
-0.305999997071922
-0.549898875877261
-0.863395549356937
-1.23800894245505
-1.65741100162268
-2.09726694971323
-2.52618120610714
-2.90806111693382
-3.20607593655586
-3.38804376125336
-3.4323832243681
-3.33279937505722
-3.09975279867649
-2.75804053246975
-2.34157177805901
-1.8872129842639
-1.42939384281635
-0.996366381645203
-0.608290165662766
-0.276880268473178
-0.00619320181431249
0.205885299365036
0.365820125676692
0.482550583779812
0.565744992345572
0.62431462854147
0.665291909128428
0.693161506205797
0.709715330973268
0.714443918317556
0.705382822081447
0.680230263620615
0.637512074783444
0.577562468126416
0.503124663606286
0.419424693187466
0.333660242700716
0.25397988082841
0.188189986394718
0.142528128315462
0.120813732923125
0.124144574161619
0.151143490395043
0.198620075258077
0.26241910783574
0.338213311973959
0.422067408682778
0.510725165950134
0.601673480123281
0.693087757565081
0.783748738002032
0.872971490258351
0.960540862986818
1.04662829264998
1.13167731650174
1.21627356298268
1.30103046260774
1.38650205172598
1.47310227900743
1.5610330067575
1.65025843679905
1.74056541919708
1.83169256523252
1.9234764277935
2.01594815403223
2.10936065018177
2.20415350049734
2.30089583992958
2.40021994709969
2.50274668633938
2.60900028795004
2.71933136880398
2.83387695252895
2.9525745511055
3.07522511482239
3.20156739652157
3.33132568001747
3.46422791481018
3.60000908374786
3.73841366171837
3.87918621301651
4.02203898131847
4.16658255457878
4.31225475668907
4.45825523138046
4.60352429747581
4.74677181243896
4.88656055927277
5.02143973112106
5.15007987618446
5.2713734805584
5.38449627161026
5.48893514275551
5.58450931310654
5.67137396335602
5.74999263882637
5.82107359170914
5.88548117876053
5.94414091110229
5.9979692697525
6.04782709479332
6.09448036551476
6.13853019475937
6.1803289949894
6.21989700198174
6.25688591599464
6.29060256481171
6.32013207674026
6.34450104832649
6.36284738779068
6.37453520298004
6.37921869754791
6.37685903906822
6.36769604682922
6.35218700766563
6.33093175292015
6.30460008978844
6.27387249469757
6.23940178751945
6.20179626345634
6.16162809729576
6.11945897340775
6.07586282491684
6.03145083785057
5.98686170578003
5.94273319840431
5.89962613582611
5.85797455906868
5.81806287169456
5.78003895282745
5.74393263459206
5.70966187119484
5.67702585458755
5.64572167396545
5.61536785960197
5.58555752038956
5.55591574311256
5.52618077397346
5.4963271021843
5.46674507856369
5.43845835328102
5.41334569454193
5.39430597424507
5.38537088036537
5.39172661304474
5.41962289810181
5.47611504793167
5.56861901283264
5.70427030324936
5.88910654187202
6.12712150812149
6.41929545998573
6.76273164153099
7.15005302429199
7.56927546858788
0
0
0
0
0
0
0
0
0
0
0
0
0
0
0
0
0
0
0
0
0
0
0
0
0
0
0
0
0
0
0
0
0
0
0
0
0
0
0
0
0
0
0
0
0
0
0
0
0
0
0
0
0
0
0
0
0
0
0
0
0
0
0
0
0
0
0
0
0
