0.580823763653084
0.811002214749654
0.986618199834117
1.1000708606508
1.14704929347391
1.12794719029356
1.04939940130269
0.925704418509095
0.779786476934398
0.643238389933551
0.55486162379384
0.557034902550556
0.689425891196286
0.980705468742936
1.44096845167655
2.05838817137259
2.80165583999069
3.62678278817071
4.48541742784006
5.33215611069291
6.12946538571958
6.84998930825128
7.47680446836683
8.00238160733823
8.42687124676175
8.75604278069955
8.9991503821479
9.16697991335833
9.2703237356963
9.31897483048616
9.32125540132876
9.28398669207538
9.2127876634951
9.11255403801247
8.9879475346318
8.84373069692541
8.68486045908045
8.5163533422682
8.34297909560027
8.16892228303132
7.99745104047987
7.83073693734628
7.66979090372721
7.51454662393641
7.36404878121835
7.2166933660154
7.07051003420794
6.92344730871695
6.7736693488227
6.61983120882953
6.46130427607784
6.29828746230514
6.13177469041612
5.96339409439652
5.79514485818368
5.62912178039551
5.46727461285061
5.31124224486174
5.16227344230369
5.02122218520553
4.888594839308
4.76462706813106
4.64938154043975
4.54284818967183
4.44504914460359
4.35610788839835
4.27626892372414
4.20586814703765
4.14527412697121
4.09481996077078
4.054744331925
4.02513405128762
4.00587071312798
3.99658659652427
3.99664256307814
4.00516372256809
4.02111668056912
4.04341982029102
4.07105229519032
4.10314567883809
4.13905412179452
4.17839299307929
4.22105013882672
4.26715962092082
4.3170316307633
4.37105920579698
4.42961125903659
4.49294964472453
4.5611621538798
4.63412390814887
4.71146689520942
4.79256324414854
4.87652497821384
4.96222881034569
5.0483748294689
5.13356526692708
5.2163951838458
5.29553273872093
5.36977554250647
5.43810145060221
5.49971471009431
5.55410796624643
5.60112255590933
5.64098098542955
5.6743002820898
5.70210089506926
5.72581665604203
5.74729488514088
5.76878394020928
5.79289330376519
5.82254662337127
5.86090303350378
5.91126238858258
5.97693531601517
6.06107453946714
6.16645512757478
6.29521375232273
6.44858547493264
6.62668641408284
6.82841645346747
7.05147174552635
7.29248276463261
7.54723672513609
7.81098084979587
8.07877245655766
8.34582980473836
8.6078462600708
8.86122360935918
9.10320864783393
9.33196950841833
9.54658345822935
9.74698448181152
9.93385410308838
10.1084901315195
10.2726430539732
10.428335401747
10.5776666358665
10.7226568857829
10.8651206758287
11.0065946578979
11.1482805322718
11.2910675472683
11.4355896843804
11.5823375913832
11.7317857389097
11.8844775093926
12.0410424691659
12.2021683233756
12.3685017338506
12.5404725251374
12.7180086065222
12.9001623436257
13.0846668525978
13.267521681609
13.4426780276828
13.6019389894274
13.7351203494602
13.8305039229216
13.8755649637293
13.8579274636728
13.7665036166156
13.5927431671708
10.4582921840526
10.2140029624656
7.54478740692139
6.81179488146747
3.83449508525707
3.63655969831679
1.89922406938341
1.78356039965594
1.33009407255385
1.2508203541791
0
0
0
0
0
0
0
0
0
0
0
0
0
0
0
0
0
0
0
0
0
0
0
0
0
0
0
0
0
0
0
0
0
0
0
0
0
0
0
0
0
0
0
0
0
0
0
0
0
0
0
0
0
0
0
0
0
0
