4.66800498962402
5.23747835159302
5.76658997535706
6.24377255439758
6.65849471092224
7.00220890045166
7.26964411735535
7.4603084564209
7.58000149726868
7.64190363883972
7.66664772033691
7.68061532974243
7.71196551322937
7.78479619026184
7.91335511207581
8.09888010025024
8.33029718399048
8.58810596466065
8.84955558776855
9.09335355758667
9.30277986526489
9.46705284118652
9.58125333786011
9.64534320831299
9.66272220611572
9.63870058059692
9.57914810180664
9.48948402404785
9.37407302856445
9.2360294342041
9.07733688354492
8.89919681549072
8.70247039794922
8.48811960220337
8.25755009651184
8.01282014846802
7.75670132637024
7.49258770942688
7.22429628372192
6.95579876899719
6.69091806411743
6.43303246498108
6.18481669425964
5.94810123443604
5.72384328842163
5.51218876838684
5.31258616447449
5.12391419410706
4.94464554786682
4.77303786277771
4.60734724998474
4.44603533744812
4.28792636394501
4.13230032920837
3.97890064716339
3.82786874771118
3.67962152957916
3.5347106218338
3.39370260238647
3.25709195137024
3.12524964809418
2.99838600158691
2.87655239105225
2.75968315601349
2.64768533706665
2.5405305147171
2.43831267356873
2.34126360416412
2.24971742630005
2.16404674053192
2.08458008766174
2.0115229010582
1.94492243528366
1.88469833135605
1.83074790239334
1.78308905363083
1.74198175668716
1.70797456502914
1.68184159994125
1.66442410945892
1.65643877983093
1.65833337306976
1.67024240493774
1.69203758239746
1.7234245300293
1.76402730941772
1.81343919038773
1.87125290632248
1.93709638118744
2.01067615747452
2.09183176755905
2.18057457208633
2.27710764408112
2.38179984092712
2.49510729312897
2.61745121479034
2.74908499717712
2.89000236988068
3.03992683887482
3.19837973117828
3.36478514671326
3.53856663703918
3.7192125082016
3.90630848407745
4.09954786300659
4.2987087726593
4.50361289978027
4.71406464576721
4.92982239723206
5.15062232017517
5.37625379562378
5.60665378570557
5.84197812080383
6.08263921737671
6.32931027412415
6.58291792869568
6.84466190338135
7.11605539321899
7.39897961616516
7.69568338394165
8.00868730545044
8.34058456420899
8.69374866485596
9.0699444770813
9.46994180679321
9.89316387176514
10.3374903678894
10.7992272377014
11.2732797622681
11.7534583091736
12.2329404830933
12.7048169136047
13.1626654624939
13.6010566711426
14.0158793449402
14.4044744491577
14.7655640602112
15.0990677833557
15.4058237075806
15.6872854232788
15.9452315330505
16.1815450668335
16.3980393409729
16.5962871551514
16.7774881362915
16.9423559188843
17.0911567687988
17.2237966537476
17.3399753570557
17.4393304824829
17.5215333938599
17.5863649368286
17.6337100982666
17.6635425567627
17.675899887085
17.6708724975586
17.6485219955444
17.6088218688965
17.5515836715698
17.4764141082764
17.3828342437744
17.2704574584961
17.1392366409302
16.9897272109985
16.8232957839966
16.6421966552734
16.4495071411133
16.2488761901855
16.0441631317139
15.838996219635
15.636376285553
15.4383717536926
15.2459677696228
15.0590327262878
14.8763874053955
14.6960187911987
14.5154198646545
14.332014465332
14.1435722351074
13.9485084533691
13.7460344314575
13.5361549377441
13.3195468902588
13.0974051475525
12.8713299751282
12.6432925224304
12.4157019615173
12.1915417671204
11.9745423316956
11.7693718910217
11.5817469596863
11.4183338165283
11.2863894462585
11.1931224822998
11.1448328971863
11.1459390640259
11.1979160308838
11.2981496810913
11.4387334823608
11.6053164482117
11.776243019104
11.922265625
12.0071008682251
11.9890245437622
11.8235712051392
11.4673442840576
10.8828665733337
10.0443057060242
8.94358921051025
7.59618372917175
6.04548473358154
4.36452372074127
2.39806785583496
0.934916910529137
-0.338905962556601
-1.32851295471191
-0.865551033616066
-0.989262419939041
-0.598920685052872
-0.4950569704175
0
0
0
0
0
0
0
0
0
0
