0.0424969806335866
0.415251652399699
0.772967043022315
1.10951665540536
1.4183838814497
1.69308938582738
1.9281067152818
2.1202708085378
2.27047048012416
2.38524394234022
2.47787197430929
2.56862550973892
2.68379962444305
2.85309006770452
3.10496914386749
3.46050894260406
3.92750696341197
4.49739736318588
5.14624993006388
5.83923975626628
6.53692944844564
7.20157051086426
7.8020293712616
8.31661077340444
8.73376929759979
9.05121374130249
9.27403195699056
9.41233889261881
9.47886427243551
9.48681688308716
9.44826634724935
9.37314041455587
9.26885199546814
9.14045651753744
8.99117644627889
8.82307557264964
8.63770302136739
8.43658208847046
8.22148942947388
7.99453294277191
7.75808664162954
7.51463131109873
7.266579469045
7.01612011591593
6.76512857278188
6.51513111591339
6.26732802391052
6.02264781792959
5.7818089723587
5.5453937848409
5.31392800807953
5.08794744809469
4.86804171403249
4.65486379464467
4.4490948120753
4.25137688716253
4.06224717696508
3.88209442297618
3.71114279826482
3.54943863550822
3.39683498938878
3.25300425291061
3.11749058961868
2.98977635304133
2.86934185028076
2.7556916475296
2.64836249748866
2.54692341883977
2.45098676284154
2.36021449168523
2.27431892355283
2.19306394457817
2.11626646916072
2.04380439718564
1.97560482223829
1.91159458955129
1.85162771741549
1.79543761412303
1.74263891577721
1.69277850786845
1.64540738860766
1.60014898578326
1.5567367374897
1.51502061883609
1.47494707504908
1.43654076258341
1.39988380670547
1.36508140961329
1.33220546444257
1.301228394111
1.27197283506393
1.24409631888072
1.21711789568265
1.19048291444778
1.16365030407906
1.13617818554242
1.10778890053431
1.07840575277805
1.0481607367595
1.01738369464874
0.986564084887505
0.956289231777191
0.927171210447947
0.89978148539861
0.874611636002859
0.85204819838206
0.832370569308599
0.81577230989933
0.802413622538249
0.792494123180707
0.786326284209887
0.784392063816388
0.787376140554746
0.796181927124659
0.811929320295652
0.835937450329463
0.869689911603928
0.914793252944946
0.972935820619265
1.04585432012876
1.13529640932878
1.24297560751438
1.37050435940425
1.51930475234985
1.69050426284472
1.88482675949732
2.10248713692029
2.34310035904249
2.6056133111318
2.88829656442006
3.18882594505946
3.50445818901062
3.8322768608729
4.1694480975469
4.51343413194021
4.86213640371958
5.21397848924001
5.5679403146108
5.92354031403859
6.28073978424072
6.63978576660156
7.0010499159495
7.36492578188578
7.73180556297302
8.10213887691498
8.47649097442627
8.85556356112162
9.24012072881063
9.63085126876831
10.0281677246094
10.4319743315379
10.8413785298665
11.2543839613597
11.6675852139791
12.0759297211965
12.4725650151571
12.8487882614136
13.1941537857056
13.4968369801839
13.7443325519562
13.9245576858521
0
0
0
0
0
0
0
0
0
0
0
0
0
0
0
0
0
0
0
0
0
0
0
0
0
0
0
0
0
0
0
0
0
0
0
0
0
0
0
0
0
0
0
0
0
0
0
0
0
0
0
0
0
0
0
0
0
0
0
0
0
0
0
0
0
0
0
0
0
