0.654788388233436
0.910317993477771
1.17458035443958
1.45013243273685
1.73831725120544
2.03877695610649
2.34922923539814
2.66547402582671
2.98162602123461
3.29056956893519
3.58457719652276
3.85599767534356
4.09801732866388
4.30553078651428
4.47598575290881
4.60983863629793
4.71031020817004
4.78236790707237
4.83126537423385
4.86121137518632
4.87465090500681
4.87232027555767
4.85389300396568
4.81880684902793
4.76694172307065
4.6989615089015
4.61631506367734
4.52095162241082
4.41490123146459
4.29988218608655
4.17707022867705
4.04708032858999
3.91014080298574
3.76635193824768
3.61594271659851
3.45943838671634
3.29773894109224
3.13215146566692
2.96439182130914
2.79653383556165
2.63089670633015
2.4698839438589
2.3158048203117
2.17069472764668
2.0361764368258
1.91339564950843
1.80303325151142
1.70535412587618
1.62026033276006
1.54735342452401
1.48601217646348
1.43548733309696
1.39500820009332
1.36389200938375
1.3416395877537
1.32800961795606
1.32305238121434
1.3270949815449
1.34068465232849
1.36451587551518
1.39935925759767
1.44600161753203
1.50519209786465
1.57758489407991
1.66368544729132
1.76380513843737
1.87804550246189
2.00631401413365
2.1483624169701
2.3038346892909
2.47230926312898
2.65331920824553
2.84634621519791
3.05079086203324
3.26592454157378
3.49084744955364
3.72447454301934
3.96555889280219
4.21274491360313
4.46463599957918
4.71985638769049
4.97710837815937
5.23521578939337
5.49314807590685
5.75003134576898
6.00514188565706
6.25790563382601
6.50789466657137
6.75482621945833
6.99852082603856
7.23882888492785
7.47555715159366
7.70843799490678
7.93713587208798
8.16129496223048
8.38056100042243
8.59458838011089
8.80301058919806
9.00541426006116
9.2013339745371
9.39027567913658
9.57174276050768
9.74525456679495
9.91037499277215
10.0667185030485
10.2139681765908
10.3518705368042
10.4802304820011
10.5988896520514
10.7077317488821
10.8066718954789
10.8956687324925
10.9747299897043
11.0439557025307
11.1036264519942
11.1543014927914
11.1969414761192
11.2330072804501
11.2645450893201
11.2942341754311
11.3253594448692
11.3617217415258
11.4074407376741
11.4666640131097
11.5432086743807
11.6401704487048
11.7595252488789
11.9017681824534
12.065628854852
12.2479629516602
12.4438725019756
12.6470868963944
12.8505478407207
13.0470783835963
13.230042507774
13.3938781838668
13.5344657396015
13.6493149807579
13.7375557046188
13.799782401637
13.8377950066014
13.8542530662135
13.8523587176674
13.8355687793932
13.8073848925139
13.771244400426
13.7304535915977
13.6881141662598
13.6470315330907
13.6096228549355
13.5778369401631
13.5531292965538
13.5364796487909
13.5284355565121
13.529158843191
13.5384666041324
13.5558710098267
13.5806352715743
13.6118431593242
13.6484627974661
13.6893594641435
13.7332639694214
13.7787253229242
13.8240963283338
13.8676165530556
13.907562205666
13.9424518284045
13.9712140936601
13.9933118318257
14.0087953868665
14.018289164493
14.0229045466373
14.0240721953543
14.0233289819015
14.0220948269493
14.0214994832089
14.0222778822246
14.0247401689228
14.0287886167827
14.033973342494
14.0395804455406
14.0447577426308
14.0486759888498
14.0507217206453
14.0507029985127
14.0490200143111
14.0467753159372
14.0457855023836
14.0485022193507
14.0578964133012
14.077320098877
14.1103612498233
14.1607026551899
14.2319925207841
14.3276786804199
14.4507764515124
14.6034985090557
14.7867731295134
14.9995949393825
15.2382279948184
15.4953499342266
15.7592898419029
16.0135022213585
16.2363666735197
16.4014594931351
16.4784661343223
16.4348735307392
16.2384524596365
15.8605496757909
15.2800540422138
14.4877708334672
13.4906328602841
12.3148322356375
11.0066357662803
9.62974252198872
8.25850845638074
6.96746409566779
5.81912803649902
4.85360174430044
4.08349130028173
3.4956207651841
3.05823572058427
2.7306812687924
2.47244779059761
2.24959746160005
2.03800329409148
1.82382725414477
1.60207271575928
0.582590147068626
0.483435994700382
