2.78313109609816
3.62610891130235
4.45368478033278
5.2460458278656
5.98332932260301
6.6465675301022
7.21899835268656
7.6876109706031
8.04467606544495
8.28896183437771
8.42650609546238
8.47086583243476
8.44265998734368
8.36788127157423
8.27443854014079
8.18692530526055
8.12101864814758
8.07997372415331
8.05497590700785
8.02902574009365
7.98234950171577
7.89723902278476
7.76111674308777
7.56775479846531
7.31706258985731
7.01401199234857
6.66714750395881
6.28698261578878
5.88448574807909
5.46981983714634
5.05147986941867
4.63590635193719
4.22753552595774
3.82917793591817
3.44255410300361
3.06885413328807
2.7091902229521
2.36488889323341
2.0376079082489
1.72928986946742
1.44199559423659
1.17766713102659
0.937896016571257
0.723762323458989
0.535767815179295
0.373840270357
0.237374400635923
0.125289172244569
0.0361062194893344
-0.0319363036089473
-0.0807353794160816
-0.112167822093599
-0.127970164952179
-0.129682909800775
-0.118652745874392
-0.0960661773052481
-0.0629966492868132
-0.0204575733385152
0.0305658016457326
0.0891425094256798
0.154487851066127
0.226076429502832
0.303717111547788
0.387555956012673
0.478023214472665
0.575764525267813
0.681579018632571
0.796359297302034
0.921021362145742
1.05642467074924
1.20329532027245
1.36216356356939
1.53333480490579
1.71689926253425
1.91275834374958
2.12062665488985
2.34001223246256
2.57021162245009
2.81033061610328
3.05931712521447
3.31597876548767
3.57898483011458
3.84685760074192
4.11796365843879
4.39050849278768
4.66254793273078
4.93204074435764
5.19694553481208
5.45531651708815
5.70539522171021
5.94567939970228
6.1749869717492
6.39250644048055
6.59782396422492
6.79091133011712
6.9720884958903
7.14197148217095
7.30139374732971
7.45129805141025
7.59260257085164
7.72606942388746
7.85219905111525
7.97118518087599
8.08293387624953
8.18713988198174
8.28335658709208
8.37105660968357
8.44967516263326
8.5186673005422
8.57758741908603
8.62618454297384
8.66450677977668
8.69298942883809
8.71252457300822
8.72448852327135
8.73075416353014
8.73367553287082
8.73604742685954
8.741043832567
8.75211524963379
8.77285930845473
8.80686039394802
8.85749573177761
8.92768081029256
9.0196074379815
9.13447692659166
9.27231311798096
9.43183501561483
9.61046934127808
9.80446370442708
10.0091378953722
10.2192098299662
10.4291788736979
10.6336882909139
10.8278734419081
11.0076767603556
11.1700888739692
11.3132894304064
11.4366772439745
11.5407674577501
11.6270176569621
11.6975959142049
11.7551176812914
11.8023711310493
11.8420841428969
11.8767511579725
11.9085719850328
11.9394136004978
11.9708177248637
12.0039962662591
12.0398512416416
12.0790417989095
12.1220783127679
12.1694113943312
12.2214929792616
12.2787828445435
12.3417409261068
12.4107960595025
12.486265235477
12.5682503382365
12.6565539571974
12.7506171862284
12.8495484458076
12.9521768887838
13.0571726163228
13.16317431132
13.2689320246379
13.3734164237976
13.4758516947428
13.575720416175
13.6727244589064
13.7667440308465
13.857769118415
13.9458637237549
14.0311373604669
14.1137462721931
14.1939090622796
14.2718848122491
14.34793721305
14.4222847620646
14.4950916502211
14.5663683679369
14.6358772913615
14.7030495007833
14.7670189009772
14.826767762502
14.8813970883687
14.9304388893975
14.974125067393
15.0134787559509
15.0502752727932
15.0870058801439
15.1269267400106
15.1741914749146
15.2339382171631
15.3122271431817
15.4156771235996
15.5507232877943
15.7224790255229
15.9333372116089
16.1814663145277
16.4594259262085
16.7530906465318
17.0411691665649
17.2953978644477
17.4815457661947
17.5611965391371
17.494410832723
17.2431566450331
16.7754862043593
16.0702687369453
15.122148460812
13.9459727075365
12.5794758796692
11.0828790134854
9.53419589996338
8.01938168207804
6.61838187111749
5.39115113682217
4.36895783742269
3.55354939566718
2.92299073272281
2.44107707341512
2.06722899278005
1.76451755232281
1.50459406773249
1.26944235960643
1.05061359869109
0.846847756041421
0.660957364572419
