4.07519601373111
4.93732101777021
5.8019642829895
6.65789116130156
7.49287829679601
8.29371314890244
9.04653257482192
9.73756851869471
10.3542836133172
10.8867694069357
11.3292448941399
11.6813857134651
11.9492091571583
12.1450002333697
12.2858709447524
12.3908463085399
12.4770363078398
12.5561049966251
12.6322197633631
12.7022030774285
12.7576327604406
12.787950740141
12.7834851882037
12.7376278147978
12.6478612563189
12.5157410677742
12.3460896435906
12.1457338894115
11.9221262090346
11.6821431552663
11.4312550600837
11.1731183669146
10.9095505546121
10.640778204974
10.3658923541798
10.0834273731007
9.79191925946404
9.49035134034998
9.17842354493983
8.85667413823745
8.52647223192103
8.1898315373589
7.84911410948809
7.50670135722441
7.16471391565659
6.8248322430779
6.48820604997523
6.15543786217185
5.8266443084268
5.50160329482135
5.17995124704698
4.86140455919154
4.54593331673566
4.23385066144607
3.92581346455742
3.62275632689981
3.32579529986662
3.03612229403327
2.75491502705742
2.48325711839339
2.22207521691042
1.97208638752208
1.73378416720559
1.50748754950131
1.2934431328493
1.09194200003848
0.90340223382501
0.728379494127105
0.56750580558882
0.421392175971585
0.290541812558385
0.175297418718829
0.075815451441004
-0.00795667111764059
-0.07631047584993
-0.129804740341462
-0.169276712092516
-0.195823816911263
-0.210752494194928
-0.215500996831585
-0.211551950258367
-0.200347831582322
-0.183216330321396
-0.161309914773001
-0.135576889151707
-0.106779420748353
-0.0755493990967379
-0.0424443303696428
-0.00797407661208554
0.0274039844379706
0.0633070232237087
0.0994546312619658
0.135696710580412
0.172041946282501
0.208688349846531
0.24605157344109
0.2847737444236
0.325696544612155
0.369807948084439
0.418186208781074
0.471962584292187
0.532292222275453
0.600321112310185
0.677128954845316
0.763663386597353
0.8606857464594
0.968744597014259
1.08817421688753
1.21911292216357
1.3615361346918
1.51529713939218
1.68017049747355
1.85587792536792
2.04209943378673
2.2384841371985
2.44468537498923
2.66043745068943
2.88565982089323
3.12055994482601
3.36572487214032
3.62218842786901
3.89147198901457
4.17557514415068
4.4768911670236
4.79804351750542
5.14166655259974
5.51014891792746
5.90538092220531
6.3285065538743
6.77972005395328
7.25812348197488
7.76165830387789
8.2871415755328
8.83037898119758
9.3863837298225
9.94965216692756
10.514484573813
11.0753471150118
11.6271684310016
12.1655465294333
12.6868207033943
13.188066145953
13.6670450322768
14.1221538431504
14.5523680518655
14.9572116627413
15.3367437474868
15.6915527792538
16.0226876314949
16.3315398272346
16.6196240817799
16.8883620991426
17.1388576731962
17.3717827516444
17.5873396256391
17.785234339097
17.9646925084731
18.1244957867791
18.263058942907
18.3785964741426
18.4693398195155
18.5337988909553
18.5710387510412
18.5808839236989
18.5639973808737
18.5218398150276
18.4565210903392
18.3705986247343
18.2668987722958
18.1483413471895
18.0177578645594
17.8777119131649
17.7302910299862
17.5768444958855
17.4177932739258
17.2525133245132
17.0794708027559
16.8965803034165
16.7016635221594
16.4928997825174
16.2690678764792
16.0296974743114
15.7750933030072
15.5063258900362
15.225154540118
14.9338267270256
14.6347894107594
14.33039783029
14.0227838404038
13.7139307470883
13.4059212628533
13.1011912401985
12.8026689080631
12.5137358833762
12.2380415411556
11.9791770822862
11.7402900807998
11.523689326118
11.3304975734038
11.1602736080394
11.0106290368473
10.876771365895
10.751111872056
10.6230841243968
10.4793227700626
10.3042542513679
10.0811069712919
9.79327403797823
9.42593697940602
8.9678077136769
7.38681097591625
6.81014952940099
4.5162345942329
3.64549889284022
1.86550404043759
1.30304322523229
0.221504688262939
0.175131713642794
0
0
0
0
0
0
0
0
0
0
0
0
