-0.316811646927487
-0.281606954607097
-0.280988490039652
-0.320506819269874
-0.404402722011913
-0.534625432708047
-0.709694342179732
-0.92352921854366
-1.16443210298365
-1.41449621048841
-1.64983771064065
-1.84210348129272
-1.96156734769995
-1.98164923624559
-1.88395022804087
-1.66233978488229
-1.32470008866353
-0.891679002480073
-0.392901958643713
0.138032431968234
0.668357109820301
1.16978687318889
1.62065705927936
2.00662343068556
2.32024577530948
2.55985547195781
2.72807919979095
2.83032091097398
2.87341185049577
2.86456712809476
2.81073101000352
2.71831538460471
2.59325695037842
2.4412491755052
2.26801956241781
2.07956772500818
1.88233117352832
1.68326226012273
1.48977438191121
1.30950037999587
1.14983965727416
1.01733407953923
0.917007651857354
0.851846596395427
0.822578542611816
0.827816205945882
0.864473647014661
0.928274852985686
1.01420782296918
1.11688104949214
1.23084632645954
1.35095221346075
1.47271129488945
1.59256928075444
1.70797164873643
1.81721033562313
1.91916227340698
2.01306889172305
2.09844563224099
2.17510283712975
2.24319257316264
2.30322377248244
2.35602477463809
2.40268641981212
2.444505661726
2.4829228059812
2.51943511583588
2.55547275326469
2.59227441115813
2.63080592588945
2.67174363136292
2.71549950946461
2.76225991682573
2.81202867356214
2.86468652703545
2.9200808243318
2.97811916741458
3.03882772272283
3.10233281959187
3.16876617344943
3.23814396424727
3.31025556000796
3.384606144645
3.46040749549866
3.53661500323902
3.61199927330017
3.68524837493896
3.75508718057112
3.82038389552723
3.88022394613786
3.93395920233293
3.98125728693875
4.0221574306488
4.05711197853088
4.08697754686529
4.11295929822055
4.13651561737061
4.15924122116782
4.18275984850797
4.20863927494396
4.23833415725014
4.27314673770558
4.31419643488797
4.3623740456321
4.41829265247692
4.48222999139266
4.55408744378523
4.63337848403237
4.71926931901412
4.81066185777838
4.90629824725064
5.00488378784873
5.10519823161038
5.20617528395219
5.30694870515303
5.40684496272694
5.50537440993569
5.60224251313643
5.6973972754045
5.79110141233964
5.88400823419744
5.97719465602528
6.07212816585194
6.17053933577104
6.27421860261397
6.38477676564997
6.50344722921198
6.63091984662143
6.76726818084717
6.91195028478449
7.0638916275718
7.22163421457464
7.38347673416138
7.54761622168801
7.71221832795577
7.87547692385587
8.03564171357588
8.19101801785556
8.33994423259388
8.48080999200994
8.61215478723699
8.73282770677046
8.84220604463057
8.94043406573209
9.02866545590487
9.10931119051847
9.18623638153076
9.26486457477916
9.35213062979958
9.45630160245028
9.5866174697876
9.75269109552557
9.9637115651911
10.2274193330245
10.5489661476829
10.9296860261397
11.3659272627397
11.8480617349798
12.3599621165882
12.8792234767567
13.3785866824063
0
0
0
0
0
0
0
0
0
0
0
0
0
0
0
0
0
0
0
0
0
0
0
0
0
0
0
0
0
0
0
0
0
0
0
0
0
0
0
0
0
0
0
0
0
0
0
0
0
0
0
0
0
0
0
0
0
0
0
0
0
0
0
0
0
0
0
0
0
