-0.167245684901164
0.0710010821265834
0.276899027238999
0.450190085740316
0.591549388709522
0.703121351344245
0.789507498343786
0.859056003036953
0.925168307054611
1.00719407910392
1.13032862118312
1.32382056542805
1.61697403022221
2.03323838824318
2.58399473485493
3.26439109302702
4.05293799581982
4.91503951663063
5.80911911101568
6.69324000676473
7.53046256019956
8.2921020871117
8.9589330128261
9.52088287898472
9.97578875223796
10.3276949837094
10.5849770137242
10.7585401535034
10.8602723167056
10.9019312631516
10.8944432848976
10.8475261869885
10.7695757093884
10.6677421842303
10.548121815636
10.415955498105
10.2757402147566
10.1312313079834
9.9853891645159
9.84027948833647
9.69700141180129
9.55565538860503
9.41537480127244
9.27446410769508
9.13062913077218
8.9812661579677
8.82378205798921
8.65594250815255
8.47620512190319
8.28399851208641
8.07987717219761
7.86550921485538
7.64349980581374
7.4170880317688
7.18980845950899
6.96516827174595
6.74639735903059
6.53624048687163
6.33682518913632
6.14959912073045
5.97536550249372
5.81436450140817
5.66639723096575
5.53093780790056
5.40724272955032
5.2944446745373
5.19161980492728
5.09782954624721
5.01213884353638
4.93362812768845
4.8614182472229
4.79471054531279
4.73285391217186
4.67539730526152
4.62212601162138
4.57305971781413
4.5283974692935
4.48842927387783
4.45343189012437
4.42356774920509
4.39882252329872
4.37896412894839
4.36355464799064
4.35200657163348
4.34367327463059
4.33794273648943
4.33429754348028
4.33230470475696
4.33155332292829
4.33157503037226
4.33179337637765
4.33153783707392
4.33012104034424
4.32694812048049
4.32163052331834
4.31408702759516
4.30459844498407
4.29379824229649
4.28256579807826
4.27186268851871
4.26253016789754
4.25510535921369
4.24970865249634
4.24603945868356
4.24350609098162
4.24142542339507
4.23925336201986
4.23676865441459
4.23418131328764
4.23219115393502
4.23200879778181
4.23535408292498
4.2444121497018
4.26176790964036
4.2902968951634
4.33301058269682
4.39286207017444
4.47251973833357
4.57414847328549
4.69920160656884
4.84826794124785
5.02096117110479
5.21589667456491
5.43074408031645
5.66236852464222
5.90703224000477
6.16062877291725
6.41891763323829
6.67775801249913
6.93333030882336
7.18236305600121
7.42234631947109
7.65171396164667
7.86996739251273
8.07770978836786
8.27659606933594
8.46921689169747
8.65893663678851
8.84968435196649
9.04568803878058
9.25112179347447
9.46968900589716
9.70417962755476
9.95606372469947
10.2251517432077
10.5093470982143
10.8044782820202
11.1042293366932
11.4001701899937
11.6818976629348
11.9373264312744
12.1531586419968
12.3155635197957
12.4111159188407
12.4279549916585
12.3571478979928
12.1941210428874
11.9400367282686
11.6028362909953
11.1976428713117
10.7460870742798
0
0
0
0
0
0
0
0
0
0
0
0
0
0
0
0
0
0
0
0
0
0
0
0
0
0
0
0
0
0
0
0
0
0
0
0
0
0
0
0
0
0
0
0
0
0
0
0
0
0
0
0
0
0
0
0
0
0
0
0
0
0
0
0
0
0
0
0
0
