4.19443966945012
4.97404837608337
5.74051058292389
6.4842582543691
7.19420897960663
7.85794945557912
8.46253347396851
8.99581050872803
9.44815103212992
9.81427709261576
10.0947593053182
10.2966043949127
10.4324269294739
10.5180559953054
10.5689474741618
10.5964709917704
10.6053534348806
10.5931150913239
10.551585594813
10.4698436260223
10.3375262419383
10.1474865277608
9.89719581604004
9.58887950579325
9.22873202959696
8.82564918200175
8.38988554477692
7.93186755975087
7.46128380298615
6.98645969231923
6.5140411456426
6.04897387822469
5.59468086560567
5.15332492192586
4.72611880302429
4.31368972857793
3.91647112369537
3.5350320537885
3.1702774365743
2.82351416349411
2.49639173348745
2.19076496362686
1.90848431984584
1.65114023288091
1.41979363560677
1.21474330623945
1.03540672361851
0.880370731155078
0.747610256075859
0.634815886616707
0.539736586312453
0.460462229947249
0.395584118862947
0.344199982782205
0.305771547059218
0.279895216226578
0.266064610332251
0.263499361773332
0.271075283487638
0.287367856750886
0.310805094738801
0.339903948207696
0.373513221740723
0.41096506267786
0.452088168511788
0.497121339042981
0.546602630366882
0.60129518310229
0.662161899109681
0.730360259612401
0.807225483159224
0.894223312536875
0.992881879210472
1.10471496979396
1.23114127914111
1.37339071929455
1.5323964258035
1.70867729187012
1.90224875013034
2.11258925994237
2.33868923783302
2.57918747266134
2.8325501481692
3.09724042812983
3.37182209889094
3.65498985846837
3.9455606341362
4.24244330326716
4.54461908340454
4.85111884276072
5.1609966357549
5.47332044442495
5.78715666135152
6.10154891014099
6.41548065344493
6.72784813245138
7.03744391600291
7.34297784169515
7.64311822255452
7.93654016653697
8.22197568416595
8.49825696150462
8.76433332761129
9.01926056543986
9.26218231519063
9.49232570330302
9.70904040336609
9.91186817487081
10.1006315549215
10.2754643758138
10.436795314153
10.5852650801341
10.7216324011485
10.8467024962107
10.9612885316213
11.066211382548
11.1623574097951
11.2507553100586
11.3326919078827
11.4098388353984
11.484343846639
11.5588736534119
11.6365362803141
11.7207024097443
11.8147272268931
11.9216179052989
12.0436658064524
12.1821309725444
12.3369698524475
12.5066567262014
12.688143491745
12.8769586881002
13.0674701531728
13.2532844543457
13.4277704556783
13.5846019585927
13.7182797590892
13.8245581785838
13.9007226626078
13.9457318782806
13.9601840178172
13.9461609522502
13.9069330692291
13.8465982278188
13.7696877320608
13.6807740529378
13.5841676394145
13.4837074279785
13.3826434612274
13.2836192448934
13.1886716683706
13.0992905298869
13.0164692401886
12.9407332738241
12.8721311887105
12.8102074464162
12.7540145715078
12.7021843592326
12.6530652840932
12.604877948761
12.5559004147847
12.5046850045522
12.4503268400828
12.3927725156148
12.3330859343211
12.2735914389292
12.2177918752035
12.1700614293416
12.1351491610209
12.1176288127899
12.121378103892
12.14919257164
12.2025170326233
12.2813370227814
12.3842109839121
12.5084493954976
12.6503461996714
12.8054254055023
12.968730767568
13.1351571877797
13.2998596827189
13.4586845239004
13.6085061232249
13.7474402586619
13.8748736381531
13.9913394451141
14.0983696778615
14.1983607610067
14.2945481936137
14.3910431861877
14.4928285280863
14.6056683063507
14.7358508904775
14.8898101647695
15.0736331939697
15.2924486001333
15.549742380778
15.8466960589091
16.181677420934
16.5498467286428
16.9428868293762
17.3486704826355
17.7509547869364
18.1291681925456
18.458572546641
18.7108330726624
18.855229695638
18.8605130513509
18.6975806554159
18.3427898089091
17.7815896670024
17.012069384257
16.0477312405904
14.9188300768534
13.6713922023773
12.3632777531942
11.0572299957275
9.81190824508667
8.67307885487874
7.66755449771881
6.80155607064565
6.06366209189097
5.43090200424194
4.87582008043925
4.3725225130717
3.90063629547755
3.44702275594076
3.00567954778671
2.57648974657059
2.1633947690328
