5.00326988276313
5.22651499860427
5.42241845411413
5.59028314141666
5.7277626991272
5.83115398182589
5.89636039733887
5.92035388946533
5.90299816692577
5.84900345521815
5.76933218451107
5.6810611556558
5.60502346824197
5.56148823569803
5.56527095682481
5.6221778533038
5.7280855178833
5.87073954413919
6.03326239305384
6.19793847027947
6.34918855218326
6.47527708726771
6.56886384066413
6.62669294020709
6.64875058566823
6.6371891077827
6.59528053508085
6.52661376840928
6.43460986193489
6.32229294496424
6.19224368824678
6.04667441985186
5.88758729485904
5.71696685342228
5.53692876591402
5.34979110605576
5.15804231868071
4.96427320031559
4.77110506506527
4.58113563761992
4.39688306696275
4.2207184679368
4.05477063796099
3.9008416147793
3.7603439022513
3.63426618015065
3.52318299517912
3.42729691898122
3.34651606223163
3.28053247227388
3.22887816148646
3.19094892109142
3.1660082059748
3.15320145382601
3.15159570469576
3.16023275431465
3.17817570181454
3.20454200576333
3.23853125291712
3.27946267408483
3.32682243515463
3.38030237310073
3.43980059904211
3.50536356252782
3.57707745888654
3.65495958047755
3.73888764661901
3.82857994472279
3.92362308502197
4.02351303661571
4.12767852053923
4.23545632642858
4.34603820127599
4.45842350230497
4.57143688201904
4.68381364205304
4.79434539290035
4.90201734094059
5.00610456747167
5.10621495807872
5.20228551415836
5.29453755827511
5.38341823746176
5.4695260664996
5.55354269813089
5.63613857942469
5.71788375517901
5.79916878307567
5.88019194322474
5.96102448070751
6.04171775369083
6.12241276572732
6.20340394973755
6.28514517054838
6.36821561701158
6.45324305927052
6.54080752765431
6.63132429122925
6.72494529275333
6.82149275611429
6.92046232784496
7.02107530481675
7.12238917631262
7.22341360765345
7.32322081397561
7.42101083082311
7.51615311117733
7.60822312972125
7.69708243538352
7.78297261630788
7.8666244394639
7.94930853563196
8.03285946565516
8.11966545441571
8.2126278035781
8.31506448633531
8.43053071639117
8.56259834065157
8.71457475774428
8.88919241288129
9.08824763578527
9.31229995278751
9.56043192919563
9.83011481341194
10.1172151004567
10.4162040037267
10.7205439174876
11.0232293185066
11.3173390556784
11.596536580254
11.8554729012882
12.0900520997889
12.2975841971005
12.476822236005
12.6279438804178
12.7524346183328
12.8529263664694
12.9329795837402
12.9968078837675
13.0489741493674
13.0940684150247
13.1364232792574
13.1798500173232
13.2274247898775
13.2813436283785
13.3428392410278
13.4121991886812
13.4888260785271
13.5713544172399
13.6577691470875
13.7455240137437
13.8316810271319
13.9130870594698
13.9865984636195
14.0493316650391
14.0989246929393
14.1337506911334
14.1530591740328
14.1570308348712
14.1467096665326
14.1238218756283
14.0905101439532
14.0490429822136
14.001555891598
13.9498789731194
13.8954618678373
13.8393151339363
13.7820113125969
13.723697494058
13.6641958461088
13.6031765657313
13.5403759900261
13.4757899116067
13.409805690541
13.3432602040908
13.2773777456845
13.2136351641487
13.1535083546358
13.0981995638679
13.048365873449
13.0039990929996
12.9644614948946
12.9286987080294
12.8955240810619
12.8638791476979
12.8330255957211
12.8026583054486
12.7730264102711
12.7450564328362
12.7204762627097
12.7018966674805
12.6928595374612
12.6978063022389
12.7219020058127
12.7706601198982
12.84932383369
12.9620484744801
13.1109260110294
13.2949362923117
13.5089128157672
13.7426073971917
13.9800158107982
14.1991137897267
14.372161248151
14.4667434692383
14.4476247114294
14.2795462327845
13.9310280855964
13.3789779999677
12.6136215434355
11.6429640826057
10.4958117989933
9.22231960296631
7.89091079375323
6.58066000657923
5.36955760507023
4.3217708643745
3.47844105608323
2.85466338606442
2.44217031142291
2.21532485765569
2.13782674424789
0.78420054211336
0.69015523966621
0.167039801092709
0.171642303466797
0
0
0
0
