2.84987018505732
3.42896737655004
3.99039719502131
4.52596610784531
5.02662138144175
5.48289815584819
5.88602006435394
6.22955930233002
6.51138647397359
6.73550514380137
6.91330289840698
7.06376365820567
7.21222229798635
7.3872932990392
7.61582434177399
7.91660845279694
8.29495942592621
8.74065065383911
9.23013170560201
9.73187136650085
10.2127312024434
10.6435524622599
11.0028688907623
11.2784238656362
11.4668011665344
11.5717571576436
11.6019271214803
11.5684119065603
11.4826951821645
11.355130036672
11.1940699418386
11.0055946509043
10.7936964035034
10.560777982076
10.3083175818125
10.0374925931295
9.74964261054993
9.44647216796875
9.13005216916402
8.80271736780802
8.46692204475403
8.12513609727224
7.77972122033437
7.43280017375946
7.08613586425781
6.74103359381358
6.39834288756053
6.05856247742971
5.72202877203623
5.38910289605459
5.06030344963074
4.73638351758321
4.41834982236226
4.10744551817576
3.80510399738948
3.51287313302358
3.23230189085007
2.96478851636251
2.71144396066666
2.47303362687429
2.25000513593356
2.04255633552869
1.85069663325946
1.67429063717524
1.51308597127597
1.36672725280126
1.23476947347323
1.11671228706837
1.01205584903558
0.920344457030296
0.841174826025963
0.774158790707588
0.718860407670339
0.674739509820938
0.641124464571476
0.617219204703967
0.602140518526236
0.594978454212348
0.594866265853246
0.601041960219542
0.612880845864614
0.629887955884139
0.651664637029171
0.677877520521482
0.708256103098392
0.742621059219042
0.780919477343559
0.823241745432218
0.869803860783577
0.920908232529958
0.976908251643181
1.03818348050117
1.10512853662173
1.17812582850456
1.25749269624551
1.34340675671895
1.43583004176617
1.53444827596347
1.63865496218204
1.74758632977804
1.86020585894585
1.97542044520378
2.0922163327535
2.20980061093966
2.32774505019188
2.44609397649765
2.56541470686595
2.68676480650902
2.81161110599836
2.94174614548683
3.07923144102097
3.22635785738627
3.38558844725291
3.55947891871134
3.75056326389313
3.96119640270869
4.19337115685145
4.44853599866231
4.72745184103648
5.03012027343114
5.35578954219818
5.70300225416819
6.06969082355499
6.45327540238698
6.85078525543213
7.25900197029114
7.67462452252706
8.09438316027323
8.51514748732249
8.93397303422292
9.34815736611684
9.75530958175659
10.1533964474996
10.5407959620158
10.9163101514181
11.2791548569997
11.6289029121399
11.9653916358948
12.2886435190837
12.5988097190857
12.8961508274078
13.1809825102488
13.4535947640737
13.7141630649567
13.962680498759
14.1988940238953
14.4222820599874
14.6320474942525
14.8271471659342
15.0063361326853
15.1682069301605
15.3113152186076
15.4343722661336
15.5364388624827
15.6170959472656
15.6765478452047
15.7156448364258
15.7358229955037
15.7389625708262
15.7272032101949
15.7027230262756
15.6675333182017
15.623299519221
15.5711890856425
15.511771996816
15.4449423154195
15.369908173879
15.2853044668833
15.1894482771556
15.0806814829508
14.9577572345734
14.8201843102773
14.6685121059418
14.5044163862864
14.3305865128835
14.1504126389821
13.9675548871358
13.7854959170024
13.6071446736654
13.4344890912374
13.2683255672455
13.1081142425537
12.9520615736643
12.797355890274
12.6405093669891
12.4776814778646
12.3049204349518
12.1183667182922
11.9144563674927
11.6901042461395
11.4429105122884
11.1714224815369
10.8755044937134
10.5567881266276
10.2191456953684
9.86903341611226
8.77661275863647
8.45977449417114
7.42169038454692
7.17047214508057
4.25017519791921
4.12503222624461
2.68527746200562
2.6112132469813
0.650544762611389
0.623067339261373
0
0
0
0
0
0
0
0
0
0
0
0
0
0
0
0
0
0
0
0
0
0
0
0
