3.56245772655194
4.44088183916532
5.27438834997324
6.04352389849149
6.73088092070359
7.32248783111572
7.80938152166513
8.18912293360784
8.46699267167311
8.65655385530912
8.77912315955529
8.86155055119441
8.93188821352445
9.01339486929086
9.11894644223727
9.24837053739108
9.38982714139498
9.52414101820726
9.63010538541354
9.68905419569749
9.68776534153865
9.61950346139761
9.48361250070425
9.28424622462346
9.02880279834454
8.72643588139461
8.3867785013639
8.01907935509315
7.63168103878315
7.2318462225107
6.82579337633573
6.41880611272959
6.01537315662091
5.61930396006658
5.23384769146259
4.86178482495821
4.50548872580895
4.16698279747596
3.84796934861403
3.54984850149888
3.27371567946214
3.02035113481375
2.79024048034961
2.58363212988927
2.40059149265289
2.24099742449247
2.10446133980384
1.99021973976722
1.89705551129121
1.82327741384506
1.76677158245674
1.72512048482895
1.69577730160493
1.67628054435437
1.66445139279732
1.65854457708505
1.65732095791743
1.66005465159049
1.66649619432596
1.67680162649888
1.69143685927758
1.7110563149819
1.73635511214917
1.76791380918943
1.80607546292818
1.85092408840473
1.90236218159015
1.96024223474356
2.0244902739158
2.09516619718992
2.17244792901553
2.25654402145973
2.34756075418912
2.44536526386554
2.54948606857887
2.65908087216891
2.77297872763414
2.88977663333599
3.00796585816603
3.12606237484859
3.24272177769588
3.35680715854351
3.46741153643681
3.5738560970013
3.675673191364
3.77258408986605
3.86447319617638
3.9513740172753
4.03345471162062
4.11100007937505
4.18438773888808
4.25407774631794
4.32062385632442
4.38469219207764
4.44706828777607
4.50864489261921
4.57039524958684
4.63333412317129
4.69847558094905
4.76678114670974
4.83910998931298
4.91615491646987
4.99839331553533
5.08604200069721
5.17903177554791
5.27698736924392
5.37923372708834
5.48486984693087
5.5929069519043
5.70242404937744
5.81270606701191
5.92332011002761
6.03413409453172
6.14527959090013
6.25708429629986
6.37003777577327
6.48479014176589
6.60220744059636
6.72343940001268
6.8499651321998
6.98360413771409
7.12649840574998
7.28106054892907
7.4498920073876
7.63564362892738
7.84080996880165
8.06745877632728
8.31693612612211
8.58959564795861
8.88462668198806
9.20000531123235
9.5326022368211
9.87838297623854
10.2326946992141
10.5905649478619
10.9469970556406
11.2972455391517
11.6370559105506
11.9628708912776
12.2719764709473
12.5625726259672
12.8337821226854
13.0855768643893
13.3186483383179
13.5342385218694
13.7339919163631
13.9198058201716
14.0937044437115
14.2576850010799
14.4135573460506
14.5627654882578
14.7062773337731
14.8445833646334
14.9777507048387
15.1056144420917
15.2279114356408
15.3444417073176
15.4551828090961
15.560416661776
15.6608137717614
15.7575027025663
15.8520692678598
15.9465078940758
16.0431527357835
16.1445762927716
16.2534432777992
16.3722856228168
16.5031945155217
16.6474704742432
16.8053176586445
16.9756917219896
17.1563012049748
17.3437656989464
17.5339056161734
17.7220953427828
17.9036612877479
18.0742777310885
18.2303311274602
18.3691507486197
18.4891329545241
18.5896861736591
18.6710819831261
18.7342271071214
18.7805590996375
18.8119985140287
18.830963574923
18.8403879312369
18.8438041393573
18.8453757946308
18.849864079402
18.8623940394475
18.8881090604342
18.931831066425
18.9977989196777
19.0894327897292
19.2089183513935
19.356624016395
19.5303572141207
19.7245324941782
19.9292433812068
20.1293327624981
20.3037231151874
20.4252589299129
20.4612834636982
20.3751093057486
20.128466972938
19.6848864922157
19.0138480846698
18.095364350539
16.9244546156663
15.515005331773
13.9023044292743
12.1433560298039
10.3137117532583
8.49972629547119
6.78654846778283
5.24494963425856
3.92158132333022
2.83558533741878
1.98145771026611
1.33601002509777
0.866711398729911
0.539081348249545
0.321722920697469
0.188638930423902
0.119306257137885
0.0974091248443494
0.109172678051087
0.106418445992928
0.13895182354519
