-1.15830304989448
-1.53927428905781
-1.93033075332642
-2.32898820363558
-2.73184897349431
-3.13427101648771
-3.53018637803885
-3.91211456518907
-4.27141332626343
-4.59877285590539
-4.88495298532339
-5.12168748562153
-5.30263042449951
-5.42412523122934
-5.48558957760151
-5.48937096962562
-5.44006960208599
-5.3435200544504
-5.2057707126324
-5.03244887865507
-4.828681909121
-4.59947303625253
-4.35024587924664
-4.08720995829656
-3.81731075506944
-3.54768210190993
-3.28474628008329
-3.03327752993657
-2.79579246961153
-2.57252339216379
-2.361977824798
-2.16187440432035
-1.97013052610251
-1.78565200475546
-1.60876822471619
-1.44125964091374
-1.28599690932494
-1.14628522671186
-1.02506892497723
-0.924192158075479
-0.84387657734064
-0.782513286058719
-0.736798291022961
-0.70218330850968
-0.673556456199059
-0.646021790229357
-0.615623276967269
-0.579878424222653
-0.5380342820516
-0.491026310966565
-0.44116893181434
-0.391642696009232
-0.345877408981323
-0.306947419563165
-0.277080490038945
-0.257348829737076
-0.247576623295362
-0.246464592333023
-0.251897257681076
-0.261367270006583
-0.272430380949607
-0.283101558685303
-0.292119827408057
-0.299043165949675
-0.304171773103567
-0.308333808412919
-0.312588902620169
-0.317915933636519
-0.324950076066531
-0.333821389537591
-0.344121743853276
-0.354998611486875
-0.36534815453566
-0.37406371648495
-0.380289875544035
-0.383634656667709
-0.38429847245033
-0.383088083221362
-0.381298991350027
-0.380483454236617
-0.382162897632672
-0.387564988090442
-0.397449507163121
-0.412046785538013
-0.431099252058909
-0.453975904446382
-0.479815432658562
-0.50766322016716
-0.536581768439366
-0.565737162645046
-0.59446180325288
-0.622292541540586
-0.648977242983305
-0.674447582318233
-0.698759652101077
-0.722010850906372
-0.744245698818794
-0.765373019071726
-0.785116548721607
-0.803020665278802
-0.818525428955372
-0.831103783387404
-0.840425317104046
-0.846491098403931
-0.84970026749831
-0.850837061038384
-0.850985059371361
-0.851392154510205
-0.853314734422244
-0.857875159153571
-0.865952230416811
-0.878114961660825
-0.894603284505697
-0.915360858807197
-0.940109335459196
-0.968443732995253
-0.999917117448954
-1.03409199989759
-1.07055250497965
-1.10889199146858
-1.14870041150313
-1.18956932654748
-1.23112529974717
-1.2730841086461
-1.31530023538149
-1.35778269400963
-1.40067675480476
-1.44421809453231
-1.48867680476262
-1.53429222106934
-1.58119540948134
-1.62932845262381
-1.67838372634007
-1.72778186431298
-1.77670387121347
-1.82417093790494
-1.86916809815627
-1.91079667898325
-1.94843742480645
-1.98188156348008
-2.01138753157396
-2.03764195625599
-2.06162637013655
-2.08443355560303
-2.10709186700674
-2.13043501743904
-2.15503621101379
-2.18119377356309
-2.20894856636341
-2.2381329536438
-2.2684188072498
-2.29936746450571
-2.33047375312218
-2.36121781055744
-2.39112315728114
-2.41979377086346
-2.44692740073571
-2.47228417029748
-2.49565234551063
-2.5167990739529
-2.53543081650367
-2.5511606656588
-2.5634857232754
-2.57176962265602
-2.57524762703822
-2.57305356172415
-2.56427900607769
-2.54806264547201
-2.52369155333592
-2.49072157419645
-2.44910213580498
-2.39929420214433
-2.3423525094986
-2.27993228802314
-2.21419350000528
-2.14759672605074
-2.08260786533356
-2.02136958562411
-1.96542109892919
-1.9155724965609
-1.87197710000552
-1.8343867797118
-1.8024810552597
-1.77613186836243
-1.75551500687232
-1.74104309999026
-1.73316926222581
-1.7321326640936
-1.73773845342489
-1.74924536851736
-1.76539618235368
-1.78458518248338
-1.80510919827681
-1.82545208013975
-1.84454471331376
-1.86195708238162
-1.87798547744751
-1.89362988105187
-1.91045210911677
-1.93033221134773
-1.95514552409832
-1.98639268141526
-2.02482518782982
-2.07009536486406
-2.12045715405391
-2.17252668967614
-2.22112578612108
-2.25924235123854
-2.27816290121812
-2.26783127051133
-2.21747295673077
-2.11648533894466
-1.95556384783525
-1.72797658810249
-1.43086283023541
-1.06636089086533
-0.642329234343309
-0.172458270994517
0.324305922939227
0.824992858446561
1.30443182358375
1.73753821849823
2.10174528452066
2.37911325234633
2.55775862473708
2.63249633862422
2.60482786251948
2.48251324433547
1.74956074127784
1.54491957334372
