-1.30214940465015
-1.43408561789471
-1.57351817255435
-1.72194481932599
-1.88022693343784
-2.04826311443163
-2.22474999013154
-2.40705820788508
-2.59125345686208
-2.77229804578035
-2.94442594569662
-3.10163112308668
-3.23820906100066
-3.34929149047188
-3.4313166556151
-3.48238075297812
-3.50241516984027
-3.4931321973386
-3.45769224996152
-3.40010431538457
-3.3244758585225
-3.23431252396625
-3.13208157083263
-3.01916216767353
-2.89618553286013
-2.76362590167833
-2.62241529381793
-2.47434824445973
-2.32213885887809
-2.16912176298059
-2.01872757725094
-1.87392195929652
-1.73680355237878
-1.60846998380578
-1.48915345772453
-1.37854326807934
-1.27616258289503
-1.1816817962605
-1.09509630047757
-1.01674432858177
-0.947198515352995
-0.887081879636516
-0.836864860161491
-0.796681940555573
-0.766201838203099
-0.744577742141226
-0.73048632559569
-0.722247298644937
-0.718004427526308
-0.71594416965609
-0.714520368887031
-0.712645684895308
-0.70980399976606
-0.706050933703132
-0.701903360045474
-0.69815315630125
-0.695653342682382
-0.695123786511629
-0.697014298128045
-0.701450951721357
-0.708267936240072
-0.717107202695764
-0.727555429158003
-0.739281515712323
-0.752146736435268
-0.766258482051932
-0.78195010708726
-0.799684001051861
-0.819906467976777
-0.842898091544276
-0.868658314580503
-0.896844003511512
-0.92677831131479
-0.957533776760101
-0.988074136816937
-1.01741907648418
-1.04478944643684
-1.06970773572507
-1.09204228028007
-1.11200162897939
-1.13008520395859
-1.14699955867684
-1.16354821039283
-1.18051026696744
-1.19852993021841
-1.21803656090861
-1.23921012878418
-1.26199101624282
-1.28612551222677
-1.31123725227688
-1.33691084384918
-1.36277437728384
-1.38856441559999
-1.41416418034097
-1.43960738182068
-1.46504210389179
-1.49065957898679
-1.51659398493559
-1.54282645557238
-1.56912833711375
-1.59506256684013
-1.62004177984984
-1.64342718539031
-1.66464293003082
-1.68327940028647
-1.69915904169497
-1.71236010738041
-1.72320614172065
-1.73222060307212
-1.7400336265564
-1.74725303442582
-1.75433025671088
-1.76146437810815
-1.76856927249743
-1.775304167167
-1.78114831965903
-1.78549835992896
-1.78776660691137
-1.78745925944784
-1.78422255619712
-1.77785811216935
-1.76832475351251
-1.75572558589604
-1.74027008595674
-1.72221437226171
-1.70179938233417
-1.67920702954997
-1.6545414665471
-1.62783798445826
-1.59909754732381
-1.56834334912507
-1.53568487063698
-1.50138036582781
-1.46587735673656
-1.42982132538505
-1.39401919427125
-1.35936464952386
-1.32674360275269
-1.29693951814071
-1.27056549943012
-1.24802908171778
-1.22952444138734
-1.21504839606907
-1.20442800936492
-1.19735538959503
-1.19342305867568
-1.19216088626696
-1.19307366661403
-1.19567760177281
-1.19952622185583
-1.20422090654788
-1.20940502311872
-1.21475415126137
-1.21997548186261
-1.22481587658758
-1.22907431229301
-1.23261588034423
-1.23538884390955
-1.23744942830956
-1.23898297807445
-1.2403086475704
-1.24185708813045
-1.24411716150201
-1.2475657152093
-1.25259199349777
-1.25942303305087
-1.26806930873705
-1.27830987391265
-1.28972384722336
-1.30176070980404
-1.3138283646625
-1.32537727252297
-1.33597370334294
-1.34535808148591
-1.3534866830577
-1.36053899578426
-1.36688544957534
-1.37301289516947
-1.37942278903464
-1.3865302697472
-1.39460142280744
-1.40375441571941
-1.41401632454084
-1.42539760859116
-1.43794063381527
-1.45172113957612
-1.4668063858281
-1.48319392100624
-1.50075170786484
-1.51917855117632
-1.53800516543181
-1.55664682906607
-1.57451005085655
-1.59112215042114
-1.60624876747961
-1.61996866309124
-1.63269521360812
-1.64515102427939
-1.65830842308376
-1.67330498799034
-1.69134092330933
-1.71356344741324
-1.74093630521194
-1.7740797996521
-1.81307151524917
-1.85720591959746
-1.90475565454234
-1.95278551267541
-1.99706650298575
-2.03210456474968
-2.05130261441936
-2.04728770774344
-2.01242798825969
-1.9395455951276
-1.82279464472895
-1.65862446764241
-1.44669351370438
-1.19056335739467
-0.89798550242963
-0.58065052136131
-0.253398354934609
0.0669955396619828
0.363298173831857
0.619423524193142
0.786245146523351
0.920244999553846
0.901136989178865
0.909007735874342
0.259079816548721
0.234283543151358
