-0.918817490339279
-1.1140633225441
-1.32268439233303
-1.54704324404399
-1.7881602148215
-2.04511632521947
-2.31464353203773
-2.59099338452021
-2.86613235870997
-3.13025965293249
-3.37259980042775
-3.58236930767695
-3.74978890021642
-3.86699815591176
-3.92875546216965
-3.93285650014877
-3.8802182674408
-3.77461393674215
-3.6220916112264
-3.43018953005473
-3.20708608627319
-2.96087849140167
-2.69909866650899
-2.4285236398379
-2.1552426914374
-1.88488282759984
-1.62284100055695
-1.37436140576998
-1.14438341061274
-0.937178030610085
-0.755905772248904
-0.602240905165672
-0.476185443500678
-0.376118861138821
-0.299074011544387
-0.241183773924907
-0.198212170352538
-0.166074328124523
-0.141266094520688
-0.121149853803217
-0.104068929019074
-0.0892868181302523
-0.0767779796927546
-0.0669261825581392
-0.0602015503682196
-0.0568879152609346
-0.0569168396905297
-0.0598380673327483
-0.0649223348445958
-0.0713598691509105
-0.0784919674042612
-0.0860050091675172
-0.0940234677206414
-0.103068485797849
-0.113888631012135
-0.127206322766142
-0.143446984079977
-0.162522285400579
-0.183731806309273
-0.205819745470459
-0.227176866183678
-0.246133049329122
-0.261265097185969
-0.271650619804859
-0.277020511527856
-0.277792599052191
-0.274991291264693
-0.270072893549999
-0.264691444734732
-0.260443537185589
-0.258629222710927
-0.260063556333383
-0.264974646270275
-0.273011366526286
-0.283353162308534
-0.29488813628753
-0.306421525776386
-0.316885881125927
-0.325523316860199
-0.332003384828568
-0.336447176833947
-0.339350566267967
-0.341436838110288
-0.343491561710835
-0.346218697726727
-0.350132989386717
-0.355498852829138
-0.362325203915437
-0.370412719746431
-0.379436299204826
-0.389046760896842
-0.398980153103669
-0.409157544374466
-0.419750777383645
-0.431194871664047
-0.44414347410202
-0.459382869303226
-0.477731188138326
-0.499939508736134
-0.526607565581799
-0.558121651411057
-0.594630360603333
-0.636057001849016
-0.682145625352859
-0.732536837458611
-0.786870683232943
-0.844898660977682
-0.906563525398572
-0.972004055976868
-1.0414748142163
-1.11521992087364
-1.19336855908235
-1.27590122818947
-1.36268032590548
-1.45352191726367
-1.54826338092486
-1.64679804444313
-1.74904991189639
-1.85490714510282
-1.96413626273473
-2.07631277044614
-2.19078630208969
-2.30668077866236
-2.42292733987172
-2.53831853469213
-2.65157159169515
-2.76139316956202
-2.86654621362686
-2.96591460704803
-3.05856557687124
-3.1437993645668
-3.22118590275447
-3.29058921337128
-3.35218139489492
-3.40644373496374
-3.454143623511
-3.49628674983978
-3.53404357035955
-3.56865247090658
-3.60130391518275
-3.6330037911733
-3.66443232695262
-3.69582988818487
-3.72694228092829
-3.75705740849177
-3.78513411680857
-3.80999012788137
-3.83049273490906
-3.84571349620819
-3.85501146316528
-3.85804973045985
-3.85474554697673
-3.84519120057424
-3.82958006858826
-3.80816243092219
-3.7812273701032
-3.74909826119741
-3.7121367653211
-3.6707497437795
-3.62539064884186
-3.57656304041545
-3.52480820814768
-3.4706978003184
-3.4148230155309
-3.35779146353404
-3.30022261540095
-3.24274015426636
-3.18593362967173
-3.13029978672663
-3.07617205381393
-3.02366709709167
-2.9726691643397
-2.92284820477168
-2.87370649973551
-2.82464661200841
-2.77504394451777
-2.72433990240097
-2.67214578390121
-2.6183448433876
-2.56315831343333
-2.50712454319
-2.45097637176514
-2.39543950557709
-2.34102016687393
-2.2878547112147
-2.23565948009491
-2.18378567695618
-2.13134427865346
-2.07735537489255
-2.02088379859924
-1.96112951636314
-1.89746105670929
-1.82939639687538
-1.75657059748967
-1.678707609574
-1.59561126430829
-1.3952650030454
-1.307907919089
-1.10825180013975
-1.02137198050817
-0.578725606203079
-0.522741069396337
-0.313451354702314
-0.279360954960187
-0.0682791322469711
-0.0608166009187698
0
0
0
0
0
0
0
0
0
0
0
0
0
0
0
0
0
0
0
0
0
0
0
0
