-1.59679873366105
-1.69923833796853
-1.80383820282786
-1.91027425464831
-2.0177690418143
-2.12498154138264
-2.22997163471423
-2.33024299772162
-2.42288412545857
-2.50481408520749
-2.57310640184503
-2.62530558987668
-2.65967248615466
-2.67531829131277
-2.67222694346779
-2.65119506183424
-2.61370367752878
-2.5617322670786
-2.49752643233851
-2.42333654353493
-2.3411549957175
-2.2525021026009
-2.15834101877714
-2.0591867722963
-1.95539396687558
-1.84750911436583
-1.73654297778481
-1.62406559994346
-1.51210099144986
-1.40287572459171
-1.29851186275482
-1.20074393874721
-1.11073020257448
-1.02899723617654
-0.955514063960628
-0.889852398320248
-0.831374598176856
-0.779402048964249
-0.733334685626783
-0.692715428377453
-0.657237056054567
-0.626689474833639
-0.600871705695202
-0.579502922923941
-0.562160175097616
-0.548257228575255
-0.537074846656699
-0.527853190898895
-0.519927043663828
-0.512856619922738
-0.506503669839156
-0.501028457754537
-0.496815005415364
-0.494356865945615
-0.494132586215672
-0.496492495662288
-0.50157946191336
-0.509304067021922
-0.519376224593112
-0.531373980798219
-0.544823947705721
-0.559275446753753
-0.574364993133043
-0.589871445768758
-0.605758078788456
-0.622187956383354
-0.639501841444718
-0.658159271666878
-0.678657845446938
-0.701450504754719
-0.726877504273465
-0.75512231964814
-0.786190199224572
-0.819911762287742
-0.855980139029653
-0.894032556759684
-0.933759422678696
-0.975001746102383
-1.01779985114148
-1.06237946685992
-1.1090812087059
-1.15825296389429
-1.21012737249073
-1.26471151803669
-1.3217177453794
-1.38055172719454
-1.44036744770251
-1.50017289111489
-1.55896725780086
-1.61587865101664
-1.67027373690354
-1.72180803825981
-1.770413555597
-1.81623580581263
-1.85953098221829
-1.90053939191919
-1.93935809637371
-1.97584910141794
-2.00961139327601
-2.04001938669305
-2.06630864896272
-2.08768185816313
-2.103412308191
-2.112942199958
-2.11597593834526
-2.11256560526396
-2.10317041999415
-2.08865579178459
-2.0702206962987
-2.04925518914273
-2.02716743318658
-2.00521680555846
-1.9843813745599
-1.96528110378667
-1.9481572038249
-1.93290814600493
-1.91916810211382
-1.90640887461211
-1.89403974382501
-1.88148703700618
-1.86823957217367
-1.8538632455625
-1.83799424296931
-1.82031979686336
-1.8005588744816
-1.77845628010599
-1.75378976370159
-1.72638220536081
-1.69611255746139
-1.66292590844004
-1.62684314501913
-1.587976800768
-1.54654777677436
-1.50289716846065
-1.45748797843331
-1.41089680947756
-1.36379967865191
-1.31695739846481
-1.27119199853194
-1.22735407477931
-1.18627627272355
-1.14871964329167
-1.11532222910931
-1.08654366982611
-1.06262839781611
-1.04359993181731
-1.02928858995438
-1.01937321299001
-1.0134172721913
-1.01089982923708
-1.01124675336637
-1.01385819284539
-1.01813282150971
-1.02348778436058
-1.02937196430407
-1.03527249787983
-1.04072050671828
-1.04530037704267
-1.04867439834695
-1.05061598514256
-1.05104418804771
-1.05004370212555
-1.04786517431861
-1.04490544921473
-1.04167093101301
-1.03872217316377
-1.03659950118316
-1.03573619064532
-1.03638297319412
-1.03855938033054
-1.04205451199883
-1.0464729886306
-1.0513275422548
-1.05615919514706
-1.06066281544535
-1.06477575553091
-1.06869863208972
-1.07284292421843
-1.07771902335318
-1.08380007116418
-1.09139618748113
-1.1005644296345
-1.11108019477443
-1.12248676074179
-1.13421179118909
-1.1457134422503
-1.1566009145034
-1.16668721876646
-1.17597005869213
-1.18456267055712
-1.19262335174962
-1.20031506764261
-1.20780932275872
-1.21532689897638
-1.22319579124451
-1.23191034166436
-1.24218163364812
-1.25497149166308
-1.27149329060002
-1.29316602882586
-1.32150010058754
-1.35791414034994
-1.40348812780882
-1.45867790046491
-1.52302037414752
-1.59485948713202
-1.67113667412808
-1.74727585441188
-1.81719602409162
-1.87346896372343
-1.9076470011159
-1.91078335987894
-1.87415538336101
-1.79016021050905
-1.65331660446368
-1.46126294136047
-1.21560665180809
-0.922468750100387
-0.592573970556259
-0.240793326183369
0.11486127158921
0.454699986859372
0.759140676573703
1.01064464293028
1.19557068222447
1.3056666788302
1.3389430861724
1.29977091990019
0.502155818437275
0.439342937971416
