-1.60170602097231
-1.86732684864717
-2.15121959938722
-2.45566368103027
-2.78176021575928
-3.12868098651662
-3.49296104206758
-3.8679970853469
-4.24391955487868
-4.60794934104471
-4.94524692086612
-5.24015614565681
-5.47768399294685
-5.64499336130479
-5.7326935599832
-5.73575712652767
-5.65394541796516
-5.49170791401583
-5.25756356295417
-4.96304784101598
-4.621406064314
-4.24628214275136
-3.85063960972954
-3.44607311136582
-3.04255543035619
-2.64853957821341
-2.27122916894801
-1.91682748934802
-1.59061199426651
-1.29679548740387
-1.03823982617434
-0.816160673604292
-0.629959346616969
-0.47727100857917
-0.354253458187861
-0.256072064752088
-0.177487700465409
-0.113437625798671
-0.059527184074635
-0.0123850973870824
0.0301476970369763
0.0690173126264092
0.10414238208357
0.134748544324847
0.159781465197311
0.178312086007174
0.189857975086745
0.194571858819793
0.193276893128367
0.187351184732774
0.17849084471955
0.168403541778817
0.158499258406022
0.149646779193598
0.142052061855793
0.135283692794688
0.128422474379049
0.120281042161343
0.109640471856384
0.0954674842479803
0.0770838109105278
0.0542653189314639
0.027255669441622
-0.00330390385352075
-0.0365072536994429
-0.0713424626189996
-0.106843330404338
-0.142211506910184
-0.176899605814148
-0.21065187191262
-0.243495561620768
-0.275677666068077
-0.307553479776663
-0.339447885751724
-0.371512688258115
-0.403605925686219
-0.435222988619524
-0.465510298224056
-0.493376586367102
-0.517689550624174
-0.537510146113003
-0.552300479482202
-0.562046026482302
-0.567264108096852
-0.568905073053697
-0.56817699881161
-0.566338412901934
-0.564496159553528
-0.563436504672555
-0.563517858000363
-0.564642517005696
-0.566321278319639
-0.567811636363759
-0.568289725219502
-0.567016608574811
-0.563477677457473
-0.557477761717404
-0.549180434030645
-0.539086047340842
-0.52796096310896
-0.516745029126897
-0.506468686987372
-0.49819787460215
-0.493002183297101
-0.491934118901982
-0.496007133932675
-0.506165579837911
-0.523244917392731
-0.547929925077102
-0.580720861168469
-0.621915312374339
-0.671608051832984
-0.729703647248885
-0.795935567687539
-0.869892032707439
-0.951043875778423
-1.03876183664097
-1.13231526402866
-1.2308635781793
-1.33348054044387
-1.43922155043658
-1.54722250910366
-1.65679719868828
-1.76750450274524
-1.87916882599101
-1.99186203059028
-2.10584993222181
-2.22152404224171
-2.33931634005378
-2.45960976095761
-2.58264018507565
-2.708403264775
-2.83657953318428
-2.96649211995742
-3.09711533434251
-3.22712934718413
-3.35501348271089
-3.4791647826924
-3.59801797305836
-3.7101388538585
-3.81428634419161
-3.90945389691521
-3.9948942380793
-4.07014003921958
-4.13501066320083
-4.18961137883803
-4.23430849524105
-4.26968400618609
-4.29647720561308
-4.31552143657909
-4.32768126095042
-4.33380603790283
-4.334693403805
-4.33106932920568
-4.32356281841502
-4.31267617730533
-4.29875368230483
-4.2819582714754
-4.26226812250474
-4.23947238922119
-4.21318180420819
-4.18285939272712
-4.14787798769334
-4.10760667744805
-4.06150997386259
-4.00923815895529
-3.95069709946128
-3.88609269086052
-3.81594621433931
-3.74107457609738
-3.66252938438864
-3.58148771173814
-3.49911456949571
-3.41642992636737
-3.3341977596283
-3.25286074245677
-3.17252498514512
-3.0930140579448
-3.01398947659661
-2.93510685247533
-2.85616156634162
-2.77717175203211
-2.6983806105221
-2.62018565570607
-2.54303536695593
-2.46732523862053
-2.39332593188566
-2.32114560463849
-2.25073884515201
-2.18195106001461
-2.114586668856
-2.04846755897298
-1.98346316113191
-1.91948040793924
-1.85643057262196
-1.79419026655309
-1.73257409825045
-1.67132907755235
-1.6101577983183
-1.54876849230598
-1.48694426873151
-1.42461665938882
-1.36191096025355
-1.29913259253782
-1.23667891586528
-1.17488609342014
-1.11385252195246
-1.05328862106099
-0.99242981041179
-0.930019638117622
-0.767145342686597
-0.703180705799776
-0.46775789120618
-0.373369122252745
-0.188118545448079
-0.122141645235174
-0.0166856155676
-0.00872458517551422
0
0
0
0
0
0
0
0
0
0
0
0
