-0.323040168732405
-0.424825726076961
-0.525586519390345
-0.621425475925207
-0.707790203392506
-0.779577925801277
-0.831332676112652
-0.857527062296867
-0.852902498096228
-0.812844917178154
-0.733759958297014
-0.6134133040905
-0.451224964112043
-0.248535736463964
-0.00886526945396326
0.261851893737912
0.555120546370745
0.859937347471714
1.16316916793585
1.45036315917969
1.70697840303183
1.91987051069736
2.07872296869755
2.17712144553661
2.21307811141014
2.18895672261715
2.11084575951099
1.98750561475754
1.82908091694117
1.64585036039352
1.44727666676044
1.24153213202953
1.03548839315772
0.834987483918667
0.645123057067394
0.47033884562552
0.314301120117307
0.17963292915374
0.0676516008097678
-0.0217642718635034
-0.0901151271536946
-0.140030106995255
-0.174885650165379
-0.198377854190767
-0.214125350117683
-0.225350997410715
-0.234665396623313
-0.24395318608731
-0.254345981404185
-0.2662612227723
-0.279491495341063
-0.293344641104341
-0.306837445124984
-0.318931210786104
-0.328771773725748
-0.335883256047964
-0.340271895751357
-0.342422196641564
-0.343199178576469
-0.343705259263515
-0.345152843743563
-0.348791286349297
-0.355880384333432
-0.367669088765979
-0.385345162823796
-0.409952454268932
-0.442305624485016
-0.482934355735779
-0.532070651650429
-0.589668607339263
-0.65543214417994
-0.728823274374008
-0.809042612090707
-0.894987087696791
-0.985207684338093
-1.07789427787066
-1.1709218211472
-1.26197828352451
-1.34876052290201
-1.42921520024538
-1.50178045779467
-1.56557689607143
-1.62049796432257
-1.66717723757029
-1.70685847103596
-1.74120638519526
-1.7721027135849
-1.80144210904837
-1.83094914257526
-1.86203079670668
-1.89567951858044
-1.93244085460901
-1.97243859618902
-2.01544819027185
-2.06099838018417
-2.10849231481552
-2.15732701867819
-2.20700187236071
-2.25719709694386
-2.30780637264252
-2.35891877114773
-2.41074874997139
-2.46352259814739
-2.51733289659023
-2.57199996709824
-2.6269905269146
-2.68143039941788
-2.73419333994389
-2.78403936326504
-2.82977209985256
-2.87039951980114
-2.90525962412357
-2.93407469987869
-2.95691578090191
-2.97409084439278
-2.98600001633167
-2.99299563467503
-2.9952722042799
-2.99281199276447
-2.98539292812347
-2.97266241908073
-2.95425568521023
-2.92994397878647
-2.89975723624229
-2.86406446993351
-2.82358445227146
-2.77934283018112
-2.7325758934021
-2.68461839854717
-2.63678054511547
-2.59024289250374
-2.54596509039402
-2.50461350381374
-2.46652150154114
-2.43170113861561
-2.39992061257362
-2.37083685398102
-2.34414701163769
-2.31971907615662
-2.29767952859402
-2.27845276892185
-2.26274424791336
-2.25146305561066
-2.2455795109272
-2.24593470990658
-2.25302608311176
-2.26679645478725
-2.28647381067276
-2.31050850450993
-2.33663637936115
-2.36206148564816
-2.38372644782066
-2.39862367510796
-2.40411102771759
-2.39820505678654
-2.37983675301075
-2.3490432202816
-2.30706928670406
-2.25635556876659
-2.20037958025932
-2.14333932101727
0
0
0
0
0
0
0
0
0
0
0
0
0
0
0
0
0
0
0
0
0
0
0
0
0
0
0
0
0
0
0
0
0
0
0
0
0
0
0
0
0
0
0
0
0
0
0
0
0
0
0
0
0
0
0
0
0
0
0
0
0
0
0
0
0
0
0
0
0
