-1.34316638443205
-1.37487988118772
-1.4023682585469
-1.42106878757477
-1.42626589757425
-1.4133987515061
-1.37836802005768
-1.31778934266832
-1.22917126284705
-1.11104015509288
-0.963037197236662
-0.785993642277188
-0.581992406536032
-0.3544241046464
-0.108071845093811
0.150771236754264
0.414231282141474
0.672978972947156
0.916680828288749
1.13479878063555
1.31762040985955
1.45730040250001
1.54868120175821
1.58974163179044
1.58163381947411
1.52836254790977
1.4361676286768
1.31270006409398
1.16615977110686
1.00460728451058
0.835567628895795
0.665895755644198
0.501775140011752
0.348710332755689
0.211413097188429
0.0935589068189815
-0.00251946042084859
-0.0760889243748453
-0.1281241066064
-0.161215176184972
-0.179265245519303
-0.187000710103247
-0.189353336062696
-0.190809287130833
-0.194846476669665
-0.203570922767674
-0.217607951274625
-0.236236116952366
-0.257710445810247
-0.279707006834171
-0.299820763645349
-0.31604608617447
-0.327165439724922
-0.332978798283471
-0.334333452361601
-0.332956891368937
-0.331134306059943
-0.331301153809936
-0.335627570196434
-0.345664157911583
-0.362107255944499
-0.384721911615796
-0.412434211483708
-0.443575970552586
-0.476234710878796
-0.508640712058103
-0.539515804361414
-0.568310894348003
-0.59527575969696
-0.621337131217674
-0.647811417226438
-0.676023300047274
-0.706920277189325
-0.740770737330119
-0.777020200535103
-0.814344894002985
-0.850889473049729
-0.884620160968215
-0.913697218453443
-0.936779046500171
-0.953208971906591
-0.963076344242802
-0.967168456978268
-0.96682897762016
-0.963755583321607
-0.959776024023692
-0.956633459638666
-0.955810096528795
-0.958402024375068
-0.965054512023926
-0.975963371771353
-0.990936480186604
-1.00950846627907
-1.03108810936963
-1.05511289172702
-1.08118182862246
-1.10914023054971
-1.13909265730116
-1.17135179042816
-1.2063309373679
-1.24441871157399
-1.2858610285653
-1.3306894214065
-1.37871250841353
-1.42957084267228
-1.48282738968178
-1.53806124793159
-1.5949261630023
-1.65315631142369
-1.71252595495295
-1.77279790684029
-1.83370968589076
-1.89499938929522
-1.95644013086955
-2.01783573185956
-2.07896445857154
-2.13949547873603
-2.1989200203507
-2.2565326778977
-2.31147599661792
-2.36284092179051
-2.4098044457259
-2.45177441614645
-2.48850351351279
-2.52015744315253
-2.5473178492652
-2.57091910750778
-2.59213429468649
-2.61221911289074
-2.6323586040073
-2.65353590470773
-2.67645238063954
-2.70149677771109
-2.72876039257756
-2.75808583365546
-2.78914219361764
-2.82150716251797
-2.85474271244473
-2.88843598189177
-2.92220585434525
-2.95568160657529
-2.98847763626664
-3.02019109549346
-3.05044706662496
-3.078988649227
-3.10580760461313
-3.13128862557588
-3.15635221975821
-3.18256718141061
-3.21221377231457
-3.24824908927635
-3.29415736375032
-3.35365573565165
-3.43027972292017
-3.52686272727119
-3.64495379836471
-3.78423230736344
-3.94200152821011
-4.11286331106115
-4.28868452707926
-4.45901611116197
-0.171289567594175
0
0
0
0
0
0
0
0
0
0
0
0
0
0
0
0
0
0
0
0
0
0
0
0
0
0
0
0
0
0
0
0
0
0
0
0
0
0
0
0
0
0
0
0
0
0
0
0
0
0
0
0
0
0
0
0
0
0
0
0
0
0
0
0
0
0
0
0
