-0.560270952326911
-0.676449196679252
-0.78622571627299
-0.885024374439603
-0.968639396485828
-1.0335842030389
-1.07743891647884
-1.09912257535117
-1.09903318541391
-1.07903930402937
-1.04233280817668
-0.993170704160418
-0.93653575863157
-0.877747711681184
-0.822058532919203
-0.774256342933291
-0.738270216044925
-0.716770721333367
-0.710823841038204
-0.719719883941469
-0.741103179398037
-0.771444611606144
-0.806770446754637
-0.843443426347914
-0.878749225820814
-0.911110577129182
-0.939887926692054
-0.964887993676322
-0.985786713304974
-1.00168341398239
-1.01093563863209
-1.01133392822175
-1.00059700863702
-0.977080606278919
-0.940508405367533
-0.892483804907118
-0.836599330107371
-0.778081246784755
-0.723050886676425
-0.677577651682354
-0.64672178881509
-0.633740379696801
-0.63958120629901
-0.662747879823049
-0.699557749998002
-0.744750383354369
-0.792335530122121
-0.836520118372781
-0.872552729788281
-0.897347680159977
-0.909797447068351
-0.910737349873497
-0.902589346681322
-0.888770046688262
-0.872989245823451
-0.858576760405586
-0.847947918233417
-0.842285474141439
-0.841478396029699
-0.844319931098393
-0.84890749057134
-0.853141708033425
-0.855210732846033
-0.853967536063421
-0.849135662828173
-0.841317772865295
-0.831830890405746
-0.82242781207675
-0.814961609386262
-0.811035445758275
-0.811690449714661
-0.817188893045698
-0.826939775830223
-0.839577865032923
-0.853179429258619
-0.865569495019459
-0.874669208413079
-0.878826101620992
-0.877076441333407
-0.8692952139037
-0.856220412821997
-0.839354940823146
-0.820760675839015
-0.802771051724752
-0.787664830684662
-0.7773673307328
-0.773232258501507
-0.77593697820391
-0.785490714368366
-0.801339407761892
-0.822541654109955
-0.847988557247888
-0.876621703306834
-0.907594845408485
-0.940348054681506
-0.974589356354305
-1.01021204392115
-1.04717862038385
-1.08541539737156
-1.12474293368203
-1.16485940274738
-1.20537165233067
-1.24585710253034
-1.28592919735681
-1.32529099214645
-1.36376537595476
-1.40131062553042
-1.43802995908828
-1.47419159752982
-1.5102633975801
-1.54694810367766
-1.58518816175915
-1.62611530508314
-1.67093822501955
-1.7207928157988
-1.77658829234895
-1.83887542429424
-1.90775434176127
-1.98283451511746
-2.06325706413814
-2.14777076812018
-2.23483721415202
-2.32273804573786
-2.40968832515535
-2.49395583924793
-2.57400001798357
-2.6486070610228
-2.71701467604864
-2.77898775963556
-2.83484126272656
-2.88538977078029
-2.93183930714925
-2.97563835552761
-3.01833394595555
-3.06144668942406
-3.1063765230633
-3.15434232212248
-3.20638318288894
-3.2633873848688
-3.3261125087738
-3.39515835898263
-3.4708932581402
-3.55333377066113
-3.64200186729431
-3.73577744620187
-3.83277117638361
-3.93024550165449
-4.02461056482224
-4.11149603979928
-4.18591967083159
-4.24253459203811
-4.27595292954218
-4.28112316131592
-4.25373999277751
-4.1906586488088
-4.09028737885611
-3.95294861566453
-3.78116025243487
-3.57978740192595
-3.35597999890645
-3.11876102856227
0
0
0
0
0
0
0
0
0
0
0
0
0
0
0
0
0
0
0
0
0
0
0
0
0
0
0
0
0
0
0
0
0
0
0
0
0
0
0
0
0
0
0
0
0
0
0
0
0
0
0
0
0
0
0
0
0
0
0
0
0
0
0
0
0
0
0
0
0
