-1.23858867088954
-1.56723074118296
-1.90347478787104
-2.2465451558431
-2.59427183866501
-2.94272563854853
-3.28617801268895
-3.61736784378688
-3.92800088723501
-4.20939117670059
-4.45315742492676
-4.65191352367401
-4.79989953835805
-4.89351844787598
-4.93170694510142
-4.91604073842367
-4.85052867730459
-4.74106327692668
-4.59463421503703
-4.41845377286275
-4.21921416123708
-4.00268216927846
-3.77371436357498
-3.53662538528442
-3.29567285378774
-3.05536876122157
-2.82041108608246
-2.59521985054016
-2.38327034314473
-2.18652798732122
-2.00522921482722
-1.83810024460157
-1.68295094370842
-1.53745372096697
-1.39989253878593
-1.26966253916423
-1.14741001526515
-1.03480829795202
-0.934049482146899
-0.847192332148552
-0.775526011983554
-0.719096769889196
-0.67650098601977
-0.64498470723629
-0.620823780695597
-0.599902302026749
-0.578365683555603
-0.553214363753796
-0.52272600432237
-0.486640612284342
-0.446101697782675
-0.403387116889159
-0.361490609745185
-0.323624322811763
-0.292718045413494
-0.270981234808763
-0.259586607416471
-0.258517406880856
-0.26660310352842
-0.281739839663108
-0.301260318607092
-0.322384671618541
-0.342663207401832
-0.360323389371236
-0.374461387594541
-0.38505744189024
-0.392835368712743
-0.399014684061209
-0.405015202860038
-0.412170484662056
-0.421498241523902
-0.433559226493041
-0.448414511978626
-0.465676486492157
-0.484642075995604
-0.504486796756585
-0.52447405954202
-0.544126336773237
-0.563318734367689
-0.582285399238268
-0.601554562648137
-0.621836587786674
-0.643889253338178
-0.668386434515317
-0.695824479063352
-0.726492717862129
-0.760508055488268
-0.797880495587985
-0.838570271929105
-0.882509385546049
-0.92958103120327
-0.979572708408038
-1.03212654093901
-1.08669607837995
-1.14251186450322
-1.19856149951617
-1.25360706448555
-1.30625307559967
-1.3550668656826
-1.39873371521632
-1.43623307347298
-1.46700500448545
-1.49105999867121
-1.50898936390877
-1.52186490098635
-1.53105006615321
-1.53796693682671
-1.54387564460437
-1.5497138996919
-1.55602879325549
-1.56299052635829
-1.57046108444532
-1.57807744542758
-1.58532956242561
-1.59162297844887
-1.59632487098376
-1.59878888726234
-1.59836164116859
-1.5943832496802
-1.58619326353073
-1.57316296299299
-1.55475501219432
-1.53061017394066
-1.50064738591512
-1.46513286232948
-1.42469120025635
-1.38024021188418
-1.33286548654238
-1.28366879622142
-1.23362967371941
-1.18350873390834
-1.13380619883537
-1.08477953076363
-1.0365059475104
-0.988977471987406
-0.942190820972125
-0.896209945281347
-0.851185515522957
-0.807341143488884
-0.764945387840271
-0.724285411338011
-0.685645878314972
-0.649296810229619
-0.615490476290385
-0.584464197357496
-0.556437169512113
-0.531591904660066
-0.510038716097673
-0.491777191559474
-0.476677278677622
-0.464490838348866
-0.454887788742781
-0.447510232528051
-0.442030524214109
-0.438203637798627
-0.435897253453732
-0.435090567916632
-0.435839419563611
-0.438223841289679
-0.44229593873024
-0.448032202819983
-0.455291363100211
-0.463780174652735
-0.473042937616507
-0.482478511830171
-0.49137831479311
-0.498980169494947
-0.50452721118927
-0.507325443128745
-0.506795212626457
-0.502523009975751
-0.494325873752435
-0.482322384913762
-0.466990587611993
-0.44918204843998
-0.430074048539003
-0.411060102283955
-0.393594487259785
-0.379017692059278
-0.368391521275043
-0.362382749716441
-0.361221528301636
-0.364746771752834
-0.372518517076969
-0.383959208925565
-0.398483003179232
-0.415584184229374
-0.434871775408586
-0.456057906150818
-0.478928538660208
-0.503328541914622
-0.529182230432828
-0.556542692085107
-0.585649768511454
-0.616974559923013
-0.65124399960041
-0.689434438943863
-0.732726896802584
-0.782409643133481
-0.839722429712613
-0.905653864145279
-0.980720430612564
-1.06476393838723
-1.15679828325907
-1.25491876403491
-1.35628208518028
-1.4571285545826
-1.55281820893288
-1.63787263631821
-1.70604565739632
-1.75046716133753
-1.76390473047892
-1.73917243878047
-1.66969808936119
-1.55023687084516
-1.37767549355825
-1.15181657671928
-0.875992442170779
-0.557353779673576
-0.20673057064414
0.161933269972603
0.532492779195309
0.887763172388077
1.21083560585976
1.48642527063688
1.70207786560059
1.84905975063642
1.92283994952838
1.9232156475385
1.85421291987101
