-1.93903494543499
-2.14985720316569
-2.37224113941193
-2.60769446690877
-2.8569749991099
-3.11960168679555
-3.39340784814623
-3.67421809832255
-3.95575646559397
-4.22984037134382
-4.48687272601657
-4.71657036410438
-4.90885268317329
-5.05477907922533
-5.14744234085083
-5.1827040248447
-5.15963583522373
-5.08056667115953
-4.95061071713765
-4.77676757176717
-4.56680794556936
-4.32835204071469
-4.06846555074056
-3.79381509621938
-3.51115225421058
-3.22766608662075
-2.95090100500319
-2.68816637992859
-2.44560960928599
-2.22725309928258
-2.03433888488346
-1.86527276701397
-1.71623335944282
-1.58227346340815
-1.45858494440715
-1.34157835774952
-1.22954037454393
-1.12276447481579
-1.02320058809386
-0.933759295278125
-0.857463498910268
-0.796637187401454
-0.75228885644012
-0.723782233066029
-0.708830772174729
-0.703797679808405
-0.704233444399304
-0.705545405546824
-0.703676458862093
-0.695674161116282
-0.680057124959098
-0.656917515728209
-0.627747027410401
-0.595031220051977
-0.561704566081365
-0.530578424533208
-0.503848964969317
-0.482769979370965
-0.467545891801516
-0.457453856865565
-0.45115306145615
-0.447099884351095
-0.443967348999447
-0.44097491270966
-0.438067668014103
-0.435924912492434
-0.435811367299822
-0.439303186204698
-0.447944541772207
-0.462904355592198
-0.484706148505211
-0.513083631793658
-0.546987293495072
-0.584737065765593
-0.624289926555422
-0.663575462169117
-0.70083837211132
-0.734921981890996
-0.765424430370331
-0.792684823274612
-0.81760941280259
-0.841401875019073
-0.865281214316686
-0.890257040659587
-0.916998946004444
-0.945794777737723
-0.976574473910861
-1.00896976391474
-1.04239477713903
-1.07613561550776
-1.10944372084406
-1.1416233877341
-1.17210650112894
-1.20050493213865
-1.22662450869878
-1.25043019652367
-1.27197400728861
-1.29131484362814
-1.30845195055008
-1.32328867250019
-1.33562874131733
-1.34520155191422
-1.35171741909451
-1.35494057337443
-1.35477343532774
-1.35132928689321
-1.34497397475772
-1.33632620837953
-1.32620756493674
-1.31554484367371
-1.30524923404058
-1.29610427882936
-1.28868888484107
-1.28333383798599
-1.28011189566718
-1.27885814507802
-1.27921995851729
-1.28073210848702
-1.2829042673111
-1.28530365228653
-1.28761460383733
-1.28965503639645
-1.29134976863861
-1.29267593887117
-1.29359745317035
-1.29400555292765
-1.2936732172966
-1.29223842091031
-1.28922762473424
-1.28410169813368
-1.27632064289517
-1.26541563537386
-1.25106248590681
-1.23314407467842
-1.2117876443598
-1.18736941946877
-1.16049316856596
-1.13195379243957
-1.10270402497715
-1.07381143172582
-1.04639815290769
-1.02155190375116
-1.00022383199798
-0.983140958680047
-0.970756202936172
-0.963232917918099
-0.960451248619292
-0.962023354238934
-0.967322352859709
-0.975535303354263
-0.985742294126087
-0.997003763914108
-1.00843912363052
-1.01928485433261
-1.02893212106493
-1.03694899876912
-1.04309497276942
-1.04732234610452
-1.04976190461053
-1.05069277352757
-1.05050161480904
-1.04963978131612
-1.04856705003315
-1.04768611656295
-1.0472672979037
-1.04739315642251
-1.04793536331919
-1.04856792092323
-1.04881526364221
-1.04812843600909
-1.04598424832026
-1.04199717442195
-1.03602261344592
-1.028227345811
-1.01910656690598
-1.00945542256037
-1.00029323167271
-0.992748644616869
-0.987898386187024
-0.986576782332526
-0.989204042487674
-0.995699574549993
-1.00551836358176
-1.01778984732098
-1.0315089556906
-1.04572009378009
-1.05964792105887
-1.07275901900397
-1.08476098378499
-1.09556614028083
-1.10524716642168
-1.1140020887057
-1.12214235464732
-1.13010169400109
-1.13845816585753
-1.1479596429401
-1.15953317615721
-1.17427341805564
-1.19340633021461
-1.21822380357318
-1.24998946322335
-1.28981616099675
-1.33852339453167
-1.39648070600298
-1.46343522601657
-1.53831356101566
-1.61899493800269
-1.70207560062408
-1.7826679415173
-1.85429652531942
-1.90896405776342
-1.9374525613255
-1.9298860695627
-1.87654554843903
-1.76887955268224
-1.60062208440569
-1.36889496114519
-1.0751369131936
-0.725672364234924
-0.331774206625091
0.090803268365562
0.522747364309099
0.942496213648054
1.32788513104121
1.65802027781804
1.91517275571823
2.08644449710846
2.16498589515686
2.15062665939331
2.04988029268053
