-2.9797792673111
-3.06205224990845
-3.1610392332077
-3.28341598510742
-3.4330935716629
-3.61029379367828
-3.81106333732605
-4.02735919952393
-4.24776644706726
-4.45878162384033
-4.64644265174866
-4.79797921180725
-4.90316314697266
-4.95513153076172
-4.95058951377869
-4.88945174217224
-4.77409963607788
-4.60849375724792
-4.39741168022156
-4.14600071907043
-3.85974223613739
-3.54477393627167
-3.20836017131805
-2.85923175811768
-2.50752367973328
-2.16419005393982
-1.83996893167496
-1.5441418170929
-1.2834028840065
-1.06112286448479
-0.87718962430954
-0.728466409444809
-0.609734836220741
-0.514862850308418
-0.437910509109497
-0.37394821792841
-0.319479067623615
-0.272474378347397
-0.232124663889408
-0.198442748188972
-0.17183440849185
-0.15270866304636
-0.141173315048218
-0.136847209185362
-0.138799934834242
-0.14560796841979
-0.155503386259079
-0.166585886478424
-0.177061447501183
-0.185465423762798
-0.190827937424183
-0.192751833796501
-0.191393469274044
-0.187363341450691
-0.181576822698116
-0.175088621675968
-0.168937399983406
-0.164015783369541
-0.160973776876926
-0.160159608721733
-0.161602331697941
-0.165039856731892
-0.169990147650242
-0.175857229530811
-0.182058307528496
-0.188151903450489
-0.193935665488243
-0.199484139680862
-0.20511434674263
-0.21129287481308
-0.21851531714201
-0.227192145586014
-0.237567730247974
-0.2496850669384
-0.263393142819405
-0.27838386297226
-0.294249492883682
-0.310555446147919
-0.326917025446892
-0.343065950274467
-0.35889604985714
-0.374483525753021
-0.390076842904091
-0.406047165393829
-0.422803688049316
-0.440689489245415
-0.459886327385902
-0.48035617172718
-0.501839834451675
-0.523914596438408
-0.546096622943878
-0.567957299947739
-0.589223301410675
-0.609832948446274
-0.629938834905624
-0.649858504533768
-0.669994479417801
-0.690750914812088
-0.712472987174988
-0.735427331924438
-0.759832412004471
-0.785928213596344
-0.814050048589706
-0.844662564992905
-0.878342545032501
-0.91572979092598
-0.957468718290329
-1.0041411280632
-1.05618844032288
-1.11382548213005
-1.17697720527649
-1.24526928663254
-1.31808960437775
-1.39470336437225
-1.4743994474411
-1.55663101673126
-1.64110783338547
-1.727805519104
-1.81689598560333
-1.90863968133926
-2.00326713323593
-2.10086613893509
-2.20125824213028
-2.30387879610062
-2.4076868057251
-2.51115071773529
-2.61233344078064
-2.70907788276672
-2.79925487041473
-2.88103790283203
-2.95312874317169
-3.01489009857178
-3.0663544178009
-3.10811722278595
-3.14114582538605
-3.16655571460724
-3.1854106426239
-3.19860560894012
-3.20684933662415
-3.21072142124176
-3.21075882911682
-3.20751883983612
-3.20160717964172
-3.19366145133972
-3.18430993556976
-3.17411196231842
-3.16350810527801
-3.15278506278992
-3.14206240177155
-3.13128869533539
-3.12024397850037
-3.10856702327728
-3.095809674263
-3.08149201869965
-3.065145611763
-3.04633786678314
-3.02468440532684
-2.99985353946686
-2.97157175540924
-2.93961365222931
-2.90379967689514
-2.86400728225708
-2.8202032327652
-2.77247471809387
-2.72104816436768
-2.66630442142487
-2.60878586769104
-2.54919536113739
-2.48837220668793
-2.4272497177124
-2.36678967475891
-2.30790808200836
-2.2513965845108
-2.19785239696503
-2.1476385474205
-2.10087074041367
-2.05743792057037
-2.01702992916107
-1.97916843891144
-1.94324202537537
-1.90855877399445
-1.87442357540131
-1.84023014307022
-1.80554733276367
-1.77016767263412
-1.73409442901611
-1.697480905056
-1.66055300235748
-1.62354867458344
-1.58668429851532
-1.55014220476151
-1.5140810251236
-1.47865252494812
-1.44401693344116
-1.41035642623901
-1.3778857588768
-1.34686707258224
-1.31761300563812
-1.29048779010773
-1.26590170860291
-1.24428907632828
-1.22605553865433
-1.21148467063904
-1.2006255030632
-1.19317491054535
-1.18837498426437
-1.18492143154144
-1.18089609146118
-1.17374913692474
-1.16037504673004
-1.13730622529984
-1.10101712942123
-0.945589685440063
-0.881003850698471
-0.798132836818695
-0.696983730792999
-0.257881939411163
-0.199370339512825
-0.097238302230835
-0.0486344538629055
0
0
0
0
0
0
0
0
0
0
