-0.369566780825456
-0.500126525759697
-0.63057287534078
-0.757979601621628
-0.879395216703415
-0.991951098044713
-1.09297698239485
-1.18007974823316
-1.25117124120394
-1.30447805921237
-1.33857189615568
-1.35245329141617
-1.3456823627154
-1.31855201721191
-1.2722770969073
-1.20916818082333
-1.13271221518517
-1.04745599627495
-0.958619013428688
-0.8714483131965
-0.79045869410038
-0.71878861139218
-0.657885196308295
-0.607608338197072
-0.566671756406625
-0.533220715820789
-0.50534367809693
-0.481399888793627
-0.460141704728206
-0.440678282951315
-0.42234452192982
-0.404540453106165
-0.386626827841004
-0.367949100211263
-0.347993558893601
-0.326600277175506
-0.304139537115892
-0.2815859268109
-0.260458848128716
-0.242632237573465
-0.230046729246775
-0.224375862628222
-0.226704955101013
-0.237276185303926
-0.255347388486067
-0.279194590946039
-0.306259829550982
-0.333426934977372
-0.357406802475452
-0.375199864308039
-0.384560686846574
-0.384352947274844
-0.374696180224419
-0.356872218350569
-0.333037928988536
-0.305842996885379
-0.278046067804098
-0.252183713018894
-0.230317231267691
-0.213867625842492
-0.203542158007622
-0.199354966481527
-0.200737365831931
-0.206718133141597
-0.216132185111443
-0.227810102204482
-0.240720019986232
-0.254059056440989
-0.267294108867645
-0.280147947371006
-0.292530342936516
-0.304430382947127
-0.315799308319887
-0.326460242271423
-0.336068342129389
-0.344129766027133
-0.35007398823897
-0.35336505373319
-0.353621952235699
-0.350713034470876
-0.344797395169735
-0.336303720871607
-0.325854567190011
-0.314158009986083
-0.301900586734215
-0.289669863879681
-0.277925004561742
-0.267009624590476
-0.257199681053559
-0.248771940668424
-0.242067067573468
-0.237519687662522
-0.235643104960521
-0.236977484077215
-0.242019159098466
-0.251146912574768
-0.264554098248482
-0.282191609342893
-0.303727506349484
-0.328533614675204
-0.35571102052927
-0.384165515502294
-0.412736773490906
-0.440371928115686
-0.466313029328982
-0.490254610776901
-0.512422673404217
-0.533546552062035
-0.554725492993991
-0.577219987908999
-0.602218354741732
-0.630624666810036
-0.662915766239166
-0.699101850390434
-0.738795906305313
-0.781368792057037
-0.826146915555
-0.872599229216576
-0.92046498755614
-0.969793419043223
-1.02090041339397
-1.0742711375157
-1.13045381506284
-1.18996686736743
-1.25322931011518
-1.32050156593323
-1.39184463024139
-1.46710822979609
-1.54595120747884
-1.62789009014765
-1.71236404776573
-1.79880825678507
-1.88673146565755
-1.97578701376915
-2.06581763426463
-2.15686442454656
-2.24913980563482
-2.3429793715477
-2.43878052632014
-2.53692549467087
-2.63769209384918
-2.74116456508636
-2.84716463088989
-2.95522342125575
-3.06459671258926
-3.17432588338852
-3.28332449992498
-3.39046766360601
-3.49465914567312
-3.59485083818436
-3.69000987211863
-3.77903630336126
-3.86066251993179
-3.93336927890778
-3.99536095062892
-4.04461048046748
-4.07896411418915
-4.09628077348073
-4.09458974997203
-4.07229133447011
-4.02839982509613
0
0
0
0
0
0
0
0
0
0
0
0
0
0
0
0
0
0
0
0
0
0
0
0
0
0
0
0
0
0
0
0
0
0
0
0
0
0
0
0
0
0
0
0
0
0
0
0
0
0
0
0
0
0
0
0
0
0
0
0
0
0
0
0
0
0
0
0
0
