-0.448998849500309
-0.606947183609009
-0.757277434522455
-0.891182823614641
-1.0000169060447
-1.07585373791781
-1.11197917027907
-1.10324427756396
-1.04629221829501
-0.939733922481537
-0.784323659810153
-0.583143478090113
-0.341767530549656
-0.0683733387003568
0.226279255404899
0.529118803414432
0.825414614243941
1.09986838969317
1.33805335651745
1.52794583277269
1.6612212007696
1.73403664068742
1.7471521767703
1.70541236617348
1.61672298474745
1.49074348536405
1.33755106817592
1.16652545061978
0.985643890770999
0.801256293600256
0.618270985104821
0.440570174293085
0.271439410915429
0.113853092898022
-0.0294533676510169
-0.156096095388586
-0.264267638325691
-0.352992443875833
-0.422341880473224
-0.473551763729616
-0.508996397256851
-0.531997076489709
-0.546476832844994
-0.55651329593225
-0.565861533988606
-0.577522586692463
-0.593419075012207
-0.614221366969022
-0.639344383369793
-0.667115731672807
-0.69508710232648
-0.720443920655684
-0.740460569208318
-0.752953253009103
-0.756676928563552
-0.751606876199896
-0.739036511291157
-0.721444220705466
-0.702140798622912
-0.684764812615785
-0.672723208638755
-0.668678779155016
-0.674179968381809
-0.689508273266256
-0.713772418951108
-0.745223554274575
-0.781711245802316
-0.82117165337232
-0.862037531692873
-0.90348720474338
-0.945490793409673
-0.988654673776843
-1.03390697593039
-1.0820988768881
-1.13362241604111
-1.18814637037841
-1.24454186179421
-1.30101869593967
-1.3554300151088
-1.405657351017
-1.44997776638378
-1.48733816905455
-1.51750095324083
-1.54105566848408
-1.55930659445849
-1.57405466383154
-1.58731011369012
-1.60099880261855
-1.61671553958546
-1.63555540821769
-1.65804233334281
-1.68415266817266
-1.71341744336215
-1.74508190155029
-1.77828572013161
-1.81223141063343
-1.84631592577154
-1.88019992004741
-1.91382936997847
-1.94742893088948
-1.98146989128806
-2.01659726012837
-2.05350379510359
-2.09277686205777
-2.13474680076946
-2.17939501458948
-2.22633904760534
-2.27490471709858
-2.32425320148468
-2.37352979183197
-2.42200675877658
-2.46922566673972
-2.51510446721857
-2.55997959050265
-2.60454869270325
-2.64974882385948
-2.69657635688782
-2.74589798667214
-2.79826352813027
-2.85375746813687
-2.91193249008872
-2.97185830636458
-3.03227877616882
-3.09181473471902
-3.14915592020208
-3.20319988510825
-3.25313099947843
-3.29843740029769
-3.33887611735951
-3.37439380992543
-3.4050294269215
-3.43083223429593
-3.45180156014182
-3.46786236763
-3.47886566682295
-3.48462984778664
-3.48501209779219
-3.47999145767906
-3.4697566465898
-3.45476642521945
-3.43578670241616
-3.41387714039196
-3.39032981612466
-3.36657686667009
-3.34408148852262
-3.3242355259982
-3.30826410380277
-3.29713509299538
-3.29148309881037
-3.29154706001282
-3.29714181206443
-3.3076667135412
-3.32214199412953
-3.3392613584345
-3.35744677890431
-3.37488226457076
-3.38953239267523
-3.39914935285395
-3.40130292285572
-3.39348571950739
-3.37332255190069
0
0
0
0
0
0
0
0
0
0
0
0
0
0
0
0
0
0
0
0
0
0
0
0
0
0
0
0
0
0
0
0
0
0
0
0
0
0
0
0
0
0
0
0
0
0
0
0
0
0
0
0
0
0
0
0
0
0
0
0
0
0
0
0
0
0
0
0
0
