-0.586227378359547
-0.683793202594475
-0.780899220042758
-0.875798112816281
-0.96631258505362
-1.0498861030296
-1.12373703055912
-1.18507774450161
-1.23137523509838
-1.26065029259081
-1.27179126386289
-1.26481508546405
-1.2410095334053
-1.20290644080551
-1.15406841701931
-1.09869069523282
-1.04106621389036
-0.984994877267767
-0.933266123135885
-0.887353391559036
-0.847431381543477
-0.812731332249112
-0.782128441113013
-0.754749664553889
-0.730373648581681
-0.709474370435432
-0.692911740806368
-0.681412979408547
-0.675053661068281
-0.672924507547308
-0.673083766742989
-0.67280575633049
-0.669078325783765
-0.659255348973804
-0.641709112458759
-0.616300051962888
-0.584526304845457
-0.549316394108313
-0.514529878342593
-0.484292361471388
-0.462301755392993
-0.45122108636079
-0.452248302874742
-0.464926459171154
-0.48722556343785
-0.515882462263107
-0.546937040708683
-0.576370320938252
-0.600739066247587
-0.617703208216914
-0.626353572916101
-0.62726859693174
-0.622286880457843
-0.614050803361116
-0.60543171564738
-0.59896746829704
-0.596428595207356
-0.598582726937753
-0.605183546189909
-0.615160855982039
-0.626957906617059
-0.638935380511814
-0.649749420307301
-0.658622591583817
-0.665465577884957
-0.670848162085922
-0.675840315995393
-0.681758792312057
-0.689863449997372
-0.701062811745538
-0.715687259479805
-0.73337854941686
-0.753116459758193
-0.773376246293386
-0.792384609028145
-0.808424918739884
-0.820127387841543
-0.826684446246536
-0.827959173255497
-0.824490533934699
-0.817409104771084
-0.808277331016682
-0.798877808782789
-0.790983107354906
-0.786147223578559
-0.785554612124408
-0.789952136852123
-0.799666647557859
-0.814692512706474
-0.834816246121018
-0.859753100960343
-0.889275901847415
-0.923303036778061
-0.961915444444727
-1.00529388807438
-1.05359786748886
-1.106824459853
-1.16468246777852
-1.22650869245882
-1.29124560179534
-1.35748276004085
-1.4235719398216
-1.48781665607735
-1.54871744138223
-1.60523373992355
-1.65700083750266
-1.70444322515417
-1.74874504407247
-1.79167888341127
-1.83532532939204
-1.88174252598374
-1.93265555964576
-1.98922464582655
-2.05192921779774
-2.12054962140542
-2.19422226481967
-2.2715352817818
-2.35066151618958
-2.42953190097102
-2.50604329285798
-2.57826105753581
-2.6446003737273
-2.70394304946617
-2.75569467191343
-2.79977347232677
-2.83654824009648
-2.86673384242588
-2.89128089834143
-2.9112873783818
-2.92795622790301
-2.94259763647009
-2.95663780636258
-2.97160878004851
-2.98909485781634
-3.01064501868354
-3.03765909760087
-3.07127640865467
-3.11228594073543
-3.16106824521665
-3.21756591620269
-3.28127151065403
-3.35123125712077
-3.42606912718879
-3.50404998991224
-3.58317091729906
-3.66126861395659
-3.73613778750102
-3.80565441979302
-3.86790004482976
-3.92126155782629
-3.96448901847557
-3.99669765543055
-4.01732609007094
-4.02605074423331
-4.0226768122779
-4.0070273787887
-3.97883562688474
-3.93767221768697
-3.88292615501969
-3.81385158609461
-3.72969758069074
-3.62989852163527
-2.76966648631626
-2.67471344382675
-1.96184815300836
-1.7564608697538
-0.977574163013034
-0.921788409904197
-0.485424209524084
-0.454082904038606
-0.337547306661253
-0.316614279040584
0
0
0
0
0
0
0
0
0
0
0
0
0
0
0
0
0
0
0
0
0
0
0
0
0
0
0
0
0
0
0
0
0
0
0
0
0
0
0
0
0
0
0
0
0
0
0
0
0
0
0
0
0
0
0
0
0
0
