-1.76650381088257
-1.92989474885604
-2.10063387365902
-2.27861041882459
-2.46284549376544
-2.65119740542243
-2.84015809788423
-3.02480621898876
-3.19900101773879
-3.3558627577389
-3.48849606513977
-3.59084024148829
-3.65846511896919
-3.68915769633125
-3.6831520725699
-3.64292788505554
-3.57258786874659
-3.47695274914012
-3.36062220966115
-3.22729093888227
-3.07953643798828
-2.91910569808062
-2.74756699449876
-2.5670541454764
-2.38079540869769
-2.19318506998174
-2.0093670241973
-1.83449113368988
-1.67288411364836
-1.5273621783537
-1.39885145075181
-1.28640376820284
-1.1875949046191
-1.09919658829184
-1.01795188819661
-0.941273058162016
-0.8677137038287
-0.797131259651745
-0.730542268823175
-0.669737433685976
-0.616771801429636
-0.573456411852556
-0.540954579325283
-0.519545656793258
-0.508575883858344
-0.506579695379033
-0.511528498986188
-0.521143138408661
-0.533198314554551
-0.545760717462091
-0.557337243767346
-0.566940898404402
-0.574088149210986
-0.57873361601549
-0.58115619596313
-0.581822998383466
-0.581265091896057
-0.579989678719464
-0.57843865366543
-0.576983956729665
-0.575946359073415
-0.575623910216724
-0.576316553003648
-0.57833755717558
-0.58200800243546
-0.587634673889946
-0.595469013733022
-0.605640718165566
-0.618077658555087
-0.632435775855008
-0.648073746877558
-0.664090722799301
-0.679432579699685
-0.693050098769805
-0.704075206728543
-0.711974026525722
-0.716647172675413
-0.718461492482354
-0.718206707169028
-0.716980048838784
-0.71601963744444
-0.716524087330874
-0.719495061565848
-0.725628293612424
-0.73526162259719
-0.748379556571736
-0.76466624175801
-0.783593374140122
-0.804523762534646
-0.826806902885437
-0.849852649604573
-0.873178713461932
-0.896434198407566
-0.919403619625989
-0.941993562614217
-0.964208364486694
-0.986118614673615
-1.00783095289679
-1.02946230944465
-1.05112075805664
-1.07289112315458
-1.09482801661772
-1.11695676691392
-1.13929655271418
-1.16190303774441
-1.18492526166579
-1.20865501375759
-1.23355080099667
-1.2602176175398
-1.28933781034806
-1.32156198866227
-1.35738114749684
-1.39700683425455
-1.44029718988082
-1.48674348522635
-1.53551896880655
-1.58556901006138
-1.63571340196273
-1.6847372896531
-1.73146733816932
-1.77483051664689
-1.81390870318693
-1.84797329762403
-1.87649568389444
-1.8991240122739
-1.9156518052606
-1.9259967102724
-1.93020298200495
-1.92846631302553
-1.92117230331196
-1.90892857663772
-1.89258166621713
-1.87321192376754
-1.8521029808942
-1.8306799846537
-1.81041548532598
-1.79270714170793
-1.77874898910522
-1.76941973321578
-1.76519887587603
-1.76613036323996
-1.77184006747077
-1.78159912193523
-1.79441911332748
-1.8091539775624
-1.82460057735443
-1.8395853323095
-1.85303005751441
-1.8639985182706
-1.8717207067153
-1.87561535835266
-1.87531342225916
-1.8706813770182
-1.86183125832502
-1.84910540019765
-1.83303902429693
-1.81431822917041
-1.79374680799596
-1.77222540098078
-1.75072824253755
-1.73026555425981
-1.7118258265888
-1.69630594113294
-1.68443838287802
-1.6767359901877
-1.67344882207758
-1.67452883019167
-1.67959295300876
-1.68789827122408
-1.69836589869331
-1.70967428824481
-1.72041424582986
-1.72925977145924
-1.73511594183305
-1.73721126949086
-1.73514543561374
-1.72889621818767
-1.71880028528326
-1.7055041439393
-1.68988570746254
-1.67294787659365
-1.65569214259877
-1.63899474284228
-1.62350827806136
-1.60960640626795
-1.59736511286567
-1.58657733131857
-1.57679709967445
-1.56742067898021
-1.55779905880199
-1.54737081948449
-1.53578955986921
-1.52302546360913
-1.50942561205696
-1.49572199232438
-1.48298029338612
-1.47250080809874
-1.46569081614999
-1.46392305458293
-1.46838076675639
-1.47989135629991
-1.49875399645637
-1.52456368418301
-1.55604408769047
-1.59090917250689
-1.62578802249011
-1.6562352811589
-1.67683876261992
-1.68143564813277
-1.66345402072458
-1.61639302618363
-1.53443555270924
-1.41317604569828
-1.25041254127727
-1.04691359225441
-0.807009202592513
-0.538812770563013
-0.25391961721813
0.0334374524159905
0.307663621709627
0.553363528321771
0.75703836889828
0.330652913626503
0.303422749042511
0.0612333381877226
0.0604249379214118
0
0
0
0
