-2.75828468799591
-3.20561693112055
-3.58082195123037
-3.85930192470551
-4.01819503307343
-4.03896490732829
-3.91051206986109
-3.63244618972143
-3.218033015728
-2.69620085755984
-2.11189435919126
-1.52397863566875
-1.00001792733868
-0.607854913299282
-0.405229169875383
-0.430011315271258
-0.694037321954966
-1.18235500653585
-1.8574031740427
-2.66597066322962
-3.54689806699753
-4.4384303689003
-5.28462469577789
-6.04029695192973
-6.6740870475769
-7.16945771376292
-7.5238082408905
-7.7462199529012
-7.85448543230693
-7.87197462717692
-7.82462231318156
-7.73814475536346
-7.63555637995402
-7.53519511222839
-7.44948812325795
-7.38465527693431
-7.34131375948588
-7.31577475865682
-7.30172685782115
-7.29201340675354
-7.28023525079091
-7.26194322109222
-7.23523445924123
-7.20068566004435
-7.16064747174581
-7.11810537179311
-7.07540408770243
-7.03320562839508
-6.98994787534078
-6.94193204243978
-6.88400268554688
-6.81061991055806
-6.71707403659821
-6.60050829251607
-6.46054343382518
-6.29939373334249
-6.12152874469757
-5.93297894795736
-5.74044028917948
-5.550354997317
-5.36810072263082
-5.1974257628123
-5.04018199443817
-4.89638072252274
-4.76452376445134
-4.64208221435547
-4.52602787812551
-4.41328710317612
-4.30107667048772
-4.18708258867264
-4.06951679786046
-3.94707179069519
-3.81880992650986
-3.68402077754339
-3.5420897603035
-3.39241643746694
-3.2344056169192
-3.06751723090808
-2.89137461781502
-2.70593257745107
-2.51169565320015
-2.30991426110268
-2.1026822278897
-1.89284438888232
-1.68371706207593
-1.47867974638939
-1.28075191316505
-1.09225624116759
-0.914608022818963
-0.748233062059929
-0.592583163330952
-0.446213588972266
-0.306898750985662
-0.171788187076648
-0.0376279818204542
0.0989377746979396
0.240984578151256
0.39089186117053
0.550014603456172
0.718578841537237
0.89583723867933
1.0803956768165
1.27058798571428
1.46481548746427
1.66178268690904
1.86060024797916
2.06077604989211
2.26211576660474
2.46457556883494
2.66808087627093
2.87236166993777
3.07681494951248
3.28045477469762
3.48195870717367
3.67982689539591
3.87257899840673
4.05893369515737
4.23793049653371
4.40901291370392
4.57207409540812
4.72746405998866
4.87593062718709
5.0184850692749
5.15617823600769
5.28984932104747
5.41989819208781
5.54616578420003
5.66795412699382
5.78416899840037
5.89349349339803
5.99454355239868
6.08597139517466
6.16654904683431
6.23526457945506
6.29141060511271
6.33465337753296
6.36506330966949
6.38311473528544
6.38966031869252
6.38587625821431
6.37317343552907
6.3530942996343
6.32722544670105
6.29713428020477
6.26431735356649
6.23012975851695
6.19569424788157
6.16179124514262
6.12876919905345
6.09647870063782
6.06426668167114
6.03102346261342
5.9952951669693
5.95544044176737
5.90982178846995
5.85700603326162
5.79598526159922
5.7263769308726
5.64862581094106
5.5641633272171
5.47551540533702
5.38633855183919
5.30133012930552
5.22602470715841
5.16643019517263
5.12851806481679
5.11755867799123
5.13729985555013
5.18906211853027
5.27086440722148
5.37679330507914
5.49687759081523
5.61772247155507
5.72403498490651
5.80081530412038
5.83570643266042
5.8208525578181
5.75377269585927
5.63715215524038
5.47777473926544
5.28506422042847
5.06960463523865
4.84193428357442
4.61163973808289
4.38673949241638
4.17325480779012
3.97493215401967
3.79312811295191
3.62686524788539
3.47307364145915
3.32696070273717
3.18243984381358
3.0325648188591
2.86997870604197
2.68741793433825
2.4783053000768
2.23743506272634
1.96173725525538
1.6510880390803
1.30910352865855
0.943832018723091
0.568248935781109
0.200471189183493
-0.136411334853619
-0.41504939723139
-0.605276374767224
-0.676376447081566
-0.600127728035053
-0.354457301553339
0.0725826621055603
0.67895152590548
1.44552229344845
2.33461039264997
3.29113246997197
4.24721511205037
5.13037427266439
5.87418782711029
6.42897593975067
6.76895773410797
6.89323723316193
6.82105322678884
6.58440983295441
6.2209886709849
5.7685018380483
5.26065492630005
4.72474304835002
4.18092280626297
3.64297769467036
3.12008492151896
2.61888015270233
