-0.550985373832561
-0.515276246600681
-0.392234791208197
-0.155629122146854
0.218224856312628
0.747306916448805
1.44047770235274
2.29418472890501
3.28979659080505
4.39219605481183
5.55036576588949
6.70077723043936
7.77417769255462
8.70530082561352
9.44310675726997
9.95823129018148
10.2455756929186
10.3221351835463
10.2215130064223
9.98686002801966
9.66394770586932
9.29561307695177
8.91817343676532
8.55968376442238
8.23954848889951
7.96897206483064
7.75187508265177
7.58612888830679
7.46506065792508
7.37915462917752
7.31780569641678
7.27092008237486
7.23018418418037
7.18988916609022
7.14725270094695
7.10224529548928
7.05694339893482
7.01455845656218
6.97833848882605
6.95053545633952
6.93163905320344
6.91998962119774
6.91181348871302
6.90164995193481
6.88304071073179
6.8493464257982
6.79456594255235
6.71403482225206
6.60492824625086
6.46649272353561
6.29998426084165
6.10833159199467
5.89561865064833
5.6664795698943
5.42556792718393
5.17715547702931
4.92490033750181
4.67175772455004
4.41999622627541
4.17129811534175
3.92691288170991
3.68783419220536
3.4549675517612
3.2292409296389
3.01164167015641
2.80317749800505
2.60478662561487
2.41723039856663
2.24100403874009
2.07628553443485
1.92292077894564
1.78043988898948
1.64808493631857
1.52484869073938
1.40952510083163
1.30076893612191
1.19717470584092
1.09737417874513
1.00014724885976
0.904521288695159
0.809842863568553
0.715811414851083
0.622460749966127
0.530081579116759
0.439097269748648
0.34992279841875
0.262829089123342
0.177823252010125
0.0945560219180253
0.0122733948131402
-0.0701861542270139
-0.154360764039059
-0.242111306223604
-0.335545320753698
-0.436917056639989
-0.54850936267111
-0.672501334437618
-0.810831648332101
-0.965074210255234
-1.13635805359593
-1.32535832237314
-1.53236652303625
-1.75743427100005
-2.00055136503997
-2.26180241726063
-2.54143860605028
-2.83983262379964
-3.15732361652233
-3.4940155170582
-3.84962698265358
-4.22344258979515
-4.61437725137781
-5.02108150058323
-5.44204134411282
-5.8756371250859
-6.32018318882695
-6.77393358725089
-7.23506118633129
-7.70162759003816
-8.17158541855989
-8.6428271399604
-9.11325175673873
-9.58079401652018
-10.0434540995845
-10.4993371257076
-10.9467482037014
-11.384305494803
-11.8110235708731
-12.2263179355197
-12.6299593890155
-13.0219890453197
-13.4026421794185
-13.7722576635855
-14.1312120578907
-14.4798292583889
-14.8183186495746
-15.1467448340522
-15.4650563134087
-15.7731753808481
-16.0711363686456
-16.3592481966372
-16.6382613005462
-16.9095342424181
-17.1751620681198
-17.4379953455042
-17.7015722769278
-17.969892360546
-18.2470406426324
-18.536696822555
-18.8415138103344
-19.1624535454644
-19.4981453507035
-19.8442813732006
-20.1932098247387
-20.5336811630814
-20.8508579112865
-21.1266752172399
-21.340565222281
-21.4706431494819
-21.4953258655689
-21.3953379171866
-21.1559906005859
-16.3143178445322
-15.9306039456968
-11.7641284377487
-10.6176633481626
-5.98427793714735
-5.68055078718397
-2.97905134271692
-2.81019546367504
-2.11322717313413
-2.00763137252242
0
0
0
0
0
0
0
0
0
0
0
0
0
0
0
0
0
0
0
0
0
0
0
0
0
0
0
0
0
0
0
0
0
0
0
0
0
0
0
0
0
0
0
0
0
0
0
0
0
0
0
0
0
0
0
0
0
0
