-1.71275478287747
-1.82608244921032
-1.9415973299428
-2.05855696452291
-2.17455413467006
-2.2853540558564
-2.38503445449628
-2.46652700399098
-2.52262785560206
-2.54741403931066
-2.53783987697802
-2.49515584895485
-2.4257883272673
-2.34130982976211
-2.25720076184524
-2.19032968345441
-2.15556008564798
-2.16240894794464
-2.21284892057118
-2.30099391937256
-2.41467076226285
-2.53818161236612
-2.65535905486659
-2.75220505814803
-2.81872218533566
-2.84982637355202
-2.84541638273942
-2.80976895282143
-2.7504723072052
-2.67712162670336
-2.59995377691169
-2.52856257087306
-2.47083791933562
-2.43225478498559
-2.41555371409968
-2.42078482477288
-2.44565133044594
-2.48610072386892
-2.53707632265593
-2.59332289193806
-2.650133873287
-2.70394830954702
-2.75273079621164
-2.79610080468027
-2.83519569196199
-2.87230652257016
-2.91035082465724
-2.95228072216636
-3.00054403355247
-3.05668218512284
-3.1211137646123
-3.19310879707336
-3.27093110586468
-3.35210763780694
-3.43376773282101
-3.51300459159048
-3.58720593703421
-3.6543185710907
-3.71299729849163
-3.76260457540813
-3.80306306638216
-3.83461209347374
-3.85753718175386
-3.87193642164531
-3.87755829409549
-3.87374182751304
-3.85946572454352
-3.83350076173481
-3.79462607283341
-3.74184472937333
-3.67455057093972
-3.59262803981179
-3.49651760804026
-3.38725514160959
-3.26647299214413
-3.13631022603888
-2.99922650738766
-2.85776610750901
-2.7143453798796
-2.5711162905944
-2.42991049038736
-2.29224344303733
-2.15932906301398
-2.03206915918149
-1.91101210995724
-1.79629832819888
-1.68763436926039
-1.58431607327963
-1.4853192991332
-1.38944724809967
-1.29551870473906
-1.20257065410873
-1.11002998799086
-1.01780545476236
-0.926274987427812
-0.836180668128164
-0.74846728538212
-0.664108029419654
-0.583956623900265
-0.508651559682269
-0.438577426107306
-0.373868849716688
-0.314431845357544
-0.259963953965589
-0.209970237099026
-0.16379351962946
-0.120677784869545
-0.0798728132718488
-0.0407623115338777
-0.00297961717373446
0.0335345407457728
0.0685525629669428
0.101647936003773
0.132310786921727
0.160051395822512
0.184471925818606
0.205300213720061
0.222388483927046
0.235694453512367
0.245267650406612
0.25124826993009
0.253860323665369
0.25338249212425
0.250090213884649
0.244191686181646
0.235786911590319
0.224860612989256
0.211295371973201
0.19489685671502
0.175433204852437
0.152691546518135
0.126540506062539
0.0969842694895832
0.0641952829778587
0.0285231300874762
-0.00951309536436671
-0.0492492303203203
-0.0899229937870251
-0.130742805666829
-0.170967389621135
-0.209974599315932
-0.247305031081564
-0.282684076381357
-0.31604013199869
-0.347530825749824
-0.377572045514458
-0.40685588984113
-0.436345105108462
-0.467238110931296
-0.500900952439559
-0.538766170802869
-0.582201824376458
-0.632364991464113
-0.690064709437521
-0.755666776707298
-0.829060272166603
-0.909688149627886
-0.996621357767206
-1.08864908469351
-1.18436111274518
-1.28220092622857
-1.38049365972218
-1.47744821874719
-1.57115857852133
-1.65961714794761
-1.74077380330939
-1.81266634715231
-1.87363451405575
-1.9225870810057
-1.95927371476826
-1.98450567847804
-2.00029892043064
-2.00991192616914
-2.01773158500069
-2.02893996238708
-2.04892878155959
-2.0825141354611
-2.1331239938736
-2.20218339091853
-2.28888517304471
-2.39040799517381
-2.50249986272109
-2.62027241054334
-2.73903491622523
-2.85501513983074
-2.96585219784787
-3.07082595323261
-3.17083934733742
-3.26824317480388
-3.36658440138164
-3.4703602916316
-3.58478469597666
-3.7155417015678
-3.86846543613233
-4.04911568290309
-4.26224761260183
-4.51117412667525
-4.79703396245053
-5.11803564272429
-5.46877303876375
-5.83976047917416
-6.21724645715011
-6.58331996516177
-6.91630536631534
-7.19150485490498
-7.38239260723716
-7.46235373145656
-7.40697712647287
-7.19685893309744
-6.82075982344778
-6.27880450298912
-5.58522548173603
-4.76993616003739
-3.87809044436405
-2.96674121053595
-2.09827165854605
-1.33148475697166
-0.712530434915894
-0.268332591035256
-0.0043496709120901
0.093381205573678
0.0535158120389832
-0.0862988256604264
-0.285084827165855
-0.503613219449395
-0.708481343168961
-0.874806306864086
-0.987310688746603
-0.438113532568279
-0.436109721660614
