-3.03460673724904
-3.08843789381139
-3.10957546795116
-3.09320928068722
-3.03321717767154
-2.92285039845635
-2.7559828898486
-2.52885810066672
-2.24218189015108
-1.90322318497826
-1.52724284634871
-1.13733061622171
-0.761961046496735
-0.430381156243932
-0.167149090591599
0.0122631196538671
0.103463932830731
0.112588254789657
0.0539309416815419
-0.0532331091748989
-0.187855243069969
-0.329893272589235
-0.462398946285248
-0.572758923558628
-0.653099955881343
-0.700023226878222
-0.713872481794918
-0.697728993261562
-0.656338027294944
-0.595157190280802
-0.519648865741842
-0.434841142857776
-0.345112128731082
-0.254125966690481
-0.164836979525931
-0.0795033414683798
0.000299078467137673
0.0736362404354355
0.140137877315283
0.199889327235082
0.253285760388655
0.300840881817481
0.342992031398941
0.379979501752292
0.411837925805765
0.438478602206006
0.45983199775219
0.476029136601616
0.48758369158296
0.495518665103351
0.501386418062098
0.507165332050884
0.515046520268216
0.527147600755972
0.545210119555978
0.570340770132401
0.602854600724052
0.642262818182216
0.687421139548807
0.73680386297843
0.788833912681131
0.842171132564545
0.895887385396396
0.949501994778128
1.0029162308749
1.05630216879003
1.10998510613161
1.16432871187434
1.21964190286749
1.27613589342903
1.33394988144145
1.39321890298058
1.45412991327398
1.51690250985763
1.58169712038601
1.64850664840025
1.71707747964298
1.78687587906333
1.85709757664624
1.92671396451838
1.99454405728508
2.05932942558737
2.119792861097
2.17467637623058
2.22277237387264
2.26297266343061
2.29433939036201
2.31617956301745
2.32810247645659
2.3300510224174
2.32229224373313
2.30537632633658
2.28005314574522
2.24716991536758
2.20756473961998
2.16197823776918
2.11100143544814
2.05505370392519
1.99438724798315
1.92910542207606
1.85920572280884
1.78465883170857
1.70550362502827
1.62191514407887
1.53422753951129
1.44291702438803
1.34858504113029
1.25195741302827
1.15388480004142
1.05531493004631
0.957224397098317
0.860525555470411
0.765976905822754
0.674117568661185
0.585231803795871
0.499345507691888
0.416244184269625
0.335497586166157
0.256492220303592
0.178480317323085
0.100645969827276
0.0221735305865021
-0.057696695001248
-0.139635931043064
-0.224224386271089
-0.31197618956075
-0.403370308525422
-0.498861056916854
-0.598865065504523
-0.703753413522945
-0.813872796647689
-0.929600158158471
-1.05140995628694
-1.17992001070696
-1.31589482461705
-1.46019390751334
-1.61367467571707
-1.77707057139453
-1.95087122917175
-2.13524035145255
-2.32998387953814
-2.53455786845263
-2.74808960802415
-2.96938517514397
-3.19691572469823
-3.42881829598371
-3.6629321715411
-3.89690784847035
-4.12836785877452
-4.35509642432718
-4.57519686923307
-4.78721242792466
-4.99018150217393
-5.1836256980896
-5.36748914157643
-5.54204132977654
-5.70777817333446
-5.86531726051779
-6.01530896916109
-6.15836990580839
-6.29504590875962
-6.4258028198691
-6.55103332856122
-6.67106605978573
-6.78618201087503
-6.89664125442505
-7.00272251577938
-7.10478521795834
-7.20331708122702
-7.29897653355318
-7.3926022753996
-7.48521748711081
-7.57799602957333
-7.67218755273258
-7.7689876275904
-7.86937643499935
-7.9739735547234
-8.08294660904828
-8.1960093273836
-8.31248676075655
-8.43142759098726
-8.5517417122336
-8.67234033696792
-8.7922737458173
-8.91086499831256
-9.0278497022741
-9.14348013260785
-9.25856786615708
-9.37446319355684
-9.49300132078283
-9.61643398509306
-9.74730598225313
-9.88830095178941
-10.0420386931475
-10.2107979830574
-10.3961939531214
-10.5987520217896
-10.8174325718599
-11.0491461473353
-11.2882885091445
-11.5263844658347
-11.7518789627973
-11.950158736285
-12.1038688771865
-12.1935834323659
-12.1989328160005
-12.1002031214097
-11.8803994795855
-11.5276655870325
-11.0378448822919
-10.4168854320751
-9.68256013533648
-8.86489870968987
-8.00452695173376
-7.14829669279211
-6.342357859892
-5.62438471177045
-5.01751532274134
-4.52783855269937
-4.14569901017582
-3.84986026146833
-3.61302593175103
-1.20070137697108
-0.932674029294182
-0.153379103716682
-0.147485129973468
0
0
0
0
