-2.41427085949824
-2.95369933201717
-3.42481851577759
-3.80646228790283
-4.07997577007
-4.23135579549349
-4.25371274581322
-4.14978428987356
-3.93408966064453
-3.63412998272822
-3.2899083174192
-2.95101464711703
-2.67079643102793
-2.49818039857424
-2.46932482719421
-2.60192051300636
-2.89351729246286
-3.32336035141578
-3.85657479212834
-4.44976241771991
-5.05713842465327
-5.63624946887677
-6.1523975959191
-6.58124454204853
-6.90960110150851
-7.13474145302406
-7.26271361571092
-7.3059961612408
-7.28087241833027
-7.20484678561871
-7.09443437136137
-6.96351843613845
-6.82242019359882
-6.67769267008855
-6.53252451236431
-6.38756132125854
-6.24191108116737
-6.09414727871235
-5.94316403682415
-5.78877821335426
-5.6320270391611
-5.47512854062594
-5.32114184819735
-5.17338948983413
-5.03475583516634
-4.907017322687
-4.79036246813261
-4.68322542080512
-4.58248503391559
-4.48396472747509
-4.38309901494246
-4.27560915396764
-4.15806287068587
-4.02825547181643
-3.88537386747507
-3.72993107942434
-3.56351326979124
-3.38841200791872
-3.20719706553679
-3.02229264607796
-2.8356268956111
-2.64844613579603
-2.46131841265238
-2.27427784640055
-2.08704093700418
-1.8992445560602
-1.71065928385808
-1.52134939483725
-1.33175268504195
-1.14268601112641
-0.955282136797905
-0.770878968903652
-0.590877841871518
-0.416602404071734
-0.249208214907692
-0.0896723355847196
0.0611879321245047
0.202745955723983
0.334662232261438
0.456967478080724
0.570053394257019
0.674553869865262
0.771176347365746
0.860583464686687
0.943405455694749
1.02038918320949
1.09258152487186
1.16140807305391
1.22858519966786
1.2959072131377
1.36497486096162
1.43692706181453
1.51224488019943
1.59069886115881
1.67144756592237
1.75324356555939
1.83469538505261
1.91454427975875
1.99190330505371
2.06638999168689
2.13813513975877
2.20768021620237
2.27581082857572
2.34336747572972
2.41106740327982
2.47937225378477
2.54838703228877
2.61779698041769
2.68684270748725
2.75436396782215
2.81891831984887
2.87893164157867
2.93281454306382
2.97901417658879
3.01599821677575
3.04224944114685
3.05630326271057
3.05685270749606
3.04286976960989
3.01369434136611
2.96906029261076
2.90907837794377
2.83418521514306
2.7450536947984
2.64246140993558
2.52712251589848
2.3995461830726
2.25997494734251
2.10846232450925
1.94508994542635
1.77026521242582
1.58500469647921
1.3910998747899
1.19109343565427
0.988060997082637
0.785251179280189
0.585675966854279
0.391746409810506
0.205030640600643
0.0261810843188029
-0.144959860123121
-0.309118612938059
-0.467302618118433
-0.620575109353432
-0.769938795325848
-0.916317301300856
-1.06057941111235
-1.20357386882489
-1.34615109287775
-1.48919855631315
-1.63369000875033
-1.78073083437406
-1.93156878764813
-2.08754743062533
-2.25000000916995
-2.42010292640099
-2.5986992762639
-2.78608924608964
-2.9818004828233
-3.18436051332034
-3.3911339869866
-3.59825642292316
-3.80072786257817
-3.99265412183908
-4.16765878750728
-4.31944344593928
-4.44248192126934
-4.53276746089642
-4.58853705112751
-4.61083181087787
-4.60376979754521
-4.57437995763925
-4.53187546363244
-4.48637168224041
-4.44727404300983
-4.42178460267874
-4.41391280981211
-4.42420002130362
-4.45016701404865
-4.48732273395245
-4.53043321462778
-4.57472698505108
-4.61676799334013
-4.65488973030677
-4.6892182460198
-4.72142160855807
-4.7543233357943
-4.79151102212759
-4.83703114436223
-4.89516925811768
-4.97032510317289
-5.06693150446965
-5.18935485986563
-5.34175395965576
-5.52782377829918
-5.75038088285006
-6.0108139698322
-6.30847035921537
-6.64006350590633
-6.99913993248573
-7.37563907183134
-7.7556026165302
-8.12105850073007
-8.45014836237981
-8.71763860262357
-8.89601025214562
-8.95727517054631
-8.87555760603685
-8.63033412053035
-8.21006452120267
-7.61574125289917
-6.86366429695716
-5.98662831233098
-5.03253148152278
-4.05958408575792
-3.12825149756212
-2.29196412746723
-1.58963395999028
-1.04193517336479
-0.651319721570382
-0.404738131624002
-0.277941731162942
-0.24045358334059
-0.260452615527006
-0.30891343492728
-0.362484804712809
-0.404870702670171
-0.426827545349415
-0.32903407399471
-0.310486004902766
