-1.34012916187445
-1.46976636350155
-1.57256515820821
-1.63710500299931
-1.650064950188
-1.59714763859908
-1.46464028954506
-1.24155172954003
-0.922103595609466
-0.508172617604335
-0.0111427186056972
0.547446561666826
1.13704220329722
1.72145059083899
2.264448021849
2.73666999737422
3.12153395016988
3.41780903935432
3.63822679718335
3.80548397699992
3.94740796089172
4.09238960345586
4.26548669735591
4.4854194521904
4.76265172163645
5.09880699714025
5.48735018571218
5.91519486904144
6.36481090386709
6.81651480992635
7.25068740049998
7.64975273609161
7.99972136815389
8.2911563316981
8.51948098341624
8.68466293811798
8.79040916760763
8.84296337763468
8.84977698326111
8.81813192367554
8.75395679473877
8.66093357404073
8.54007069269816
8.38975814978282
8.20630598068237
7.98484909534454
7.72048672040304
7.40948605537415
7.0503378311793
6.64446791013082
6.19651361306508
5.71418591340383
5.20779840151469
4.68947613239288
4.17216358582179
3.66855363051097
3.19008155663808
2.74609331289927
2.3432969947656
1.98557285467784
1.67411312460899
1.40778305133184
1.18361002703508
0.997355739275614
0.844132597247759
0.718986995518208
0.617368012666702
0.535414093484481
0.470038079967101
0.418835554892818
0.37989008706063
0.351550722184281
0.33224213651071
0.320338018548985
0.314116249481837
0.311804230635365
0.311697181935112
0.312302401910226
0.312451067070166
0.311334063609441
0.308460036913554
0.303566003839175
0.296524314830701
0.287273244311412
0.275775644928217
0.261991576602062
0.245847163101037
0.227197444687287
0.205799344927073
0.181312764063478
0.153323082253337
0.121353831763069
0.084852927364409
0.0431609407726986
-0.00451380594555909
-0.0590895387964944
-0.121559675782919
-0.192894910772642
-0.273914133509
-0.365157184501489
-0.466803371906281
-0.578683669368426
-0.700418084859848
-0.83166615664959
-0.972417732079824
-1.12320660551389
-1.28514627615611
-1.45976407329241
-1.64870468775431
-1.85343217849731
-2.0750383635362
-2.31418812274933
-2.57116774717967
-2.8459604382515
-3.13827657699585
-3.44751240809759
-3.77266482512156
-4.11223498980204
-4.4641820192337
-4.82591613133748
-5.19435882568359
-5.56605712572734
-5.93738126754761
-6.3047802845637
-6.66506477197011
-7.01568202177684
-7.35492503643036
-7.68206465244293
-7.99737536907196
-8.30205980936686
-8.59803779919942
-8.88763093948364
-9.17316269874573
-9.45663563410441
-9.73951244354248
-10.022671063741
-10.306467851003
-10.5908080736796
-10.8751699924469
-11.1585857073466
-11.4396007855733
-11.7163306077321
-11.9866298834483
-12.2483377456665
-12.4995138645172
-12.7385750611623
-12.9643406073252
-13.1760309537252
-13.3732633590698
-13.5560539563497
-13.7247806390127
-13.8800940513611
-14.0227864583333
-14.1536902586619
-14.2736361821493
-14.3835022449493
-14.4843467076619
-14.5775554974874
-14.6649751663208
-14.7489817937215
-14.8324745496114
-14.9188235600789
-15.0117706457774
-15.1152989069621
-15.2334803740184
-15.3702313105265
-15.5289642810822
-15.712154785792
-15.9208195209503
-16.1540137926737
-16.4084439277649
-16.6783277193705
-16.9556210835775
-17.2307813962301
-17.4940716425578
-17.7372388839722
-17.9551083246867
-18.1465493837992
-18.3145248095195
-18.4652632077535
-18.6068949699402
-18.7478202184041
-18.8951298395793
-19.0532751083374
-19.2230819066366
-19.4011112848918
-19.579381942749
-19.745497862498
-19.8831658363342
-19.973192691803
-19.994833946228
-19.9273586273193
-19.7518397967021
-19.4530965487162
-19.02166334788
-18.4556063016256
-16.4403878847758
-15.7086181640625
-13.5410408178965
-12.753688732783
-7.4256108601888
-6.93171874682109
-4.3388946056366
-4.03169091542562
-1.00172773996989
-0.924317757288615
0
0
0
0
0
0
0
0
0
0
0
0
0
0
0
0
0
0
0
0
0
0
0
0
