-1.80784038235159
-2.15284784401164
-2.47077316396377
-2.74397547104779
-2.95235598788542
-3.07451140179354
-3.08958021332236
-2.97975833275739
-2.73335207209868
-2.34802914367003
-1.83370450664969
-1.21431347316898
-0.527658186414663
0.177492384524906
0.847660721882301
1.43372335438343
1.90018062907107
2.23112014111351
2.43106894282734
2.52155262933058
2.5354184403139
2.51079696066239
2.48580018211814
2.49436704200857
2.56331211328506
2.71056417507284
2.94450374561198
3.26424220029046
3.66059993295109
4.11755632652956
4.61404496080735
5.12605131373686
5.62898177259109
6.10014073988971
6.52102220759672
6.87897704629337
7.16795464122997
7.38819357928108
7.54503222072826
7.64716406429515
7.70471073599423
7.72739107468549
7.72298997991225
7.69628962348489
7.6485655448016
7.57769724901985
7.47889313978307
7.34590199414422
7.17246181824628
6.95365283068489
6.68690395355225
6.37254956189324
6.01391107895795
5.61695800108068
5.18962416929357
4.7409166728749
4.27996880867902
3.81523523611181
3.35395721127005
2.90195116576026
2.46370571501115
2.04270313066595
1.64182812852018
1.26372657716274
0.911020753576475
0.586365119280184
0.292364580337616
0.0313740644384833
-0.194791031498051
-0.385169435073348
-0.539907299420413
-0.660370816202725
-0.749096751213074
-0.80960451855379
-0.846112268812516
-0.863193459370557
-0.86541629188201
-0.85701051529716
-0.841594636440277
-0.821979603346656
-0.800049578442293
-0.776729909812703
-0.752055539804346
-0.725353489903843
-0.69552700659808
-0.661401093006134
-0.622056869899525
-0.577078694806379
-0.526666276595172
-0.471604194711236
-0.413114707259571
-0.35263500055846
-0.291576516978881
-0.23112752244753
-0.172145196401021
-0.115150382194449
-0.0604113575673717
-0.00809539550477091
0.0415325551088352
0.0878911188200993
0.129891616292298
0.165833601070678
0.193430094815352
0.20997501778252
0.21263715843944
0.198833192096037
0.166598680703079
0.114869568058673
0.0436139306710923
-0.046196980840143
-0.15275365574395
-0.273667866692824
-0.406286991694394
-0.548028768861995
-0.696704229887794
-0.850793025072883
-1.0096318265971
-1.17348261089886
-1.34347823086907
-1.5214611081516
-1.70974511959974
-1.91082934071036
-2.12710855287664
-2.3606258280137
-2.61289196855882
-2.88476158590878
-3.17634892463684
-3.4869736923891
-3.81515034507303
-4.15864649940939
-4.51463519825655
-4.87992166070377
-5.25122928619385
-5.62546797359691
-5.99998768638162
-6.37276576547062
-6.74255441216861
-7.10895580403945
-7.47239031511195
-7.83390836154713
-8.1948428995469
-8.55636922050925
-8.919077761033
-9.28269010431626
-9.64599620594698
-10.0069694519043
-10.3630057503195
-10.7111679525936
-11.0484028423534
-11.3717223335715
-11.6783748514512
-11.9660153108485
-12.2328556285185
-12.4777761347154
-12.7003503126257
-12.9008335225722
-13.0801055010627
-13.2395995644962
-13.3812299616197
-13.5073353262509
-13.6206828846651
-13.7244558334351
-13.8222222608678
-13.9178406210507
-14.0153087167179
-14.1185713936301
-14.2312831317677
-14.3565577338724
-14.4967061211081
-14.6529493331909
-14.825153911815
-15.0116021773394
-15.2089278277229
-15.4122983708101
-15.6159443574793
-15.8139801586376
-16.0013235877542
-16.1743992637185
-16.3314065372243
-16.4721621906056
-16.597651088939
-16.7094243554508
-16.8090533088235
-16.8976922876695
-16.9758472442627
-17.0434012132532
-17.0998366860782
-17.1445696213666
-17.1773386562572
-17.1985166213092
-17.2092801823336
-17.2116055208094
-17.2081289291382
-17.2019046334659
-17.1961272744571
-17.193826787612
-17.1975550371058
-17.2089644039378
-17.2282223981969
-17.2532368267284
-17.2787832933314
-17.2956461625941
-17.2899944081026
-17.2430991004495
-17.1316089069142
-16.9285354053273
-16.605034828186
-16.1329104479621
-15.4877906687119
-14.6527441249174
-12.1066847408519
-11.0201304379631
-7.30907069935518
-5.77364714005414
-2.97883987426758
-2.00007040360395
-0.338707026313333
-0.249488269581514
0
0
0
0
0
0
0
0
0
0
0
0
