-4.16269903182983
-3.936110663414
-3.68313589096069
-3.40598521232605
-3.10475425720215
-2.77777633666992
-2.42276298999786
-2.03866173028946
-1.62795913219452
-1.1989327788353
-0.767112413048744
-0.355029662325978
0.0105565458536148
0.303871176764369
0.506097754836082
0.609672571718693
0.619557511433959
0.551843193918467
0.430767434835434
0.285054474323988
0.144193980842829
0.0350746806710958
-0.0206691032741219
-0.00832016356289387
0.0793323837220669
0.242334267497063
0.474542671442032
0.764931440912187
1.09904567077756
1.46053188145161
1.83270229697227
2.20003101825714
2.54943115711212
2.87117736339569
3.15940194129944
3.41214256286621
3.63091878890991
3.81982889175415
3.98432092666626
4.12990660667419
4.26109147071838
4.3806892156601
4.48957216739655
4.5868241071701
4.67020854949951
4.73682250976563
4.78378520011902
4.80882353782654
4.8106499671936
4.78909316062927
4.74499878883362
4.67996025085449
4.59594559669495
4.49492044448853
4.37852172851562
4.24784815311432
4.10342469215393
3.94535479545593
3.77364959716797
3.58867983818054
3.39161698818207
3.18474333286285
2.97151432037354
2.75636874437332
2.54432631731033
2.34046392440796
2.14936735630035
1.97465385198593
1.81863631606102
1.68219154477119
1.56485868096352
1.46515854597092
1.38105756044388
1.31044707894325
1.25151544809341
1.202935308218
1.16386947035789
1.13385262489319
1.1126174390316
1.09991911649704
1.09538383483887
1.09839251637459
1.10800924301147
1.12296065688133
1.14167895913124
1.16240665316582
1.18335256576538
1.20287228226662
1.21963644623756
1.23275452256203
1.24183307290077
1.24695402383804
1.24857088327408
1.24733189940453
1.24386410117149
1.23856897354126
1.23146183490753
1.22207186222076
1.20941699743271
1.1920681476593
1.16830945014954
1.13637329339981
1.09471122026443
1.04224088191986
0.978531908988953
0.903905165195465
0.819447040557861
0.726945412158966
0.628756123781204
0.527608087658882
0.426363176107407
0.327754071354866
0.234120756387711
0.147164889425039
0.0677339377813041
-0.00435072099789977
-0.0703972473740578
-0.132849844545126
-0.195176441967487
-0.261630317568779
-0.33689336180687
-0.425626251101494
-0.531967583298683
-0.659043616056442
-0.80855792760849
-0.980542981624603
-1.17336201071739
-1.38403377532959
-1.60888097286224
-1.84438432455063
-2.08799749612808
-2.33864908218384
-2.59677932262421
-2.86396992206573
-3.14235219955444
-3.43401257991791
-3.74051775932312
-4.06258990764618
-4.39990468025208
-4.7510157585144
-5.11338725090027
-5.48354601860046
-5.85729975700378
-6.23001956939697
-6.59692826271057
-6.95340027809143
-7.29524927139282
-7.61897230148315
-7.92192621231079
-8.20240287780762
-8.45964202880859
-8.6937502861023
-8.90558948516846
-9.09660558700562
-9.26862802505493
-9.42367649078369
-9.56378955841064
-9.69090595245361
-9.80683488845825
-9.91328382492065
-10.0119330406189
-10.1044946670532
-10.1927189826965
-10.2783496856689
-10.3630211830139
-10.4481837272644
-10.5350261688232
-10.6244179725647
-10.7168841362
-10.8125844955444
-10.9113596916199
-11.0128261566162
-11.1165217399597
-11.2220442771912
-11.3291419029236
-11.4377165794373
-11.5477715492249
-11.6593095779419
-11.772234916687
-11.8862905502319
-12.0010250091553
-12.1158006668091
-12.2297782897949
-12.341931438446
-12.4510431289673
-12.5557609558105
-12.6547291755676
-12.7468011856079
-12.8312960624695
-12.9082626342773
-12.9786301612854
-13.0442084312439
-13.1075299263
-13.1715753555298
-13.2394115447998
-13.3137667655945
-13.3965475082397
-13.4883297920227
-13.5878454208374
-13.6915084838867
-13.7930213928223
-13.8830704689026
-13.949205493927
-13.9759734153748
-13.9454079627991
-13.8379163742065
-13.6336625099182
-13.3144646644592
-12.8661876678467
-12.2813974380493
-11.561958026886
-10.7211085319519
-8.82590522766113
-7.9287974357605
-7.01755757331848
-6.13265404701233
-2.35503034591675
-2.02678790092468
-1.29601564407349
-1.11639797687531
0
0
0
0
0
0
0
0
0
0
