-1.06885582429391
-1.03923452562756
-0.959088034100003
-0.806587689452701
-0.55756636902138
-0.187677303398097
0.324578595934091
0.994144406583574
1.82537014837618
2.8081709102348
3.91510008882593
5.10023373144644
6.30078345757944
7.44211156279952
8.44609235834192
9.24164288132279
9.77500255019577
10.0170142915514
9.96578841739231
9.64476405249702
9.09724772417987
8.37889823207149
7.54987063231292
6.6680796234696
5.78443564309014
4.94006623162164
4.16510538701658
3.47854883582504
2.88885902475428
2.39522963541525
1.98941236513632
1.65792488610303
1.38436563588955
1.15158658005573
0.943554892860077
0.7468348727734
0.551657924773516
0.352556568397968
0.148568689167775
-0.0569725466409215
-0.257080377321
-0.442230663365788
-0.601938123366347
-0.726654477969364
-0.809682028333622
-0.848680187603114
-0.846334805643117
-0.809951078146696
-0.750079568889406
-0.678615668305644
-0.606913301955771
-0.544355140516051
-0.497609124139503
-0.470568469277135
-0.464795271555583
-0.48020546414234
-0.515762725362071
-0.570022584111602
-0.64145713934192
-0.728547173517722
-0.829686392236639
-0.942982338092945
-1.06608278221554
-1.19615019692315
-1.33003396899612
-1.46459771085668
-1.59709807236989
-1.7255067648711
-1.84869745484105
-1.96647156609429
-2.07945064262108
-2.18888271737982
-2.29641230901082
-2.40383456371449
-2.51285801993476
-2.62488904705754
-2.74085994119997
-2.86112145141319
-2.98540900371693
-3.11288674672445
-3.24227399296231
-3.3720393092544
-3.50065453847249
-3.62686533398098
-3.74995131845827
-3.8699438130414
-3.9877723676187
-4.10532919565837
-4.22544408727575
-4.35178269280328
-4.48865008354187
-4.64071017724496
-4.81262874603271
-5.00871525870429
-5.23259447239063
-5.48694766009295
-5.77330559271353
-6.09188934608742
-6.44153116367481
-6.8197247893722
-7.22285187685931
-7.64652584217213
-8.08597940868802
-8.53640107755308
-8.99324424178512
-9.45246904867667
-9.91079330444336
-10.3658397815846
-10.8161527845595
-11.2610475752089
-11.7003533045451
-12.1341538959079
-12.5625967449612
-12.9858341217041
-13.4040537940131
-13.8175355063544
-14.2266853827017
-14.6320270608973
-15.0341453905459
-15.4336365240592
-15.8310573365953
-16.2269020786992
-16.6215991620664
-17.0154837502374
-17.4087881865325
-17.8016017631248
-18.193834234167
-18.5852321342186
-18.9754156889739
-19.363969096431
-19.7505244502315
-20.1348502547653
-20.516848175614
-20.8965291623716
-21.2739209069146
-21.6489928210223
-22.0215858176902
-22.391445018627
-22.7583000748246
-23.121974379928
-23.4824451870388
-23.8398813318323
-24.1946224636502
-24.5471231672499
-24.8978526503951
-25.2471304293032
-25.5949258451109
-25.9405882093642
-26.2825782917164
-26.6182553326642
-26.9437579402217
-27.2541373923973
-27.5436672634549
-27.8063639888057
-28.0366270277235
-28.2300148010254
-28.3840918364348
-28.4991889529758
-28.5789452305547
-28.6304406766538
-28.6637118304217
-1.09563827514648
0
0
0
0
0
0
0
0
0
0
0
0
0
0
0
0
0
0
0
0
0
0
0
0
0
0
0
0
0
0
0
0
0
0
0
0
0
0
0
0
0
0
0
0
0
0
0
0
0
0
0
0
0
0
0
0
0
0
0
0
0
0
0
0
0
0
0
0
