-0.488916939124465
-0.508063852787018
-0.466869113966823
-0.33566124830395
-0.0842225978267379
0.31535077560693
0.885272216051817
1.63836736232042
2.57435198128223
3.67651565372944
4.90939077734947
6.2181561589241
7.53060153126717
8.7623496055603
9.82549595832825
10.6399078369141
11.1449982523918
11.3087342977524
11.1311371922493
10.6417710781097
9.89277839660645
8.94970494508743
7.88204085826874
6.75506383180618
5.62402579188347
4.53109335899353
3.50469775497913
2.56060108542442
1.70391898602247
0.931555055081844
0.234718387946486
-0.398671109229326
-0.981851171702147
-1.52743919938803
-2.04596342146397
-2.54459065198898
-3.0260092318058
-3.48759151995182
-3.9210794121027
-4.31305560469627
-4.64642050862312
-4.90290603041649
-5.06629067659378
-5.1255863904953
-5.07743072509766
-4.92710000276566
-4.68800768256187
-4.37992060184479
-4.02641016244888
-3.65208669006824
-3.28005370497704
-2.92987488210201
-2.61626634001732
-2.34857249259949
-2.13096064329147
-1.96317462623119
-1.84167353063822
-1.7609696239233
-1.7149815633893
-1.69820600748062
-1.70653264969587
-1.73758780956268
-1.79058882594109
-1.86582102626562
-1.9639215990901
-2.08517169952393
-2.22894601523876
-2.39341313391924
-2.5755178257823
-2.77123282849789
-2.97602657973766
-3.18543614447117
-3.39563238620758
-3.60387259721756
-3.8087747246027
-4.01036070287228
-4.20989081263542
-4.40953227877617
-4.61195887625217
-4.81993275880814
-5.03593388199806
-5.26186418533325
-5.49886259436607
-5.74729579687119
-6.00693637132645
-6.27729335427284
-6.55799981951714
-6.84913286566734
-7.15137872099876
-7.46600458025932
-7.79468059539795
-8.13919839262962
-8.50113922357559
-8.88154762983322
-9.28068053722382
-9.69789636135101
-10.1316604614258
-10.5796637535095
-11.0389981865883
-11.506405711174
-11.9785758852959
-12.4524455666542
-12.9254342317581
-13.3955908417702
-13.8616492152214
-14.3229892849922
-14.7795915603638
-15.2319199442863
-15.6807453036308
-16.1269075274467
-16.571074962616
-17.0135850906372
-17.4543761014938
-17.8930013179779
-18.3287039995193
-18.7605410814285
-19.1875622272491
-19.6089859008789
-20.0243233442307
-20.4334278106689
-20.8364638090134
-21.2338190078735
-21.6259566545486
-22.0132839679718
-22.3959972858429
-22.7739950418472
-23.1467880010605
-23.5134900808334
-23.8728629350662
-24.2234120368958
-24.563612818718
-24.8921879529953
-25.2084048986435
-25.5122674703598
-25.8045855760574
-26.086904168129
-26.3613950014114
-26.630685210228
-26.8976732492447
-27.165375828743
-27.4368137121201
-27.7148585319519
-28.0019556283951
-28.2997050285339
-28.608340382576
-28.9261142015457
-29.2487325668335
-29.5687918663025
-29.8753805160522
-30.1538558006287
-30.3859078884125
-30.5500086545944
-30.6223603487015
-30.5783861875534
-30.3947765827179
-30.0521855354309
-29.5383373498917
-28.8513551950455
-28.002702832222
-27.0189926624298
-25.9417344331741
0
0
0
0
0
0
0
0
0
0
0
0
0
0
0
0
0
0
0
0
0
0
0
0
0
0
0
0
0
0
0
0
0
0
0
0
0
0
0
0
0
0
0
0
0
0
0
0
0
0
0
0
0
0
0
0
0
0
0
0
0
0
0
0
0
0
0
0
0
