-0.391891193886598
-0.454968559245269
-0.474884485205015
-0.424934282898903
-0.276256603499254
-6.65873909989993e-05
0.429462465147177
1.03177709877491
1.81622819105784
2.77845154205958
3.89736251036326
5.1334327061971
6.42908477783203
7.71223680178324
8.90389013290405
9.92939885457357
10.7307790915171
11.2760237058004
11.56258837382
11.6147731145223
11.4765928586324
11.2024425665538
10.8479263782501
10.4625919659932
10.0852807362874
9.74206384023031
9.44611529509226
9.19902280966441
8.99306213855743
8.81417044003805
8.64523649215698
8.46932303905487
8.27236890792847
8.04507394631704
7.78387359778086
7.49105219046275
7.17410810788472
6.84447705745697
6.51578978697459
6.20193326473236
5.91515874862671
5.66446522871653
5.45443238814672
5.28468877077103
5.15012282133102
5.04181232055028
4.94851285219193
4.85842941204707
4.76092970371246
4.64791379372279
4.51464092731476
4.35993695259094
4.18581600983938
3.99663752317429
3.7979985276858
3.59559402863185
3.39427930116653
3.19748075803121
3.00698487957319
2.82306134700775
2.64481837550799
2.47070804238319
2.29908349116643
2.12870186567307
1.95908077557882
1.79064731796583
1.62466767430305
1.46298222243786
1.30762526144584
1.16042821109295
1.02270199110111
0.895057572672764
0.777364238786201
0.668810121094187
0.568033323002358
0.473309541742007
0.382783226358394
0.294719131508221
0.207725689125558
0.120904074671368
0.0338953888664643
-0.0531671255206068
-0.139769483823329
-0.22516048575441
-0.308512996261319
-0.389105253542463
-0.466520200483501
-0.54084188491106
-0.612816154956818
-0.683949448168278
-0.756536560753981
-0.833616361021996
-0.918856864174207
-1.01636016865571
-1.1303806056579
-1.26496092478434
-1.42351598044236
-1.60839974880219
-1.82051682472229
-2.05903887748718
-2.32130310932795
-2.6029670437177
-2.89843992392222
-3.20155411958694
-3.50635403394699
-3.80786192417145
-4.10265113910039
-4.38910873730977
-4.66738239924113
-4.93907606601715
-5.20681397120158
-5.47377161184947
-5.74325581391652
-6.01836236317952
-6.30172630151113
-6.59532574812571
-6.9003697236379
-7.21725618839264
-7.54559350013733
-7.88424269358317
-8.23136599858602
-8.58454211552938
-8.94093569119771
-9.29753724733988
-9.65139540036519
-9.99983437856038
-10.3406279087067
-10.6720833778381
-10.9930775165558
-11.3030500411987
-11.60196296374
-11.8902510007222
-12.1687653859456
-12.4386870861053
-12.7014409701029
-12.9585937658946
-13.211775302887
-13.462636311849
-13.7128523985545
-13.9641261100769
-14.2181654771169
-14.4766018390656
-14.7409133911133
-15.0123341083527
-15.2918004194895
-15.5798871517181
-15.8767173290253
-16.181778828303
-16.493733326594
-16.8101768493652
-17.1274666786194
-17.4405919710795
-17.743191242218
-18.0276819864909
-18.2856012980143
-18.5080655415853
-18.6864000956217
-18.8128827412923
-18.8816661834717
-18.8897240956624
-18.8377588589986
0
0
0
0
0
0
0
0
0
0
0
0
0
0
0
0
0
0
0
0
0
0
0
0
0
0
0
0
0
0
0
0
0
0
0
0
0
0
0
0
0
0
0
0
0
0
0
0
0
0
0
0
0
0
0
0
0
0
0
0
0
0
0
0
0
0
0
0
0
