-2.47701645559735
-2.89453436930974
-3.29307844903734
-3.65985418690576
-3.98018867439694
-4.23831478754679
-4.41880762577057
-4.5087283982171
-4.50037648942735
-4.39428538746304
-4.2019524441825
-3.9476396507687
-3.66848668787214
-3.41203108098772
-3.23032250669267
-3.17089158958859
-3.26700879467858
-3.53087994787428
-3.95192292001512
-4.4996481206682
-5.12949771351284
-5.79016375541687
-6.43114142947727
-7.0093190934923
-7.49365443653531
-7.86741134855482
-8.12801906797621
-8.28503436512417
-8.35692938168844
-8.36736777093675
-8.34149275885688
-8.3025877210829
-8.26940398746067
-8.25442247920566
-8.26318091816372
-8.29468088679844
-8.34267271889581
-8.39752062161764
-8.4483196205563
-8.48493202527364
-8.49964547157288
-8.48829322391086
-8.45070070690579
-8.39042464892069
-8.31388960944282
-8.22907887564765
-8.14402990871006
-8.06542984644572
-7.99753883149889
-7.94165240393745
-7.89616780810886
-7.85721249050564
-7.81961279445224
-7.77798695034451
-7.72770200835334
-7.66555545065138
-7.59010566605462
-7.50163880983988
-7.40181583828396
-7.2930743959215
-7.17793350749546
-7.05835217899746
-6.93527926339044
-6.80846524238586
-6.67654861344232
-6.53738215234545
-6.38851650555929
-6.22772987683614
-6.05349400308397
-5.86525640222761
-5.66349074575636
-5.44952009783851
-5.22520044114855
-4.99258697032928
-4.75365636083815
-4.51012334558699
-4.26337385177612
-4.01453518867493
-3.76463312572903
-3.51475551393297
-3.26616157756911
-3.0203160279327
-2.77885978420575
-2.5435320817762
-2.31606228318479
-2.09805523803354
-1.8908815912178
-1.69557616388839
-1.51276334292359
-1.34263029766993
-1.18496762009131
-1.03926880119575
-0.904858519633611
-0.781002809604009
-0.666969608929422
-0.56203479733732
-0.46545616702901
-0.376443364553981
-0.294157828618255
-0.21776146410654
-0.146506193585487
-0.0798181870745288
-0.0173325178523858
0.0411351215508249
0.0956412731773323
0.146145083838039
0.192523880137338
0.234609022322628
0.272263388459881
0.305479203143881
0.334472791809175
0.359749432239268
0.382115581797229
0.402624787141879
0.422459348208374
0.442771701349152
0.464520633220673
0.488334625959396
0.514432824320263
0.54261467512697
0.572310113865468
0.602656779707306
0.632586498476384
0.660920385892192
0.686470955196354
0.708137243158288
0.724974023799101
0.736234492725796
0.741395216849115
0.740177252226406
0.73256254196167
0.718794254793061
0.699353787634108
0.674924241171943
0.646356976694531
0.614643336998092
0.580880239605904
0.546211966209941
0.511749410794841
0.47848431352112
0.44722489391764
0.418568967324164
0.392905082553625
0.370412660969628
0.351041636326247
0.334476760278145
0.320102867566877
0.306989473859883
0.293899218034413
0.279324270577894
0.261552317067981
0.238765232420216
0.209167652866907
0.171140444982383
0.123409700204825
0.0652158336920871
-0.00354455568594858
-0.0822331501791875
-0.169453169115716
-0.263097852520231
-0.360441444234716
-0.458252427478631
-0.552919246256351
-0.640597393115362
-0.717394449644619
-0.779618417223295
-0.82410282558865
-0.848599864376916
-0.852206120888392
-0.835747980409198
-0.802054908540514
-0.756044227215979
-0.704515809814135
-0.65554110540284
-0.617361788948377
-0.596925255325105
-0.598531835609012
-0.623180435763465
-0.668809195359548
-0.73113428387377
-0.804665870136685
-0.883638643556171
-0.962750815682941
-1.0376835597886
-1.10541952318615
-1.1643999185827
-1.21456808514065
-1.25732647048102
-1.29542739523782
-1.33280596468184
-1.37436545557446
-1.42572991053263
-1.49298051993052
-1.58237523502774
-1.70003127389484
-1.85153730710347
-2.04148405128055
-2.27291684680515
-2.54673159122467
-2.86104936069912
-3.21062563525306
-3.58637179268731
-3.97505766815609
-4.35926622814602
-4.71768339474996
-5.02581233448452
-5.25720241334703
-5.38521967993842
-5.38533578978644
-5.237846215566
-4.93088616265191
-4.46348302894168
-3.84823142157661
-3.11289502514733
-2.30006073580848
-1.4638440211614
-0.663048307100932
0.0483647657351361
0.630448987086614
1.06243038839764
1.34244350592295
1.48338369528453
1.5073948568768
1.44075768523746
1.30995596117444
1.13908852802383
0.948481619358063
0.754234317276213
0.56838824848334
0.399439140326447
