-0.626761511778054
-0.933984711118366
-1.23061664013759
-1.5091531522896
-1.75908834001292
-1.96715925050818
-2.11835183268008
-2.1977364913277
-2.19302522099536
-2.09750889176908
-1.91281544125598
-1.65089622010355
-1.33469719731289
-0.996963526891625
-0.676510731163232
-0.411960617679617
-0.234520787778108
-0.162404184513118
-0.198586163645023
-0.331868347995307
-0.540186758274617
-0.794958819513736
-1.06555670499802
-1.32333509300066
-1.54482404563738
-1.71380304771921
-1.82213917504186
-1.86950256513513
-1.86222980851712
-1.81168749539748
-1.7323803746182
-1.63995613740838
-1.54924064097197
-1.47248257243115
-1.41806809798531
-1.38991873160652
-1.38763805575993
-1.40728219177412
-1.44254286911177
-1.48610263803731
-1.53093927321227
-1.57137644809225
-1.60375754729561
-1.62669652441274
-1.64092254638672
-1.64879343820655
-1.65360526934914
-1.65885705014934
-1.66759969358859
-1.68193699484286
-1.7027084360952
-1.72937186386274
-1.76008495558863
-1.79197275120279
-1.82155122445977
-1.84524462015732
-1.85987962328869
-1.86304079967996
-1.85324099271194
-1.82994632617287
-1.79348698906277
-1.74486392477284
-1.68548224801603
-1.61687968088233
-1.54051225600035
-1.45761869005535
-1.3691654930944
-1.27584932161414
-1.17813786734705
-1.07633580850518
-0.970675984154577
-0.861434949480969
-0.749043180242829
-0.634145263096561
-0.517589082050583
-0.400351321243722
-0.283407665465189
-0.167564897069141
-0.0533086671291486
0.0592592224154783
0.17036353043564
0.280408523450403
0.389796280140138
0.498761934106765
0.607268849792688
0.714986754500348
0.821336115184038
0.925558269023895
1.02677697461584
1.12404997193295
1.2164262999659
1.30302982226662
1.38317264162976
1.45647717040518
1.52295714357625
1.58300688474075
1.63727883670641
1.68647274245387
1.73110366904217
1.77132048814193
1.80683232908664
1.83694768470267
1.86069480750872
1.87697429760643
1.8847175784733
1.8830452794614
1.87140185418336
1.84963408242101
1.81800212030825
1.77713354774143
1.72793592059094
1.67146953810816
1.60881469042405
1.54096509062726
1.46876099835271
1.39285566495812
1.3137100831322
1.23162864861281
1.14683019596597
1.05951764531758
0.969930941643922
0.87837706182314
0.7852461454661
0.69102116641791
0.596281093099843
0.501695285672727
0.408001771439677
0.31597176761083
0.226371443830431
0.13993859064826
0.0573720256595508
-0.0206815878172284
-0.0936486329275953
-0.161051505619822
-0.222535204000609
-0.277910235783328
-0.327212312947149
-0.370760225083517
-0.409188756476278
-0.443444797526235
-0.474746877732484
-0.50452200744463
-0.534329742193222
-0.565785646438599
-0.600497387025667
-0.640025101278139
-0.685861110687256
-0.739415133776872
-0.801990869252578
-0.874750761882119
-0.958663160386293
-1.05442976174147
-1.16241030848545
-1.28256737667581
-1.41445192565089
-1.55722422703453
-1.70970491741015
-1.87043975228849
-2.03776691270911
-2.20987029179283
-2.38481514350228
-2.56056853999262
-2.73502588272095
-2.90605322174404
-3.07155191380045
-3.22953649189161
-3.37823429314987
-3.51620777793553
-3.6425286375958
-3.75698453447093
-3.86028880658357
-3.95421355703603
-4.04157282995141
-4.12598654498225
-4.21144231506016
-4.30170495613762
-4.39974200207254
-4.50733060422151
-4.62492699208467
-4.7517697500146
-4.88616597134134
-5.02591251290363
-5.16878640133402
-5.31298728611158
-5.45743411520253
-5.60187130389006
-5.74680357394011
-5.89334948166557
-6.04308771050495
-6.19793377751889
-6.36005986255148
-6.53183682068534
-6.71578148136968
-6.91450855006342
-7.13063522007154
-7.36661643567293
-7.62447740720666
-7.90544418666674
-8.20946282925813
-8.53460913119109
-8.87639253035836
-9.22701760996943
-9.57472013390583
-9.90335165936014
-10.1923953346584
-10.4176135270492
-10.5523415441098
-10.5694864521856
-10.4441817325094
-10.1570017441459
-9.69756939100183
-9.06811017575471
-8.28628689309825
-7.38647730454155
-6.41855822438779
-5.44341541373211
-4.52497556935186
-3.71987993820854
-3.06776983841606
-2.58559682058251
-2.26738179248312
-2.08832466602325
-2.01131507106449
-1.99423011489536
-1.91022712251414
-1.89813856974892
-1.68472603611324
-1.59906599832618
-0.444459002950917
-0.392472065013388
