-0.537388964132829
-0.508903958580711
-0.389349615032023
-0.146771057762883
0.24899047748609
0.822653976353732
1.58941467241807
2.55077420581471
3.69079238718206
4.97342785921964
6.34176020188765
7.72005371613936
9.01959401910955
10.1484899520874
11.0239153775302
11.5837989286943
11.7948754050515
11.6553203409368
11.1920261383057
10.454119682312
9.50456619262695
8.41147474809126
7.24043707414107
6.04885482788086
4.88264682076194
3.77512487498197
2.74743921106512
1.80993189594962
0.96395450017669
0.203946093943986
-0.480266645550728
-1.10100721838799
-1.67028113251383
-2.19755504889922
-2.68800601092252
-3.14146333391016
-3.55227403207259
-3.91032422672619
-4.20314608920704
-4.41873088749972
-4.5483266657049
-4.58853895013983
-4.5423039523038
-4.41872787475586
-4.23201938108964
-3.99987212094394
-3.74160903150385
-3.47636556625366
-3.22149040482261
-2.99128398028287
-2.79611973329024
-2.64198097315702
-2.53048439459367
-2.45944294062528
-2.42391923340884
-2.41756738315929
-2.43397390842438
-2.46772071448239
-2.51500558853149
-2.57378973744132
-2.64353332736275
-2.72464580969377
-2.81781127236106
-2.92336940765381
-3.04088515585119
-3.16898015412417
-3.30542685768821
-3.44745661995628
-3.59220307523554
-3.73718038472262
-3.88071258501573
-4.02222850105979
-4.16238302534277
-4.3029770526019
-4.44671551747756
-4.59686522050337
-4.7568834586577
-4.93005535819314
-5.11916374076496
-5.32622116262263
-5.55229410258206
-5.79746736179699
-6.06095680323514
-6.34134275263006
-6.63688243519176
-6.94580693678422
-7.26656046780673
-7.59789848327637
-7.93883020227606
-8.28841803290627
-8.64554847370495
-9.00875802473588
-9.37616200880571
-9.74544720216231
-10.1139296618375
-10.4787331494418
-10.8371038003401
-11.1867809295654
-11.5263174230402
-11.855240908536
-12.1740481636741
-12.4840971339833
-12.7874277288263
-13.0865359739824
-13.3841168663718
-13.6828281229193
-13.9851195595481
-14.2931443994695
-14.6087248542092
-14.9333765723489
-15.2683173092929
-15.614463372664
-15.9724054336548
-16.3423939618197
-16.7243543104692
-17.1179044029929
-17.5223151987249
-17.9363920905373
-18.3583825718273
-18.7859595038674
-19.2164103768089
-19.646918036721
-20.0748604861173
-20.4980413263494
-20.9147893732244
-21.3239560560747
-21.7247923070734
-22.1167333776301
-22.4991436004639
-22.8711225336248
-23.2314645593817
-23.5787743655118
-23.9117268649015
-24.2292957305908
-24.5310394980691
-24.817233692516
-25.0889830155806
-25.3482438867742
-25.5977573394775
-25.8409068367698
-26.0814848813144
-26.3234030983665
-26.5703775232488
-26.825609033758
-27.0915015827526
-27.3693922216242
-27.6593050523238
-27.9596980701793
-28.2672217975963
-28.5764541625977
-28.8796551444314
-29.1666720997203
-29.4249519001354
-29.6398622339422
-29.7951439944181
-29.8735769445246
-29.8579191728072
-29.7322259382768
-29.4835532795299
-29.1037375710227
-28.5909085707231
0
0
0
0
0
0
0
0
0
0
0
0
0
0
0
0
0
0
0
0
0
0
0
0
0
0
0
0
0
0
0
0
0
0
0
0
0
0
0
0
0
0
0
0
0
0
0
0
0
0
0
0
0
0
0
0
0
0
0
0
0
0
0
0
0
0
0
0
0
