-0.67185374101003
-0.616238454977671
-0.453581763165338
-0.153374263218471
0.311208191372099
0.959548300220853
1.79963603473845
2.8243765376863
4.00875884010678
5.30864138830276
6.66201518830799
7.99365282058716
9.22369884309315
10.2793837501889
11.1067576181321
11.6785074869792
11.9956323986962
12.083593141465
11.9848593757266
11.7500998179118
11.4299577985491
11.068888210115
10.7016141982306
10.3519669487363
10.0334598450434
9.75096157618931
9.50289721716018
9.28358295985631
9.08542555854434
8.90085324786958
8.72378426506406
8.55056590125674
8.38031918661935
8.21473982220604
8.05749770573207
7.91332169941493
7.78693884894961
7.68202647708711
7.60033221471877
7.54110972086589
7.50093121755691
7.47388283411662
7.45210093543643
7.42655567895798
7.38797101520357
7.32774968374343
7.23879030772618
7.11611672810146
6.95724326088315
6.7622515133449
6.5335636138916
6.27547972542899
5.99356238047282
5.69396452676682
5.38280993416196
5.06568540845598
4.7473152478536
4.43141074407668
4.12070038205101
3.81707780701774
3.52181467555818
3.23579287528992
2.95970153808594
2.69417711666652
2.43990208421435
2.19766269979023
1.96836019697643
1.75294401532128
1.55227137463433
1.36693785587947
1.19712153502873
1.04247895308903
0.90211514773823
0.774655443571863
0.658397850181375
0.551499036096391
0.452143569742995
0.358670255751349
0.269652417284392
0.183929128306253
0.100583815060201
0.0188570535253911
-0.0620050793070169
-0.142937910077827
-0.225220637024558
-0.310559853955749
-0.401071699424869
-0.499190867568056
-0.607537484594754
-0.728768271349725
-0.86541907276426
-1.01974070781753
-1.19352559532438
-1.38792941116151
-1.60331540164493
-1.83916900271461
-2.09412400495438
-2.36612776347569
-2.65274404911768
-2.95154887153989
-3.26052561260405
-3.57833757854643
-3.90441508520217
-4.23885085469201
-4.58215722583589
-4.93495005653018
-5.29763934725807
-5.67019655590966
-6.05203787485758
-6.44202566146851
-6.83856210254488
-7.2397502944583
-7.64359462828863
-8.04823534829276
-8.45217028118315
-8.85443201519194
-9.25466878073556
-9.65312153952462
-10.0504933311826
-10.4477511814662
-10.8459190187
-11.2458454767863
-11.6480061213175
-12.0523377373105
-12.4581608545213
-12.8641831080119
-13.2685912450155
-13.6691842760359
-14.0635528564453
-14.4493210202172
-14.8244262876965
-15.1873726163592
-15.5374296733311
-15.8747484570458
-16.2004255113148
-16.5165432521275
-16.8261755988711
-17.1333322979155
-17.4428270430792
-17.760009765625
-18.0904220399402
-18.4393137068976
-18.8111034574963
-19.2087768373035
-19.6332232157389
-20.0825232551211
-20.5513105846587
-21.0301342010498
-21.5050518399193
-21.9575225285121
-22.3646561758859
-22.6999998546782
-22.9349537804013
-23.040833064488
-22.9917335510254
-22.7679579598563
-22.3596834455218
-21.770414352417
-21.019443602789
-20.1426523299444
-19.1906971704392
0
0
0
0
0
0
0
0
0
0
0
0
0
0
0
0
0
0
0
0
0
0
0
0
0
0
0
0
0
0
0
0
0
0
0
0
0
0
0
0
0
0
0
0
0
0
0
0
0
0
0
0
0
0
0
0
0
0
0
0
0
0
0
0
0
0
0
0
0
