-0.218454438059226
0.227983437842973
0.679506849335588
1.1315858701001
1.5785379798516
2.01344142271125
2.42845344025156
2.81548077127208
3.16703301927318
3.47707158586253
3.74179753013279
3.96039059887762
4.13565159880597
4.27427559313567
4.38632069463315
4.48357177817303
4.57704879926599
4.67448110165803
4.77864410566247
4.88708324017732
4.99320067530093
5.08815139272939
5.1629087406656
5.20994248597518
5.22425392399663
5.20372909048329
5.1489662916764
5.06277963389521
4.94954455417135
4.81447893640269
4.66294406807941
4.49987056980962
4.32940223942632
4.15478297938471
3.97842047525489
3.80203683479973
3.62683187360349
3.45363897862642
3.28308081626892
3.11570905602497
2.95211695588153
2.79302435335906
2.63932327602221
2.49209096120751
2.35255612497744
2.22200426848038
2.10165316643922
1.99253711493119
1.89543911166813
1.81086883855903
1.73906088911969
1.67997617306917
1.63332249807275
1.59862422424814
1.57534361403921
1.56301747715991
1.56136872457421
1.57037566537442
1.59030013499053
1.62167415929877
1.66524195671082
1.72185737672059
1.79236209392548
1.87748323834461
1.97775614261627
2.09345366643823
2.22450223176376
2.37040506756824
2.5302028293195
2.7025146484375
2.88564871705097
3.07775365788004
3.27697131944739
3.48157786286396
3.69010863096818
3.90147541916889
4.11506076481031
4.33075631183127
4.54892072470292
4.77024581121362
4.99554202867591
5.22546535989513
5.46025070936783
5.69952512824017
5.94224720415862
6.18678335521532
6.43105751535167
6.67274358998174
6.90945994335672
7.13899622792783
7.3595202487448
7.5697397356448
7.76897830548494
7.95719177826591
8.13493378266044
8.30329416109168
8.46376298821491
8.61803763845693
8.7677614999854
8.9142719766368
9.05840119071629
9.20038447172745
9.3398670528246
9.47602226423181
9.60771747257398
9.7337179598601
9.8528529042783
9.96412807962169
10.0667661998583
10.1601738307787
10.2439077626104
10.3176493852035
10.3812490960826
10.4348163604736
10.4788290936014
10.5142078814299
10.5423616741015
10.5651816077854
10.5849924087524
10.6044892435488
10.6266321099323
10.6545216933541
10.691232100777
10.7396093036817
10.8020518759023
10.8802867972332
10.9751675232597
11.0865144314973
11.2130303175553
11.352342688519
11.5011699510657
11.6555837133656
11.8113138364709
11.9640479709791
12.1096966370292
12.244624801304
12.3658524803493
12.4712137139362
12.5594669424969
12.6303380883258
12.6845043016517
12.7234899272089
12.7494965843532
12.7651773535687
12.7733892772509
12.7769433311794
12.778379191523
12.7797980930494
12.7827796936035
12.7884547606758
12.7976460664169
12.8110189852507
12.8291778564453
12.8526800819065
12.88199731578
12.9174095236737
12.9588810879251
13.0059342177018
13.0575984457265
13.1124337237814
13.1686609516973
13.2243469901707
13.2776272815207
13.3268647401229
13.3707111192786
13.4080678691035
13.4380165597667
13.4598141960476
13.4729232788086
13.4771423754485
13.4727336220119
13.4605712061343
13.4422529054725
13.4201530373615
13.3973404428233
13.3773965006289
13.3641273664392
13.3612306428992
13.3719615106997
13.3988275113313
13.4433588359667
13.5059517984805
13.5858561059703
13.6813014901203
13.7897464503413
13.9081952053568
14.0334565121195
14.1623780209085
14.2920416127081
14.4199756954027
14.5443859514983
14.6643294044163
14.7798285691634
14.8919142018194
15.0026436266692
15.1150715454765
15.2331035862798
15.3611632637356
15.5035885520603
15.6638043030449
15.8432355549024
16.0400258354519
16.2476692614348
16.4538285628609
16.6396267103112
16.7797312529191
16.843386857406
16.7964557979418
16.6042988818625
16.2353431452876
15.6651389909827
14.8806557033373
13.8844088264134
12.697717251985
11.3620901107788
9.93757675005042
8.49676492939825
7.11434720910114
5.85458143897679
4.7608513728432
3.85093798844711
3.11904734113942
2.54284406744916
2.09211669797483
1.65485704463461
1.38070459987806
1.0477463732595
0.867900319721388
0.218965330849523
0.174856826015141
