2.03060538570086
2.70885062217712
3.37864875793457
4.0364758570989
4.67709116141001
5.29336853822072
5.87681583563487
6.41872763633728
6.91183622678121
7.35214205582937
7.74043695131938
8.08286519845327
8.38999112447103
8.6741638580958
8.94576120376587
9.20949323972066
9.46217600504557
9.69271953900655
9.88423196474711
10.0175405343374
10.0750205516815
10.043744802475
9.91730705897013
9.69625480969747
9.38733307520548
9.00197299321493
8.55445535977682
8.06017076969147
7.53419196605682
6.99023973941803
6.44004825750987
5.89309644699097
5.35663584868113
4.83593706289927
4.33464779456456
3.85520682732264
3.39925907055537
2.96804445981979
2.56268056233724
2.18429760138194
1.83401303490003
1.51281371712685
1.22141683101654
0.960148711999257
0.728872338930766
0.526984838147958
0.353482826302449
0.207063194364309
0.0862226814012198
-0.0106654516033207
-0.0853003660061707
-0.139415049925447
-0.17473993015786
-0.19297191935281
-0.195772154877583
-0.184816377237439
-0.161883069202304
-0.128927641858657
-0.0880967539269477
-0.0416671695032467
0.00808941834353997
0.0590987144047782
0.109684236396182
0.158712311803053
0.205651929291586
0.250577172264457
0.294157033165296
0.337650551150243
0.382886263231436
0.432188051442305
0.488223453362783
0.553782331446807
0.631535371144613
0.723834539453189
0.83258522550265
0.959180225928625
1.1044865300258
1.26888050635656
1.45231754581134
1.65439687172572
1.87439814209938
2.11129801472028
2.36381262540817
2.63048595190048
2.90981900691986
3.20037764310837
3.50083535909653
3.80993211269379
4.12639564275742
4.44886775811513
4.77586078643799
5.10573585828145
5.43672609329224
5.76698323090871
6.09465765953064
6.41796350479126
6.73522611459096
7.04492330551147
7.34575513998667
7.6367415189743
7.91735410690308
8.18760395050049
8.44802939891815
8.69955213864644
8.94324962298075
9.1801184018453
9.4108989238739
9.63599610328674
9.85545651117961
10.0690003236135
10.2760529518127
10.4757726987203
10.6670932769775
10.8487977981567
11.0196341673533
11.1784682273865
11.3244386514028
11.4571136633555
11.5766286055247
11.6838103135427
11.7802467346191
11.8682864507039
11.9509476025899
12.031712770462
12.1142663955688
12.2021985848745
12.2987178961436
12.4064087867737
12.5270076592763
12.66122174263
12.8085753917694
12.9672995408376
13.1342985630035
13.3052745660146
13.4750010967255
13.6377713680267
13.7879168192546
13.9203192392985
14.0308216412862
14.1164968808492
14.1757340431213
14.208181699117
14.2145941257477
14.196596066157
14.1564767360687
14.0970039367676
14.021284421285
13.932634751002
13.834438085556
13.7299943765004
13.622389793396
13.5143922170003
13.4083890120188
13.306321144104
13.2096016407013
13.1190846761068
13.035080353419
12.9574335416158
12.8856575489044
12.8190704981486
12.7569363117218
12.6986167430878
12.6437302430471
12.5922830899556
12.5447676181793
12.5021988550822
12.4660632610321
12.4381778240204
12.4205029010773
12.4149629275004
12.4233291149139
12.4471322695414
12.4876052538554
12.5455969969432
12.6214725971222
12.7150217692057
12.8253672122955
12.9508885542552
13.0891577402751
13.2369869550069
13.3906195163727
13.5460964838664
13.6997391382853
13.8486723899841
13.9912579059601
14.12739666303
14.2587031523387
14.3885328769684
14.5219106674194
14.6652651627858
14.82599568367
15.0119093259176
15.2306164900462
15.488890171051
15.7920460700989
16.1433660189311
16.5436112085978
16.9906268119812
17.4789843559265
17.9996396700541
18.5395997365316
19.0816748936971
19.6045393943787
20.0830663045247
20.4890003204346
20.7918531099955
20.9600184758504
20.9623058636983
20.7701700528463
20.3606394131978
19.7197648684184
18.846086025238
17.7535068194071
16.4728905359904
15.0516029198964
13.5502015749613
12.0359708468119
10.573958158493
9.21765128771464
8.00196278095245
6.94054500261943
6.02786537011464
5.244819800059
4.56564565499624
3.96410940090815
3.41788156827291
2.91092902421951
2.43424202998479
1.98533087968826
1.56681726376216
