2.18930188347312
2.9413410355063
3.699303150177
4.45900562230278
5.21474664351519
5.95890266755048
6.68203143512501
7.37355456632726
8.02295926037957
8.62133488935583
9.16293761309455
9.64649884841021
10.0759079877068
10.4599648643942
10.8108439165003
11.1412278343649
11.4607476066141
11.7728459975299
12.0732685537899
12.3508026459638
12.589955329895
12.7745587966021
12.8911298303043
12.9311609829173
12.8921129563276
12.7771928450641
12.5942860210643
12.3544382768519
12.0702302596148
11.7543087005615
11.4182413886575
11.0717237135943
10.7221464269301
10.3744655496934
10.0313310623169
9.69346708409926
9.36020565032959
9.03005852418787
8.70121529523064
8.37191525627585
8.0407122443704
7.7066096979029
7.3691260954913
7.02824230755077
6.68427848815918
6.33774875192081
5.98922266679652
5.63924421983607
5.28831035950605
4.93692469596863
4.58568261651432
4.23535994922414
3.8869832684012
3.54188209421494
3.20172050419976
2.86848274399253
2.54439835688647
2.23181012097527
1.93300454406177
1.65002286083558
1.38447829379755
1.13742644646588
0.909321594325935
0.700086173437097
0.509259710855344
0.336163270561134
0.180026872412247
0.0400658065781874
-0.0844753349254675
-0.194289646340835
-0.289978335008902
-0.372034590033924
-0.440843156155418
-0.496692226213567
-0.539798226426629
-0.570355702848995
-0.588620655676898
-0.59502634230782
-0.59030779319651
-0.575598525650361
-0.55244957874803
-0.522738237591351
-0.488465449389289
-0.451490135753856
-0.41327864632887
-0.374744801836855
-0.336220256984234
-0.297553320579669
-0.258312202223084
-0.218048640526831
-0.176538717713864
-0.133908650783055
-0.0906092991285464
-0.047276201986653
-0.0045485182062668
0.0370941158822354
0.0774506780811969
0.116672031156828
0.155286678825231
0.194177181964144
0.234515239539392
0.27767394833705
0.325134304954725
0.378398644573548
0.438928072066868
0.508116069961997
0.587295711040497
0.677767050616881
0.780824801501106
0.89777256285443
1.02989249720293
1.17836002742543
1.34411634066526
1.52774495237014
1.72939758441027
1.94878963161917
2.18523899246665
2.43774251376881
2.70507962563459
2.98597258680007
3.27929447678959
3.58428755928488
3.90073769232806
4.22904983688803
4.57022553331712
4.92576029721428
5.29747996610754
5.68734682307524
6.09725009693819
6.528812492595
6.9832239151001
7.46108416950001
7.96224630580229
8.48570332807653
9.02950073690975
9.59074076484231
10.1656793706557
10.7499186571907
11.3386420642628
11.9267994936775
12.5092436846565
13.0808281618006
13.6365212272195
14.1715490677777
14.6815633773804
15.162854867823
15.6125498378978
16.0287650052239
16.4106159210205
16.758137141957
17.0720662509694
17.3535999971278
17.6041668162626
17.8253153632669
18.0186963922837
18.1860775667078
18.3293632058536
18.4505816066966
18.5518628288718
18.6353812498205
18.7032190210679
18.7571537915398
18.7984500211828
18.8276984270881
18.8447605581845
18.8488464355469
18.8386847552131
18.8128204345703
18.7699287638945
18.7092096665326
18.6306938844569
18.5353960149428
18.4252258749569
18.3026482077206
18.1701679229736
18.0297973857206
17.8826700098374
17.7289117925307
17.567689110251
17.3972718855914
17.2151257010067
17.0180492962108
16.8025299521054
16.5652378306669
16.3035840988159
16.0162425321691
15.7035115746891
15.3673930448644
15.0114190157722
14.6403210583855
14.2596935945399
13.8757614247939
13.4952293283799
13.1250717499677
12.77219878926
12.4429891249713
12.1427579767564
11.8752096400541
11.6419113944559
11.4418021931368
11.270858484156
11.1220033870024
10.9853240181418
10.8484182357788
10.6968387154972
10.5145576701445
10.2845750696519
9.9897923189051
9.61426134670482
9.14480265449075
7.55497747309068
6.95751599704518
4.60327297098496
3.68817458433263
1.88669698378619
1.30056737450992
0.218544244766235
0.167224898057825
0
0
0
0
0
0
0
0
0
0
0
0
