2.47970705172595
2.68980683298672
2.8787841165767
3.0494286663392
3.20262296059552
3.33736157417297
3.45142852558809
3.5425661872415
3.61009994675131
3.65688044884626
3.69091053570018
3.72559210833381
3.77779112142675
3.86392948206733
3.9954008214614
4.17517917296466
4.39688389441546
4.6464339985567
4.90537217084099
5.15453961316277
5.37703208362355
5.56000602946562
5.69537002900068
5.7796386830947
5.81323665731093
5.79948534685023
5.74352107328527
5.6513775657205
5.52933011335485
5.38348315743839
5.21954808515661
5.04274519752054
4.85778906766106
4.66889746048871
4.47976855670705
4.29351433585672
4.11260345402886
3.93888599732343
3.77370459893171
3.61804269341861
3.47264690960155
3.33809703939101
3.21482673813315
3.10310982255375
3.00304586747113
2.91459159290089
2.83763586773592
2.77209028075723
2.71793717496535
2.6752022154191
2.64387262568754
2.62380844004014
2.61469149589539
2.61601830931271
2.62713803964503
2.64730112692889
2.67569417112014
2.71143702899708
2.75356740110061
2.80108160131118
2.85303428593804
2.90868436588961
2.96763164856855
3.02991359374102
3.09601445759044
3.16678027545705
3.24324325954213
3.32641719369327
3.41709503005533
3.51567863015568
3.62205572689281
3.73554588766659
3.85493149476893
3.9785476993112
4.10442161560059
4.23041408202227
4.35437819536994
4.47433778818916
4.5886935486513
4.69642721905428
4.79724759214065
4.89162290797514
4.98066712828243
5.06591618762297
5.14905001135433
5.23162965213551
5.31491627412684
5.39978703330545
5.48673194997451
5.57588897031896
5.66710679671344
5.76004749185899
5.85431441138772
5.94958644754746
6.04569684757906
6.14262819290161
6.24045077492209
6.33925126580631
6.43908983118394
6.53998599332922
6.64191773358513
6.74483044007245
6.84865657021018
6.95334375605864
7.05885522505816
7.16514876309563
7.27212712344001
7.37961017384249
7.4873704068801
7.59521240346572
7.70307717603796
7.81112881267772
7.91982805027681
8.03003083958345
8.14307667227352
8.26085876016056
8.38582908405977
8.5209358439726
8.66951370239258
8.83503526799819
9.02079060498406
9.22950335109935
9.46293331595028
9.72151902142693
10.0041170681224
10.3078952116125
10.6284178004545
10.9598507039687
11.2953100765453
11.6272889305564
11.9481894549202
12.2508677875294
12.529166950899
12.778351615457
12.995444578283
13.1793589872472
13.3308491426356
13.452267702888
13.5471959955552
13.6200332641602
13.6755659439984
13.7186164294972
13.7537406472599
13.784987449646
13.8157296461218
13.8485705992755
13.8853100608377
13.9269443399766
13.9736652374268
14.0249119365917
14.0794711954453
14.1356350393856
14.1913651859059
14.2444738500258
14.2927664027495
14.3341477338006
14.3666769476498
14.3886478087481
14.398666157442
14.3957767486572
14.3795712975895
14.3502754323623
14.3088067559635
14.2567802317002
14.1964590409223
14.1305917852065
14.0621630724739
13.9941570057588
13.9293336868286
13.8700864455279
13.8183323355282
13.7754098667818
13.7420100604787
13.718209547155
13.7036069982192
13.6975377026726
13.6992803461411
13.7081654492547
13.7235580332139
13.7447413837208
13.7707259795245
13.8000502305872
13.8306053386015
13.8595705593334
13.883503408993
13.8986440546372
13.9014264275046
13.8891341826495
13.8605926177081
13.816741101882
13.7610191457412
13.699400396908
13.6400938595043
13.5928677390603
13.5680797801298
13.5754984687356
13.6230656679939
13.7156797296861
13.8540704390582
14.0337838565602
14.2443254134234
14.4685563480153
14.6825116662418
14.855866207796
14.9532490898581
14.9364903954899
14.7678181143368
14.4138602088479
13.8502039067885
13.0661032059613
12.0686614092659
10.8856833962833
9.56614067975213
8.17718508664299
6.79671346440035
5.50191649268655
4.35682850725511
3.40334060612847
2.65831952936509
2.11635013888864
1.75572083276861
1.54499464876512
0.537630508927738
0.453443492160124
0.113671450053944
0.115330885438358
0
0
0
0
