0.0987805295735598
0.163343797437847
0.203508689068258
0.207773300819099
0.164496746379882
0.0630241342296358
-0.104959584597964
-0.343933016061783
-0.653017809614539
-1.02459792792797
-1.44331755489111
-1.88578804582357
-2.32139684259892
-2.71456779539585
-3.02866086363792
-3.23135003447533
-3.30062064528465
-3.22958944737911
-3.02818381786346
-2.72094410657883
-2.34189336001873
-1.92831617593765
-1.51516380161047
-1.13109156116843
-0.79636138305068
-0.522348077967763
-0.312237964011729
-0.162528183311224
-0.0650070385599975
-0.00891922449955018
0.0169645062051131
0.0226070107892156
0.0154494344606064
-0.000275608617812395
-0.0236208143178374
-0.0563912603829522
-0.102076605660841
-0.164427243638784
-0.245944443158805
-0.346598120755516
-0.463057688903064
-0.588625471107662
-0.713920034468174
-0.828207341022789
-0.921128928661346
-0.984435381367803
-1.01329761743546
-1.00687664747238
-0.968069560825825
-0.902594471350312
-0.81771897082217
-0.720971896545961
-0.619110574945807
-0.517472703009844
-0.419701453763992
-0.327749151183525
-0.242054528789595
-0.161822421941906
-0.0853793602727819
-0.0105849292594939
0.0647445328650065
0.142464275733801
0.223843604209833
0.309452786343172
0.399190030060709
0.492421992123127
0.588202108629048
0.685526441782713
0.783577647060156
0.881902748718858
0.980491172522306
1.0797522701323
1.1804151237011
1.28338494896889
1.38959245383739
1.49986587464809
1.61483369022608
1.73485603928566
1.85998571664095
1.98995414376259
2.12418267130852
2.26182017475367
2.40180949866772
2.54298704862595
2.6842073649168
2.82447591423988
2.96306192874908
3.09955641627312
3.2338530421257
3.36606651544571
3.49641828238964
3.62512809038162
3.75231504440308
3.87795788049698
4.00191502273083
4.12399543821812
4.24403569102287
4.36193662881851
4.47766500711441
4.59121808409691
4.70259818434715
4.81178939342499
4.91873425245285
5.02331119775772
5.12529107928276
5.22431886196136
5.31992575526237
5.41158136725426
5.49874666333199
5.5808878839016
5.65746504068375
5.7279067337513
5.7916048169136
5.84795147180557
5.89639645814896
5.93651142716408
5.968013048172
5.99077716469765
6.00483620166779
6.01038467884064
6.00778320431709
5.99758425354958
5.98054951429367
5.95765843987465
5.93006610870361
5.89904248714447
5.86588668823242
5.83185240626335
5.79806411266327
5.76545205712318
5.734699010849
5.70623159408569
5.68023025989532
5.65666425228119
5.63531830906868
5.61583378911018
5.59774827957153
5.58054441213608
5.56371074914932
5.54684695601463
5.52978923916817
5.5127466917038
5.49638906121254
5.48187217116356
5.47078466415405
5.46507680416107
5.46701419353485
5.47917681932449
5.50445404648781
5.54602846503258
5.60730794072151
5.69182139635086
5.80305296182632
5.94422522187233
6.11800384521484
6.32611781358719
6.5689155459404
6.84488433599472
7.1502131819725
7.47845557332039
7.82044923305511
0
0
0
0
0
0
0
0
0
0
0
0
0
0
0
0
0
0
0
0
0
0
0
0
0
0
0
0
0
0
0
0
0
0
0
0
0
0
0
0
0
0
0
0
0
0
0
0
0
0
0
0
0
0
0
0
0
0
0
0
0
0
0
0
0
0
0
0
0
