0.172809637531086
0.202514089919903
0.174225929365666
0.0827889002652632
-0.0731928815927218
-0.289867600107014
-0.556611476328086
-0.854714367400717
-1.15661616347454
-1.42614758897711
-1.62034444455747
-1.69348233717459
-1.60374211602741
-1.32176021955631
-0.838304104076491
-0.167571298226162
0.655379396897775
1.58158904976315
2.55671985944112
3.52867673944544
4.45296915372213
5.29554692021123
6.03355201085408
6.65466944376628
7.15563655782629
7.54031771200675
7.81757511915984
7.99920928036725
8.09821616278754
8.12753248214722
8.09929662280613
8.0245142866064
7.91299839372988
7.77347151438395
7.61374127423322
7.44085027553417
7.2611436314053
7.08021022655346
6.90273288444236
6.73229946913543
6.57124475196556
6.42058176464505
6.280060450236
6.14835398285477
6.02334584130181
5.9024729375486
5.78308909027665
5.66281606532909
5.53983054337678
5.41303643473872
5.28212188791346
5.14754146999783
5.01041959833216
4.87237614172476
4.73526463685212
4.60089141351205
4.47078124682109
4.34603737018726
4.22730989809389
4.11483835290979
4.0085389525802
3.90809555406924
3.81305964787801
3.72295558894122
3.63739085197449
3.5561520965011
3.47927090856764
3.40706515312195
3.34016120875323
3.27948947306033
3.22623364130656
3.18174078729418
3.14738928830182
3.12444431693466
3.11391485178912
3.11644283930461
3.13223666614956
3.16104696415089
3.20219507040801
3.2546486236431
3.31713708241781
3.38827188809713
3.46665601377134
3.55096668667263
3.6400093237559
3.73274450831943
3.82829508075008
3.92594431947779
4.02512160936991
4.12536655531989
4.22626853872229
4.32740389859235
4.42829644238507
4.52841059366862
4.62716046086064
4.72391469390304
4.81801011827257
4.90877278645833
4.99556876994945
5.07785519847163
5.1552302925675
5.22745091826827
5.29444366031223
5.35628603122852
5.41318610862449
5.46546711745086
5.51356043639006
5.55804083082411
5.59969050795944
5.63960983135082
5.67933879075227
5.72094993238096
5.76708585244638
5.82091474533081
5.8860008098461
5.96609511198821
6.06485617602313
6.18552237969858
6.33060082682857
6.50159955907751
6.69883929358588
6.9213583557694
7.16690335450349
7.43201465959902
7.71220051800763
8.00219034265589
8.29624737633599
8.58852706132112
8.87344791271068
9.14605236053467
9.40231457463017
9.63936237052635
9.8555952001501
10.0506828096178
10.2254768654152
10.3818452623155
10.522478668778
10.6506969663832
10.7702611287435
10.8851986637822
10.9996515203405
11.1177509095934
11.2435291078356
11.3808436923557
11.5332782533434
11.7040202176129
11.8956510049325
12.1098731005633
12.3471871835214
12.6065452010543
12.8850739090531
13.177872940346
13.4779151280721
13.7760992050171
14.0614212530631
14.3213332140887
14.5422444166961
14.7101523434674
14.8113602885494
14.8332955395734
14.7654027938843
14.6001337545889
11.2350415830259
10.9818827311198
8.12147677386248
7.33298803258825
4.13215269865813
3.92030263830114
2.06060423674407
1.93607044219971
1.44371036246971
1.35804822709825
0
0
0
0
0
0
0
0
0
0
0
0
0
0
0
0
0
0
0
0
0
0
0
0
0
0
0
0
0
0
0
0
0
0
0
0
0
0
0
0
0
0
0
0
0
0
0
0
0
0
0
0
0
0
0
0
0
0
