2.0883741736412
2.57794289588928
3.03745133876801
3.46472477912903
3.85699148178101
4.21130864620209
4.52577896118164
4.80121254920959
5.04278421401978
5.26125912666321
5.47317595481873
5.69923429489136
5.96041278839111
6.27233848571777
6.63990569114685
7.05470776557922
7.49643740653992
7.9374020576477
8.34823894500732
8.70301055908203
8.98255958557129
9.17593660354614
9.28014345169067
9.29879541397095
9.24028491973877
9.11595611572266
8.93856601715088
8.72105140686035
8.47559251785278
8.21290712356567
7.94181628227234
7.66906871795654
7.39937162399292
7.13562517166138
6.87927150726318
6.63076667785645
6.39006381034851
6.15702328681946
5.93166346549988
5.71424384117126
5.50521717071533
5.30509357452393
5.11424903869629
4.93274893760681
4.76020483970642
4.59571986198425
4.43795337677002
4.28531551361084
4.13622114658356
3.98931736946106
3.8435998916626
3.69841728210449
3.55340609550476
3.40840554237366
3.26339912414551
3.11847422122955
2.973796916008
2.82957894802094
2.68604997396469
2.54344021081924
2.40197658538818
2.26189632415772
2.12349662780762
1.98724225759506
1.85389946699142
1.72461525797844
1.6008703827858
1.48430679440498
1.37648667693138
1.27867618203163
1.19171217978001
1.11596074402332
1.05134907662869
0.997450765967369
0.953604942560196
0.919049099087715
0.893050865828991
0.875016555190086
0.864552022516727
0.86145898103714
0.865673607587814
0.877183377742767
0.895964494347572
0.921971637010574
0.955181735754013
0.995663613080978
1.04362995624542
1.09943675994873
1.16352904438972
1.23635764122009
1.31830131411552
1.40961226224899
1.51040480136871
1.62068784236908
1.74042007923126
1.86955182552338
2.00803862810135
2.15584090948105
2.31293137073517
2.47931892871857
2.65507702827454
2.84035277366638
3.0353462934494
3.24026992321014
3.45529315471649
3.68049397468567
3.91581916809082
4.16106762886047
4.41588439941406
4.67978434562683
4.95216975212097
5.23233304023743
5.51944799423218
5.81256899833679
6.11068696975708
6.41284708976746
6.71832647323608
7.02682480812073
7.33862228393555
7.65465364456177
7.97650346755981
8.30628776550293
8.64647150039673
8.99963798522949
9.36821546554565
9.75420827865601
10.1589217185974
10.5826651573181
11.0244890213013
11.4820203781128
11.9514585494995
12.4277924537659
12.9052180290222
13.377660369873
13.839279460907
14.2848480224609
14.7100045204163
15.1113207817078
15.4862858772278
15.8332032203674
16.1510736465454
16.4394811630249
16.6984788894653
16.9284702301025
17.1300857543945
17.3041221618652
17.4515655517578
17.5736713409424
17.6719871520996
17.7482681274414
17.8043014526367
17.841702079773
17.8617399215698
17.86526927948
17.8527576446533
17.824370765686
17.7801446914673
17.7202037811279
17.6449642181396
17.5553001403809
17.4525743484497
17.3385459899902
17.2151208877563
17.0840789794922
16.9468221664429
16.8042665481567
16.6569494247437
16.5052570343018
16.3497039794922
16.1910805702209
16.0304431915283
15.8689673423767
15.7077556610107
15.5476528167725
15.3890920639038
15.2320112228394
15.0758123397827
14.9193619728088
14.7610111236572
14.5985823631287
14.4294465065002
14.2507177352905
14.0596334457397
13.8540188789368
13.6327677726746
13.396252822876
13.1466293334961
12.887947845459
12.6261013031006
12.3686001777649
12.1242441177368
11.902707862854
11.7139804840088
11.5676257133484
11.4717987060547
11.4321057319641
11.4503525733948
11.5232739448547
11.6413692474365
11.7879550933838
11.9386686325073
12.061591053009
12.1181791305542
12.0651314735413
11.8572864532471
11.4515104293823
10.8115254402161
9.91338768005371
8.75128221511841
7.34288277626038
5.733371925354
3.9968697309494
2.01587051153183
0.509206554293632
-0.806231863796711
-1.83675470873713
-1.1087763607502
-1.25237424373627
-0.802723205089569
-0.714664614200592
0
0
0
0
0
0
0
0
0
0
