2.00090502699216
2.54170151551565
3.07300858696302
3.5903489391009
4.08750492334366
4.55664916833242
4.98924056688945
5.37761183579763
5.71700704097748
6.00773479541143
6.25694918632507
6.47951106230418
6.69731108347575
6.93656400839488
7.22290114561717
7.57512517770131
7.99973404407501
8.48868215084076
9.02124003569285
9.56887459754944
10.1011281808217
10.5907685756683
11.0171658198039
11.3676648139954
11.6372428735097
11.8270765940348
11.9425586859385
11.9912919998169
11.9813544750214
11.9200458526611
11.813187678655
11.6649146874746
11.4778303305308
11.2534556388855
10.9927827517192
10.6969076792399
10.3675614992778
10.0074717203776
9.62049969037374
9.21152830123901
8.78616404533386
8.35030575593313
7.90966045856476
7.4693276087443
7.03349041938782
6.60524757703145
6.18660267194112
5.77860403060913
5.38158909479777
4.99548335870107
4.62009274959564
4.25534967581431
3.90149150292079
3.55912951628367
3.22923187414805
2.91304244597753
2.61195707321167
2.32734126845996
2.06032980481784
1.81167237957319
1.58168536424637
1.37028972307841
1.17710522313913
1.00155207514763
0.842949648698171
0.700610126058261
0.573922385772069
0.462399778266748
0.365679843972127
0.283480161180099
0.215526328111688
0.161472531190763
0.1208330419225
0.0929413120805596
0.0769422318165501
0.0718116849505653
0.0764013848965988
0.0895030687873562
0.10991991404444
0.136525145673659
0.168299833623072
0.204351377964485
0.243915745057166
0.286345157772303
0.331095906595389
0.37773305674394
0.425952478001515
0.475596663852533
0.526646311084429
0.579194443921248
0.63341976950566
0.689588911831379
0.748086608946323
0.80945543696483
0.874411399165789
0.9438123802344
1.01858375469844
1.09962848822276
1.18775149186452
1.28361093997955
1.38768240312735
1.50022902091344
1.62127856413523
1.75063384572665
1.88792035977046
2.03266498446465
2.18439890940984
2.34277040759722
2.5076508919398
2.67920209964116
2.85789928833644
3.04452027877172
3.2401228149732
3.44601134459178
3.66365553935369
3.89455644289652
4.14007143179576
4.40126081307729
4.6788077155749
4.97301471233368
5.28385925292969
5.61105453968048
5.95409651597341
6.31229841709137
6.68478302160899
7.07044633229574
7.46790663401286
7.87545339266459
8.2910330692927
8.712291320165
9.13664249579112
9.56138285001119
9.983811378479
10.4013663132985
10.8117314974467
11.2129247983297
11.6033246517181
11.9816456635793
12.3468729654948
12.6982094446818
13.035046339035
13.3569227854411
13.6634702682495
13.9543759028117
14.2293374538422
14.4880360762278
14.7301067511241
14.9551541805267
15.1627707481384
15.3525813420614
15.5242502689362
15.6774923006694
15.8121116161346
15.9280122915904
16.0252282619476
16.1039233207703
16.1644076506297
16.207152446111
16.2328185240428
16.2422817548116
16.2366673946381
16.2173566818237
16.1859649817149
16.144303560257
16.0942700703939
16.0376998583476
15.9761666456858
15.9107499917348
15.8418335119883
15.7689702510834
15.6908775170644
15.6055151621501
15.5102481842041
15.4020400842031
15.2777265707652
15.1343892415365
14.9698291619619
14.782999197642
14.5742888450623
14.3455876509349
14.1001262664795
13.8421919345856
13.5767494042714
13.3089311122894
13.0434375603994
12.7839436531067
12.5326250394185
12.2899680137634
12.0547870794932
11.8245149453481
11.5956528981527
11.3643345832825
11.1269553502401
10.8808296521505
10.6247566541036
10.3594141801198
9.30770564079285
9.05729373296102
8.0056791305542
7.78626879056295
4.63154212633769
4.50441471735636
2.93447327613831
2.84182604153951
0.701987266540527
0.667223691940308
0
0
0
0
0
0
0
0
0
0
0
0
0
0
0
0
0
0
0
0
0
0
0
0
