0.352365752613103
0.360789461820214
0.326633462751353
0.239267864161068
0.0873923846692951
-0.139572037452901
-0.4495138829505
-0.845194403772001
-1.32156544703024
-1.86324612299601
-2.44282153800682
-3.02079606056213
-3.54794311523438
-3.97056002970095
-4.23861983087328
-4.31549874941508
-4.1859549857952
-3.85877596890485
-3.36327729401765
-2.74203500041255
-2.04290984295033
-1.31229587837502
-0.590396310444231
0.0913509414013889
0.711004471337354
1.25551511181725
1.71930497663992
2.10245699794204
2.40884361885212
2.6444429203316
2.81600599818759
2.93015669010304
2.99292381604513
3.00964132944743
2.98508548736572
2.92371344566345
2.82989995567887
2.70812728669908
2.56311305805489
2.39988712028221
2.22385897459807
2.04089354144202
1.85735683529465
1.68001230337002
1.51567888259888
1.37064554625087
1.24993203083674
1.15657917216972
1.09120270830614
1.05199273427327
1.03518838242248
1.03587304221259
1.04886561632156
1.06949154315171
1.09408979945713
1.12020082385452
1.14646812500777
1.17235242216675
1.19777919628002
1.22283045892362
1.24754640349635
1.27185384873991
1.29559577835931
1.31860740979513
1.34078957416393
1.36214383443197
1.382772564888
1.40286137881102
1.42264929082659
1.44238114798511
1.46226078051108
1.48243480258518
1.50301630408676
1.52412545681
1.54590825239817
1.56852072698099
1.59208456233696
1.61663395387155
1.64207797580295
1.66819080600032
1.69463484817081
1.72101103376459
1.74692225897754
1.77203057871924
1.79610687715036
1.81906074064749
1.84095372535564
1.86198665036096
1.88246669592681
1.90276698271434
1.92328910032908
1.94443347277465
1.96658183027197
1.99008601241642
2.01526503209715
2.04239767569083
2.07171230404465
2.10338782381128
2.13756891974696
2.17440682428854
2.21411011837147
2.25699686121058
2.30352464428654
2.35427474092554
2.4098873005973
2.4709591070811
2.53793893037019
2.61105366989418
2.69029059233489
2.77543055569684
2.86612231643112
2.96195842601635
3.06252286169264
3.16739689862287
3.27613840279756
3.38825561382152
3.5031942791409
3.62032290741249
3.7389174302419
3.85815641615126
3.97716062157242
4.09508992124487
4.21128784285651
4.32541527571502
4.43755442124826
4.54823717364558
4.65843938898157
4.76953853501214
4.88325821028815
5.00159324540032
5.12668724413271
5.26066059536404
5.40538279215495
5.56223392486572
5.73190097455625
5.91422541936239
6.10812980157358
6.31159752386588
6.52173527964839
6.73490520759865
6.9469496232492
7.15350753289682
7.35043098308422
7.5343200189096
7.70314158333672
7.85685560438368
7.99797169367472
8.13197356683237
8.26758845647176
8.41684020007098
8.59482542673747
8.81912634107802
9.10879435362639
9.48288076895255
9.95850760848434
10.5485604250873
11.259173322607
12.0872984638921
13.018794130396
14.0276038205182
15.0766901086878
0.608248322098343
0
0
0
0
0
0
0
0
0
0
0
0
0
0
0
0
0
0
0
0
0
0
0
0
0
0
0
0
0
0
0
0
0
0
0
0
0
0
0
0
0
0
0
0
0
0
0
0
0
0
0
0
0
0
0
0
0
0
0
0
0
0
0
0
0
0
0
0
