0.98471522786551
1.68531870510843
2.38722692595588
3.08113298151228
3.7565860748291
4.40211420589023
5.00580440627204
5.55627261267768
6.04386742909749
6.46192566553752
6.8079596095615
7.08464664883084
7.30032319492764
7.46840405464172
7.60506685574849
7.72506700621711
7.83686579598321
7.93937691052755
8.02212153540717
8.06868913438585
8.06171115239461
7.98730227682326
7.83777814441257
7.61245748731825
7.31699479950799
6.96184338463677
6.56037550502353
6.12705776426527
5.67588671048482
5.21920622719659
4.76694477929009
4.32628202438354
3.90167778068119
3.49522251553006
3.10722920629713
2.73694524500105
2.38326668739319
2.04534105459849
1.72298843330807
1.41687914729118
1.12848030196296
0.859833046793938
0.613244941665067
0.390958504337404
0.194839599438839
0.0261167941045844
-0.114801328422295
-0.228413516759045
-0.316097676753998
-0.37995758280158
-0.422572218709522
-0.446713006330861
-0.455099372400178
-0.450229661332236
-0.43428108923965
-0.409049948884381
-0.375918785730998
-0.33586543550094
-0.289523512125015
-0.237283425612582
-0.179398839827627
-0.116052272470875
-0.0473501264221138
0.0267422752351397
0.106484629873497
0.192424587491486
0.285419772068659
0.386622036496798
0.497434551517169
0.619454410341051
0.754406852854623
0.904068364037408
1.07016483611531
1.25423471132914
1.45745872126685
1.68048565917545
1.9232894844479
2.18508613109589
2.4643188185162
2.75869798660278
3.06528589460585
3.38062764538659
3.70090930991703
4.02214952309926
4.34040411313375
4.65196712811788
4.95356557104323
5.24254353841146
5.51702864964803
5.77605785263909
6.01964735984802
6.24876986609565
6.46521112653944
6.67128645049201
6.86945388052199
7.06194443172879
7.25048889054192
7.43617637952169
7.61941459443834
7.79991883701748
7.97672825389438
8.14826639493307
8.31250235769484
8.46718698077732
8.61011539565192
8.73935765690274
8.85341750250922
8.95132690005832
9.0326607492235
9.09752114613851
9.14646853340997
9.18045610851712
9.200775358412
9.2090499136183
9.20723644892375
9.19764301511976
9.18292342291938
9.16605557335748
9.15028948254055
9.139061027103
9.13590309354994
9.1443354288737
9.16773488786485
9.20920499165853
9.2714041074117
9.35636107126872
9.46528085072835
9.59834819369846
9.75458961062961
9.9317815568712
10.1265052159627
10.3342927296956
10.5499237908257
10.7677902115716
10.9822832213508
11.1881848971049
11.3810125986735
11.5573123296102
11.7148423724704
11.8526539272732
11.9710448053148
12.0714146296183
12.1560461256239
12.2278523974948
12.2901238335503
12.3462931315104
12.3997147348192
12.4534893035889
12.5103119744195
12.5723941061232
12.6413823763529
12.7183034155104
12.8034936587016
12.8965647485521
12.9964178933038
13.1013334062364
13.2091434796651
13.3174721929762
13.4240005811056
13.5267629093594
13.6243722173903
13.7161432372199
13.8020811080933
13.882799466451
13.959435251024
14.0335810979207
14.1071741316054
14.1822445657518
14.2605506049262
14.3431841532389
14.4302895863851
14.5210105578105
14.6136370764838
14.7059124310811
14.7953951093886
14.879834651947
14.9575143390232
15.0275273852878
15.0899355676439
15.1458048820496
15.1970733536614
15.2463012271457
15.2963543468051
15.3501182662116
15.4102789560954
15.4791820844014
15.558769914839
15.6505709754096
15.7557664447361
15.8752539422777
16.0097708702087
16.1600110795763
16.3267688751221
16.5110699335734
16.7142232259115
16.9377411736382
17.1831178665161
17.4514700571696
17.7430058585273
18.0562844806247
18.3871514002482
18.7274881998698
19.0639360215929
19.3768782085843
19.6400230195787
19.8207451502482
19.8814115524292
19.7818632125854
19.4830099741618
18.9514382680257
18.1645494037204
17.1156976487901
15.8186247083876
14.3101959758335
12.6503545443217
10.9179326693217
9.2013324631585
7.58483600616455
6.13454445203145
4.88914081785414
3.85823749171363
3.02732166979048
2.3664423889584
1.83957326412201
1.41235744290882
1.05704761544863
0.754576606882943
0.494339694579442
0.272443894710806
0.0891036948240879
