1.61992995555584
2.15434785989615
2.66702021085299
3.15556564697853
3.61741080650916
4.05001346881573
4.45173298395597
4.82310280433068
5.16814195192777
5.49525326948899
5.81720865689791
6.14962075306819
6.50746118105375
6.89999202581552
7.32604081814106
7.77212043908926
8.21442090548002
8.62362799277672
8.97058010101318
9.23106890458327
9.38885740133432
9.43672495621901
9.37590914506179
9.21449052370512
8.96529725881723
8.64375862708459
8.26601791381836
7.84745564827552
7.40172749299269
6.94035405379075
6.47271108627319
6.00627095882709
5.54691494428195
5.09925031661987
4.66690734716562
4.2528007213886
3.85931312120878
3.48838199101962
3.14151463141808
2.81979790100685
2.52394553331228
2.25438482027787
2.01133898588327
1.79486989974976
1.60485428571701
1.44089660736231
1.30222956492351
1.18765758551084
1.09559270510307
1.02418231276365
0.971477272418829
0.935575662897183
0.914713801099704
0.907313704490662
0.911993584953822
0.927529965455715
0.952784393842404
0.986633005050512
1.02794192846005
1.07560249016835
1.12859991422066
1.18608402288877
1.24741814686702
1.31221178861765
1.38032711010713
1.45184236306411
1.52698062016414
1.60603118859805
1.68928411373725
1.7769787311554
1.86925462576059
1.9661011329064
2.06730488630442
2.17240946109478
2.28070022509648
2.39123863440294
2.50294466202076
2.61471992272597
2.72557651079618
2.83472537994385
2.94162112015944
3.04595804214478
3.14763923791739
3.24673214325538
3.3434198819674
3.43797955146203
3.5307845885937
3.62233418684739
3.71327772507301
3.8044009575477
3.89656448364258
3.99062618842492
4.08736951534565
4.18743784611042
4.29126618458675
4.39900726538438
4.51046756597666
4.62508817819449
4.74198902570284
4.86006225072421
4.97809344071608
5.09488217647259
5.2093369777386
5.32054167527419
5.42779896809505
5.53066451732929
5.62898973318247
5.72297980235173
5.81324302233182
5.90081141545222
5.98710199502798
6.07381497896635
6.16279106873732
6.25584433628963
6.3546132674584
6.46042644060575
6.57421394494864
6.69648584952721
6.8273736513578
6.96673301550058
7.11428150763878
7.26979439075177
7.433327124669
7.60543034626887
7.78728591478788
7.98072404127855
8.18810455615704
8.41209587684044
8.65539690164419
8.92042834942157
9.20903205871582
9.52215598179744
9.85961099771353
10.2199062934289
10.6001999194805
10.9963510953463
11.4030889364389
11.8142594557542
12.2231806241549
12.6230549445519
13.0074131305401
13.3705442868746
13.7078527303842
14.0161663935735
14.2938873584454
14.5410752663246
14.7593698501587
14.95177929218
15.1223514263447
15.2757803109976
15.4169546274038
15.5505818587083
15.6808605927687
15.8112922081581
15.9445746495174
16.0825389715341
16.226075392503
16.3751823718731
16.5290252245389
16.6861256819505
16.844599870535
17.0024337768555
17.157748735868
17.3090956761287
17.4557009476882
17.5975985893836
17.7355974637545
17.8710859738863
18.0057276212252
18.1410996363713
18.2783964597262
18.4181597783015
18.5600839761587
18.7029622884897
18.8447049947885
18.9824623694787
19.112816297091
19.2321001199576
19.3368495060847
19.4243695185735
19.4932900942289
19.5440059074989
19.5788194216215
19.6017888876108
19.6182617774376
19.6342999384953
19.6560442997859
19.6892070770264
19.738719353309
19.8085466531607
19.901702440702
20.0202875870925
20.16556593088
20.337960756742
20.5369585477389
20.7608755551852
21.0064612168532
21.2683351956881
21.538339468149
21.8049513009878
22.0526812626765
22.2615363781269
22.4065066117507
22.4573918856107
22.3792783297025
22.1339451716496
21.6826050098126
20.9902120736929
20.030964924739
18.7941457308256
17.2892583700327
15.5495180716881
13.6326046723586
11.6174383163452
9.5959573158851
7.66043534645667
5.88959165719839
4.33816168858455
3.03294060780452
1.97518143287072
1.14718573368513
0.520364947043932
0.0624972675712063
-0.257127240300179
-0.465018587616774
-0.582899941274753
-0.628521021742087
-0.617091899880996
-0.435000985860825
-0.371140740811825
