0.337247058455097
0.604006272397543
0.882130044071298
1.17608695281179
1.48861526501806
1.82006477054797
2.16811884076972
2.52785506373958
2.89211319622241
3.25215488985965
3.59850848348517
3.92185167262429
4.21390823314064
4.46838618579664
4.68184471130371
4.85414688210738
4.98816158896998
5.08866781937449
5.16080143577174
5.20868728035375
5.23471982855546
5.23960838819805
5.22297312083997
5.184115334561
5.12267004816156
5.03902390128688
4.93447888524909
4.81119963997289
4.67202098746049
4.52018607290168
4.35908294978895
4.19198875678213
4.02184752414101
3.85110227685226
3.68160240273727
3.51459855782358
3.35082646420127
3.19067448063901
3.03438643405312
2.88225311982004
2.73472058145623
2.59238935771741
2.45593385947378
2.3260021397942
2.20313706523494
2.08770836027045
1.97985657892729
1.87946927547455
1.7862141759772
1.69963905058409
1.61930400446842
1.54490612055126
1.4763882097445
1.41404211521149
1.35859890360581
1.31126102648283
1.27364461045516
1.24763314347518
1.23515798543629
1.23795036579433
1.25732957689386
1.29409683378119
1.34853954691636
1.42050012161857
1.50945802111375
1.61461030182086
1.73495289526488
1.8693729011636
2.01675565619218
2.17610093794371
2.34662146317331
2.5278039605994
2.71939928908097
2.92134781887657
3.1336494997928
3.35623749933745
3.58889855836567
3.83126637810155
4.08286284145556
4.34312850550601
4.61142539978027
4.88702751460828
5.16911504143163
5.4567810610721
5.74903676384374
6.04480848814312
6.342933504205
6.6421776068838
6.94127790551437
7.23898827402215
7.53411940524453
7.82555946550871
8.11228611594752
8.39339389299091
8.66812028382954
8.93586713389347
9.19620393451891
9.4488370544032
9.69355369869031
9.93014742198743
10.1583266509207
10.3776459944876
10.5874574560868
10.786939922132
10.9751579886989
11.1511199850785
11.3138002596403
11.4621469096134
11.5951206809596
11.7117702584518
11.8113879655537
11.8936304293181
11.9586197200574
12.0069847608867
12.0398682042172
12.0589222155119
12.0663025002731
12.064693099574
12.0573239577444
12.0479872854132
12.040988771539
12.0410305826288
12.0530232379311
12.0818061326679
12.1317958831787
12.2065832740382
12.3085086220189
12.4382643448679
12.594606248956
12.7742304550974
12.9718829707095
13.1806917190552
13.392716558356
13.5995964753
13.7932567094502
13.9665566996524
14.1138325741417
14.2312754580849
14.3171232123124
14.3716441706607
14.3969569959139
14.3967002065558
14.3756367030897
14.3392536263717
14.2933547873246
14.2436935525191
14.195610347547
14.1536982686896
14.1215123628315
14.1013687033402
14.0942196093108
14.0996902867367
14.1162542543913
14.1415387203819
14.1726597233822
14.2065607874017
14.2402831127769
14.2712158403899
14.2973079179463
14.3172365489759
14.3305086838572
14.3374652862549
14.3391757262381
14.3372582887348
14.3336457202309
14.3303180493807
14.329087608739
14.331421751725
14.3383073304829
14.3501344981946
14.366592858967
14.38661525124
14.4084500764546
14.4298820495605
14.4485698499178
14.4624542939036
14.4701457274588
14.4712294026425
14.4664327721847
14.457644663359
14.4477221338372
14.4401664733887
14.438644057826
14.4464862221166
14.4662716514186
14.4995855030261
14.5470304489136
14.6083950243498
14.6829468074598
14.7697913019281
14.8682635457892
14.9782432756926
15.1003725654201
15.2361018030267
15.3875569795307
15.5572267833509
15.7474588093005
15.9598305350856
16.1943806598061
16.4487724304199
16.7173919677734
16.9904741989939
17.2533598448101
17.4860207407098
17.6630105470356
17.7540781121505
17.7256100303248
17.5430462485866
17.1742675178929
16.5938526454725
15.7878164492155
14.7582026531822
13.5266430503444
12.1358189833792
10.6476540314524
9.13739558270103
7.68360223268208
6.35575957047312
5.2030160552577
4.24790184121383
3.48684194840883
2.8963619533338
2.4420780696367
2.0873837784717
1.79982590047937
1.5545377794065
1.33506262302399
1.13234665205604
0.398510873317719
0.322369274340178
