0.02670109027531
0.225799897685647
0.404263903697332
0.555319634576639
0.672508714099725
0.750475118557612
0.786062990625699
0.779645070433617
0.736525744199753
0.668182641267776
0.593056653936704
0.536527719853135
0.529658939689398
0.606246036787828
0.797882695682347
1.12755274275939
1.60361034671466
2.21660023927689
2.94022576014201
3.73590705792109
4.55924248695374
5.36651281515757
6.11987380186717
6.79058615366618
7.36025830109914
7.82044955094655
8.1710832118988
8.41817053159078
8.57136821746826
8.64185325304667
8.64079737663269
8.57845183213552
8.46374070644379
8.30424360434214
8.10641853014628
7.87596690654755
7.61822068691254
7.33845245838165
7.04204920927684
6.73450613021851
6.4212863445282
6.10762345790863
5.79831544558207
5.49752465883891
5.2085884809494
4.93386294444402
4.67463654279709
4.43115556240082
4.20277192195257
3.98820598920186
3.78585340579351
3.59407862027486
3.41142910718918
3.23674748341242
3.06919769446055
2.9082238872846
2.75348822275798
2.6048080821832
2.46210786700249
2.32537510991096
2.19461874167124
2.06984239816666
1.95102961858114
1.83814924955368
1.73115825653076
1.62998658418655
1.53451825181643
1.44458764791489
1.36001034577688
1.28063147763411
1.2063713123401
1.13725172479947
1.07339335481326
1.0149862319231
0.962236618002256
0.915306294957797
0.874250660339991
0.838964149355888
0.809144685665766
0.784289250771205
0.763733759522438
0.746728847424189
0.73253045976162
0.720473652084669
0.710011541843414
0.700717777013779
0.692260056734085
0.684353922804197
0.676708082358042
0.66897610326608
0.660736799240112
0.651515160997709
0.640838871399562
0.62830958267053
0.613667676846186
0.596836219231288
0.577933207154274
0.557251828412215
0.535225823521614
0.512397947410742
0.489391299585501
0.466873732705911
0.445513640840848
0.42594471325477
0.40874737004439
0.394439101219177
0.383465309937795
0.376192159950733
0.372903895874818
0.373804810146491
0.379022804399331
0.38860793163379
0.402525879442692
0.420654959976673
0.442800683279832
0.468744347492854
0.498329967260361
0.531589714189371
0.568889409303665
0.611074082553387
0.659587020675341
0.716528077920278
0.784622098008792
0.867076848944028
0.967346951365471
1.08884462714195
1.23464161157608
1.4071938196818
1.60812359054883
1.83807730674744
2.09668092926343
2.38259543975194
2.69367057085037
3.02717061837514
3.38002433379491
3.74905240535736
4.13115199406942
4.52347048123678
4.92354293664296
5.32937296231588
5.73944640159607
6.15270908673604
6.56854478518168
6.98677678902944
7.40767673651377
7.83195265134176
8.26066597302755
8.69505087534587
9.13622935612996
9.58490101496379
10.0409879684448
10.503261089325
10.9689451058706
11.4333914915721
11.8898557027181
12.32945672671
12.7413036028544
13.1128618717194
13.4305942058563
13.6809704303741
13.8517781098684
0
0
0
0
0
0
0
0
0
0
0
0
0
0
0
0
0
0
0
0
0
0
0
0
0
0
0
0
0
0
0
0
0
0
0
0
0
0
0
0
0
0
0
0
0
0
0
0
0
0
0
0
0
0
0
0
0
0
0
0
0
0
0
0
0
0
0
0
0
