0.0322054989254949
0.0509011777625843
0.0333247821439396
-0.0294224841689522
-0.144358987157995
-0.315322158011523
-0.541630571538752
-0.816880025646903
-1.12807024608959
-1.45529090274464
-1.77223165468736
-2.04785587570884
-2.24953992800279
-2.34763873707164
-2.32067904689095
-2.15972515669736
-1.87043182958256
-1.47202734513716
-0.993633724833754
-0.469294133511457
0.0668468563394113
0.584275993772528
1.05843662673777
1.47174617377194
1.8136012987657
2.07968922094865
2.27085273916071
2.39171069318598
2.44922974976626
2.45143883878534
2.40641066161069
2.32155919075012
2.20327892086723
2.05693609064276
1.88718444108963
1.69849174131047
1.49572016163306
1.28457662937316
1.07179024104368
0.86493619247763
0.671912596984343
0.500171421603723
0.355892977931283
0.24331800097769
0.164404698393562
0.118860856714574
0.104479440233924
0.117633617737076
0.153795830905437
0.207991674542427
0.275174521587112
0.350538851185278
0.429802245375785
0.5094599832188
0.586962877222421
0.660753300244158
0.73014419187199
0.795089323412288
0.855922728776932
0.91313336789608
0.967213350263509
1.01858791979876
1.06762151691047
1.11467691862278
1.16017766449262
1.20462340201167
1.24854535694149
1.29243245788596
1.33667677640915
1.38156332752921
1.42730438167399
1.47408921610225
1.52212565053593
1.57165725122799
1.6229639351368
1.67635107853196
1.73212203654376
1.79051115837964
1.85157657211477
1.91507922519337
1.98041661219163
2.04666034741835
2.11269656094638
2.17741694233634
2.23988489671187
2.29943833567879
2.35571311820637
2.40860026532953
2.45816912434318
2.50458960099654
2.54807196963917
2.58882613615556
2.62705679373308
2.66299653053284
2.69696924903176
2.72945182973688
2.76111947406422
2.79288226907904
2.82589151642539
2.8614802794023
2.90103777972135
2.94584993882613
2.99695606665178
3.05506164377386
3.12050652503967
3.19328357956626
3.2730770111084
3.35931095209989
3.45120057192716
3.54781814055009
3.64817374402826
3.75129896944219
3.85634266246449
3.96264494549144
4.06978977810253
4.17761718143116
4.28620286421342
4.39582959088412
4.50697348334573
4.6203152699904
4.73677052151073
4.85752285610546
4.98399962078441
5.11774416403337
5.26022078774192
5.41260626099326
5.57563517310403
5.74948635968295
5.93369076468728
6.12711312554099
6.32800414345481
6.53412324732
6.74290743741122
6.95162690769542
7.15754110162908
7.35804674842141
7.55082949725064
7.73398251966997
7.90610309080644
8.0663347677751
8.21440228548917
8.35063301433216
8.47597039829601
8.59202319925482
8.70114317807284
8.80652947859331
8.91235381906683
9.02385932748968
9.14737597378817
9.29022988406095
9.46048927307129
9.66646081751043
9.91594305905429
10.215275851163
10.5682106885043
10.9747688987038
11.4301100644198
11.9236351359974
12.4385212117975
12.9520507292314
13.4370931278576
0
0
0
0
0
0
0
0
0
0
0
0
0
0
0
0
0
0
0
0
0
0
0
0
0
0
0
0
0
0
0
0
0
0
0
0
0
0
0
0
0
0
0
0
0
0
0
0
0
0
0
0
0
0
0
0
0
0
0
0
0
0
0
0
0
0
0
0
0
