0.268522072406042
0.21429076506978
0.112997695981037
-0.039660810759025
-0.244515628332183
-0.497558624971481
-0.788609303179241
-1.10022598788852
-1.40713492177782
-1.67650838692983
-1.86948172251383
-1.94434248265766
-1.86169679675783
-1.59119168633506
-1.1181307071709
-0.447658991219387
0.395038181294998
1.36852059477852
2.42152584734417
3.50013218607221
4.55400072960627
5.54080229713803
6.42864295414516
7.19679108120146
7.83509540557861
8.34250629515875
8.72505344663348
8.99365411485944
9.16209139142718
9.24536527906145
9.25848529452369
9.21560995919364
9.1294956661406
9.01122792561849
8.87019116537912
8.71417967478434
8.5495476495652
8.38132336026146
8.21325803938366
8.04787465504238
7.88654931386312
7.7296572185698
7.57677146366664
7.42689550490606
7.27870291755313
7.13075015658424
6.98164088385446
6.83014599482218
6.67528538476853
6.51640485581898
6.35322641191028
6.1858785265968
6.01487325486683
5.84104406265985
5.66547952379499
5.4894502276466
5.31435809816633
5.14168698447091
4.97293753851028
4.80953654788789
4.65274011521112
4.50354058401925
4.36258595330375
4.23012971878052
4.10602071171715
3.9897651445298
3.88066172599792
3.77799145380656
3.68120812234424
3.59008056776864
3.50475058101472
3.42571232432411
3.35371758824303
3.28963608968826
3.23429502759661
3.1883350781032
3.15211015655881
3.12564580781119
3.10866153807867
3.10064364614941
3.10093692370823
3.10881523858933
3.12351495879037
3.14423264775957
3.17011687869117
3.20026543026879
3.23373368808201
3.26952802567255
3.3065903867994
3.34379210926238
3.3799577554067
3.41392971220471
3.44465679214114
3.47129198483058
3.49328025182088
3.51042376245771
3.5229146594093
3.53132176399231
3.53651937984285
3.53956873076303
3.54156260263352
3.54347192673456
3.54602675210862
3.54965823037284
3.55451135408311
3.56051258813767
3.5674858660925
3.57528349331447
3.58391383716038
3.59364124706813
3.60503344308762
3.61896702221462
3.63660779453459
3.65938264983041
3.68895341101147
3.72719194775536
3.77614630971636
3.83798743429638
3.91493193308512
4.00911540076846
4.12242485228039
4.2562822387332
4.41142195747012
4.58770772389003
4.78403527396066
4.99834435326712
5.22773574647449
5.46865958259219
5.71714953013829
5.96909797759283
6.22055789402553
6.46805645170666
6.70889118739537
6.94137759435745
7.1649930590675
7.38042449951172
7.58951866059076
7.79516040711176
8.00108541761126
8.21165264220465
8.43152332305908
8.6652740750994
8.91695454007103
9.18963722955613
9.48499021076021
9.80286548251197
10.1409177780151
10.4942641939436
10.8552402768816
11.2132900328863
11.5550905863444
11.8649423235939
12.1255568095616
12.3192165465582
12.4293469020299
12.4423076538813
12.3492955253238
12.148041225615
11.8440491358439
11.4509787786575
10.9898299262637
0
0
0
0
0
0
0
0
0
0
0
0
0
0
0
0
0
0
0
0
0
0
0
0
0
0
0
0
0
0
0
0
0
0
0
0
0
0
0
0
0
0
0
0
0
0
0
0
0
0
0
0
0
0
0
0
0
0
0
0
0
0
0
0
0
0
0
0
0
