0.161157234261433
0.119867159881526
0.076658354451259
0.0306971006923252
-0.0185011906368244
-0.0709399498171276
-0.126070486588611
-0.182794318430954
-0.239547207123703
-0.294465148614513
-0.345607424775759
-0.39117995566792
-0.429693308141496
-0.460016533732414
-0.481333742539088
-0.493049196071095
-0.494700756337908
-0.485940431555112
-0.466631227069431
-0.437066732181443
-0.398237269785669
-0.35200006266435
-0.301024354166455
-0.248481528626548
-0.197580880588955
-0.151115062336127
-0.111132650532656
-0.0787642924115062
-0.0541801027955242
-0.0366542240242577
-0.0247284497858749
-0.0164732392157829
-0.00982849188666377
-0.00297326623694971
0.00535420695733693
0.0156686883823972
0.0277336376150035
0.0407368303276598
0.0535885585058067
0.0652579917675919
0.0750744632548756
0.0829464404119386
0.0894711276309358
0.0959163615480065
0.104061813093722
0.115903329621587
0.133270890451968
0.157449351520174
0.188899107277393
0.227143800506989
0.270849263916413
0.318073142319918
0.366613493197494
0.414362034036054
0.459568912784259
0.500961520605617
0.537716423471769
0.569337164362272
0.595522625578774
0.616097864177492
0.63102946182092
0.640490055084229
0.644915262858073
0.645004587041007
0.641663519872559
0.635915183358722
0.628815174102783
0.621372774243355
0.614469700389438
0.608773705032137
0.604656938049528
0.602132636639807
0.60083881020546
0.600102873312102
0.599096804857254
0.59705678290791
0.59350797202852
0.588429043690364
0.582315183348126
0.57613288031684
0.571180956231223
0.568885720438427
0.570565932326847
0.577211027344068
0.58931739628315
0.606818033589257
0.629111647605896
0.65517787138621
0.683750010199017
0.713518692387475
0.74333221382565
0.772362712356779
0.800210648112827
0.826937271489037
0.853021161423789
0.879246254762014
0.906539231538773
0.935791412989298
0.967702147033479
1.00267223185963
1.04075501031346
1.08165370093452
1.12475716405445
1.16920437415441
1.2139764295684
1.25801039404339
1.30031149254905
1.34004496203529
1.37659020556344
1.40957505173153
1.43889663616816
1.46473160717222
1.48751455545425
1.50786456134584
1.52646637625164
1.54393212662803
1.56069284677505
1.57694905334049
1.59268720944722
1.60773446824816
1.62181564834383
1.63458404276106
1.64561849832535
1.65439766645432
1.66027714808782
1.66248506969876
1.66014062033759
1.65228868193097
1.63794536060757
1.61616456508636
1.58612609571881
1.54725089338091
1.49931681156158
1.44254209597905
1.37761796183056
1.30569412973192
1.2283367978202
1.14746501048406
1.06526080436177
0.984045803546906
0.906135274304284
0.833685245778826
0.768555147780312
0.712191783719593
0.665546711948183
0.629032495949003
0.602524558703105
0.585401740339067
0.576623515950309
0.574836923016442
0.578504972987705
0.586042089594735
0.595932748582628
0.606813612911436
0.617514577176836
0.627078122562832
0.634777532683478
0.640134967035717
0.642928381760915
0.643172843588723
0.641073829597897
0.636967370907466
0.631265203158061
0.624415179093679
0.616874019304911
0.609076562854979
0.601402646965451
0.594150718715456
0.587530692418416
0.581675801012251
0.57666712668207
0.572563995917638
0.569440788692898
0.567427731222577
0.566741741365857
0.567682531144884
0.570585916439692
0.575740363862779
0.583278374539481
0.593069715632333
0.604665882057614
0.617346233791775
0.630273338821199
0.642695522970623
0.65411247809728
0.664339284102122
0.673464894294739
0.681749353806178
0.68951529595587
0.69706752565172
0.704646113846037
0.712404542499118
0.720398359828525
0.728575136926439
0.736763848198785
0.744672311676873
0.751910994450251
0.758051031165653
0.762707024812698
0.765618907080756
0.766713847716649
0.766137454244826
0.76424855656094
0.761570453643799
0.758696205086178
0.756152576870389
0.754232979483075
0.752815226713816
0.751178489791022
0.747843709256914
0.740477343400319
0.7259112364716
0.700300716691547
0.659416731860903
0.599056604835722
0.515563805898031
0.406425635019938
0.270880674322446
0.110435180366039
-0.0708092748084002
-0.266075086262491
-0.466100032130877
-0.659639421436522
-0.834341949886746
-0.978028562333849
-1.08026701211929
-1.13393631908629
-1.13636703623666
-1.08973295821084
-1.0006082157294
