2.01961473182396
2.28560880378441
2.54686543676588
2.79574242344609
3.02399915236014
3.22306322168421
3.3844092157152
3.50006092919244
3.56321529105858
3.56892122162713
3.51471736696031
3.40111601794208
3.23185319370694
3.01384867562188
2.7568710203524
2.47291969369959
2.17536108582108
1.8778697958699
1.59327036363107
1.33242790345792
1.10339414631879
0.911003002413997
0.757007797559102
0.640697417435823
0.559779850421128
0.511247677935494
0.491998607361758
0.499123777504321
0.529909359084235
0.581680446863174
0.651621688295294
0.736672661922596
0.833541059935534
0.938823057545556
1.04918709066179
1.16156783810368
1.27333081651617
1.38238729370965
1.48725579844581
1.58708198865255
1.68160811618522
1.77108563317193
1.85612793321963
1.93753840305187
2.01614835527208
2.09269354520021
2.16773507330153
2.24161167056472
2.31441797150506
2.38599084924769
2.45590581717315
2.52347111701965
2.58773594432407
2.64752192850466
2.70148296709414
2.74818445135046
2.78618258017081
2.81409812856604
2.83068664868673
2.83490733747129
2.82599147160848
2.8035028775533
2.76737678492511
2.71793838783547
2.6558897583573
2.58226189789949
2.49835157394409
2.40565456284417
2.30581219108016
2.20055965141014
2.09166118392238
1.98083802505776
1.86967740235505
1.75955322495213
1.6515570614073
1.54645212491353
1.44464940494961
1.3462159898546
1.25091969083857
1.15831842466637
1.06787940749416
0.979114188088311
0.891705457811002
0.805613199869792
0.721143552550563
0.638971169789632
0.560101246392285
0.485758475683354
0.417218993107478
0.355619248416689
0.301786674393548
0.256122783378319
0.218553650158423
0.188545273961844
0.165173512917978
0.147234874743002
0.133380020658175
0.122250097769278
0.112600928103482
0.103407650358147
0.0939432079041446
0.083822677946753
0.0730053873525725
0.0617542111625274
0.0505574074297867
0.0400245955593332
0.0307692047402573
0.0232899178129931
0.0178676259841908
0.0144946058367
0.0128461261197959
0.0122977979933947
0.011986441949072
0.0109086613867678
0.00804957042499963
0.00253087843561338
-0.00624464393627864
-0.0184843816527131
-0.033958660127138
-0.0520206824703901
-0.0716822312765375
-0.0917270480724121
-0.110847090810744
-0.127789160029756
-0.1414993657834
-0.151247159060505
-0.156706361582986
-0.157975549499194
-0.15553522841246
-0.150152531831905
-0.142745869579139
-0.134226133632991
-0.125346266664565
-0.116601339405154
-0.108206587317572
-0.100150856655091
-0.0922967451064054
-0.0844897945170049
-0.0766483802969257
-0.0688202398553215
-0.0611990124819352
-0.0540970950732353
-0.0478832702221418
-0.0429071298826279
-0.0394343566084798
-0.0376067819435977
-0.0374299496718406
-0.0387819354180936
-0.0414291795653602
-0.0450364452446121
-0.0491712048802853
-0.0533120265032199
-0.0568632971893142
-0.0591678016676774
-0.0595099205254681
-0.0571119511948416
-0.051136860244528
-0.0407156563381216
-0.0250115608451543
-0.00332209167148297
0.0247887603904086
0.0593437724229362
0.0563323396706471
0.0883752765754859
0.0952132839011028
0.112998663134662
0.0961463596257899
0.110366043945154
0.0696897236285386
0.0758150473788932
0.0654087684772633
0.0686323775185479
0
0
0
0
0
0
0
0
0
0
0
0
0
0
0
0
0
0
0
0
0
0
0
0
0
0
0
0
0
0
0
0
0
0
0
0
0
0
0
0
0
0
0
0
0
0
0
0
0
0
0
0
0
0
0
0
0
0
