0.318425990202848
0.353537276825484
0.396756943096133
0.451107787297052
0.519480749964714
0.604303230257595
0.707175457302262
0.828505516052246
0.96720415353775
1.12052095462294
1.28407837012235
1.4521159529686
1.61792531784843
1.77441473568187
1.91471860689275
2.03276155976688
2.12370492430294
2.18424128083622
2.21269939927494
2.2089637447806
2.17426901003894
2.11098478822147
2.02246172989116
1.91292992058922
1.7874393603381
1.6518125744427
1.51256261853611
1.3766901458011
1.25130415664
1.14307772061404
1.05761414766312
0.998829203493455
0.968463992371279
0.965819253641016
0.98776754210977
1.029060216511
1.08289346274208
1.14166692425223
1.19783581004423
1.24474913232467
1.27736757783329
1.292768758886
1.29036611669204
1.27180710259606
1.24057336414562
1.20136012049282
1.15934876133414
1.11949911538292
1.08595962384168
1.0616690902149
1.04816877841949
1.0456097055884
1.05292126711677
1.06808760586907
1.08848231680253
1.11120613883523
1.13339057389428
1.15245239173665
1.16630368372973
1.17352103485781
1.17345997866462
1.16628667887519
1.15290261717404
1.13477544924792
1.11370510213515
1.09157164657817
1.07009910835939
1.05065926734139
1.03412134857739
1.02075423563228
1.01020466229495
1.00157010905883
0.993555538794574
0.98466935227899
0.973425875691807
0.958547974334044
0.939149863579694
0.914864476989297
0.885883254163406
0.852899684625513
0.816981007071102
0.779408963287578
0.741526098812328
0.704608678817749
0.669765616164488
0.637861630495857
0.609461111180923
0.584801200558158
0.563790934927323
0.546033501625061
0.530868786222794
0.517445369678385
0.504821174284991
0.492086040623048
0.478485536925933
0.463526431251975
0.447050999192631
0.429273082929499
0.410765765344395
0.392387782826143
0.37515449348618
0.360079856479869
0.348028719425201
0.339607336941887
0.335107720950071
0.334496971438913
0.337437836562886
0.343325539546854
0.351337583626018
0.360496934722452
0.369750923970166
0.378065522979288
0.384536907953375
0.388515095500385
0.389717570122551
0.388296709341161
0.384831272503909
0.38023458684192
0.375600266105988
0.372024494058946
0.370450414278928
0.37156315761454
0.375737931798486
0.3830226800021
0.393145541934406
0.405549736583934
0.419459430610432
0.43397157683092
0.448166910339804
0.461228209383347
0.472548330531401
0.481806313290316
0.48899588339469
0.494401065742268
0.498528960873099
0.502017261350856
0.505533758331748
0.50967815693687
0.514898764736512
0.521439834552653
0.529324170421152
0.538367492311141
0.548216016853557
0.558401951018502
0.568410179194282
0.577743912444395
0.585976123809814
0.592776964692509
0.597915947437286
0.601248204708099
0.602700117756339
0.602266469422509
0.600015275618609
0.596089377122767
0.590695703730864
0.584089450976428
0.576558863415438
0.568412282887627
0.559959134634803
0.551478270222159
0.543170743128833
0.535112642190036
0.527224574018927
0.519272346706951
0.510900900644415
0.501687703763737
0.491201351670658
0.479056153227301
0.464959367233164
0.448746930150425
0.430410816388972
0.410115152597427
0.388195214902653
0.36513360282954
0.341521047493991
0.318018599468119
0.295324658646303
0.274137141073451
0.255097598713987
0.238717637517873
0.225307191119475
0.214927799561444
0.207381967236014
0.202230745378663
0.198830639614778
0.196386314490262
0.194019094109535
0.190844865406261
0.186048530480441
0.178939944680999
0.168987051090773
0.155832650906899
0.139304351280717
0.119421779232867
0.0963981217321228
0.0706294003654929
0.0426670201122761
0.0131742891937713
-0.0171275172889342
-0.0475137229899273
-0.0772947966778541
-0.105822055436233
-0.132455405066995
-0.156500176690957
-0.177128467270557
-0.193307909457123
-0.203768647330649
-0.207036254598814
-0.201543161097695
-0.185818004914943
-0.148882461163928
-0.113889798576779
-0.0593644652844352
-0.0163910934591995
0.00826739311656531
0.0304407302071066
0.00996407866477966
0.0144725222797955
0
0
0
0
0
0
0
0
0
0
0
0
