0.0375253213569522
0.0410583416000009
0.0501509808003902
0.0663720529526472
0.0911400053650141
0.12554466612637
0.170144503540359
0.224768364802003
0.288370054028928
0.359001865983009
0.433953165262938
0.510057808458805
0.584123112261295
0.653393247723579
0.715938404202461
0.770888504385948
0.818452394008636
0.859728705883026
0.896332478523254
0.9299087703228
0.961647433042526
0.991959047317505
1.02044616341591
1.04621912240982
1.06845108270645
1.08697810173035
1.10274902582169
1.11800171136856
1.13609578609467
1.16098564863205
1.19641674757004
1.24501789808273
1.30751481056213
1.38226290941238
1.46522668600082
1.55042032003403
1.63073302507401
1.6989749789238
1.74893654584885
1.77625337839127
1.77893978357315
1.75754500627518
1.71493325233459
1.65573666095734
1.58559337854385
1.51031622886658
1.43514225482941
1.36416246294975
1.29999895095825
1.24374312758446
1.19512579441071
1.15284225940704
1.11495032310486
1.0792794585228
1.0438036441803
1.00695003867149
0.96781787276268
0.926293438673019
0.883044016361237
0.839394104480743
0.797113937139511
0.758176815509796
0.72452951669693
0.697894728183746
0.679605901241302
0.670471560955048
0.670680767297745
0.679769498109817
0.696653878688812
0.71971789598465
0.746940648555756
0.776048105955124
0.804676181077957
0.830535507202148
0.851570254564285
0.866108113527298
0.872991585731506
0.871673667430878
0.862256652116775
0.845456266403198
0.822491014003754
0.794918477535248
0.764449828863144
0.732770186662674
0.701391416788101
0.671545964479446
0.644125157594681
0.619661664962769
0.59835701584816
0.580153369903564
0.564831990003586
0.552113211154938
0.541737866401672
0.533522546291351
0.527375590801239
0.523265737295151
0.521159249544144
0.52095502614975
0.522445356845856
0.52530642747879
0.529112017154694
0.533367270231247
0.537557780742645
0.541213113069534
0.543973034620285
0.545643198490143
0.546230566501617
0.545954179763794
0.54523099064827
0.544632416963577
0.54481253027916
0.546416240930557
0.549983167648315
0.555864185094833
0.564164304733276
0.57471678853035
0.587100744247437
0.60070093870163
0.614794337749481
0.628635227680206
0.641520613431931
0.652838802337646
0.662100940942764
0.668953877687454
0.673174917697906
0.674660980701447
0.673418629169464
0.669556230306625
0.663271057605743
0.654835951328278
0.644584971666336
0.632906895875931
0.620250922441482
0.607137489318848
0.594150519371033
0.581888914108276
0.570881959795952
0.561503604054451
0.553927558660507
0.548143357038498
0.5440115660429
0.541321292519569
0.539826643466949
0.539267951250076
0.539387226104736
0.539936029911041
0.540676099061966
0.541372811794281
0.541786789894104
0.541667759418488
0.540753215551376
0.538769721984863
0.535432887077331
0.530443227291107
0.523490443825722
0.514283868670464
0.502605178952217
0.488365307450294
0.471643859148026
0.45270231962204
0.431968027353287
0.409989354014397
0.38736783862114
0.36468802690506
0.342463484406471
0.321117898821831
0.301000282168388
0.282417550683022
0.265661051869392
0.25101080685854
0.238714544475079
0.228947430849075
0.221767196059227
0.217079682648182
0.21462966799736
0.214024052023888
0.214783824980259
0.216410410404205
0.218449659645557
0.220538686215878
0.222422711551189
0.223937155306339
0.224964174628258
0.225383661687374
0.225035253167152
0.223701311647892
0.221117073297501
0.217010422050953
0.211159127950668
0.203443706035614
0.193875159323215
0.182592321932316
0.169841893017292
0.155958679318428
0.14135026037693
0.126473963260651
0.111796136945486
0.0977366268634796
0.0846098747104406
0.0725740130990744
0.0615920171141624
0.0514013803564012
0.0414917424786836
0.0310980974929407
0.0192274619825184
0.00473456848412752
-0.0135512572713196
-0.0366649068892002
-0.0653335890907329
-0.0998153425753117
-0.139760307222605
-0.184102115035057
-0.208196349442005
-0.25009631216526
-0.288862389326096
-0.320946910977364
-0.151381233334541
-0.154716581106186
-0.114396151900291
-0.105533516407013
0
0
0
0
0
0
0
0
0
0
