0.94111579656601
1.31544199585915
1.68857451279958
2.05279278755188
2.40006893873215
2.72220583756765
3.01102038224538
3.25862526893616
3.45782697200775
3.60260581970215
3.68862187862396
3.71369095643361
3.67817753553391
3.58521431684494
3.44067114591599
3.25283255179723
3.03181668122609
2.78880655765533
2.53515350818634
2.28140592575073
2.03641982873281
1.80677202343941
1.59665355086327
1.40826763709386
1.24257322152456
1.10010406871637
0.981612885991732
0.888396536310514
0.822287807861964
0.785396307706833
0.779699921607971
0.806578099727631
0.86635992427667
0.957954064011574
1.07862870891889
1.22400123874346
1.38825797041257
1.56458827853203
1.74577589829763
1.92486225565275
2.09576775630315
2.25376345713933
2.39573530356089
2.52022804816564
2.62729269266129
2.71817570924759
2.79489962259928
2.8598104317983
2.91514589389165
2.96266893545787
3.00342186292013
3.03763155142466
3.06476922829946
3.08371692895889
3.09298521280289
3.09095350901286
3.07610829671224
3.04727250337601
3.00379323959351
2.94567380348841
2.87360960245132
2.78892477353414
2.69344007968903
2.58931068579356
2.47887098789215
2.36449243625005
2.24844670295715
2.13277045885722
2.01915168762207
1.90886477629344
1.80276244878769
1.70130775372187
1.6046163837115
1.51249792178472
1.42450442910194
1.34000501036644
1.25828554232915
1.17864706118902
1.10048695405324
1.02336152394613
0.947037289539973
0.871540114283562
0.797186384598414
0.724587668975194
0.65461045006911
0.588292037447294
0.526714856425921
0.470854938030243
0.42142911007007
0.378777712583542
0.342805822690328
0.312991812825203
0.288456379125516
0.268075420210759
0.250614510228236
0.234866126130025
0.219773521025976
0.204534853498141
0.188673940797647
0.172064747661352
0.154904032126069
0.137640036642551
0.120870056872567
0.105223337809245
0.0912383422255516
0.0792418658578147
0.0692452759637187
0.0608779847001036
0.0533769549365388
0.0456407135934569
0.0363444720860571
0.0240993904299103
0.00762806374890109
-0.0140747052767741
-0.0416179321473464
-0.0751365462007622
-0.114264037460089
-0.158160177369912
-0.205595926692088
-0.255087445179621
-0.305051483213902
-0.353946472207705
-0.400377854704857
-0.443165784080823
-0.481382794678211
-0.514365089436372
-0.541706465184689
-0.563246180613836
-0.579059546192487
-0.589450836181641
-0.594937458634377
-0.596210161844889
-0.594060386220614
-0.589280297358831
-0.582551484306653
-0.574347635110219
-0.564886189997196
-0.55415224780639
-0.541987652579943
-0.528207756578922
-0.512701906263828
-0.495492108166218
-0.476744001110395
-0.45674317330122
-0.435860767960548
-0.414529877404372
-0.393232253690561
-0.372478365898132
-0.352767129739126
-0.334528928001722
-0.318064033985138
-0.303492377201716
-0.290727026760578
-0.279481180012226
-0.269314342488845
-0.259713735431433
-0.250193058202664
-0.240378816922506
-0.230061256637176
-0.219202591727177
-0.207916636019945
0
0
0
0
0
0
0
0
0
0
0
0
0
0
0
0
0
0
0
0
0
0
0
0
0
0
0
0
0
0
0
0
0
0
0
0
0
0
0
0
0
0
0
0
0
0
0
0
0
0
0
0
0
0
0
0
0
0
0
0
0
0
0
0
0
0
0
0
0
