0.169194211562475
0.114978577941656
0.056453291249151
-0.00697755499277264
-0.0753288912431647
-0.14786959051465
-0.223048036918044
-0.298518974334002
-0.37127693494161
-0.437900950511297
-0.494899595777194
-0.539112210273743
-0.568091603616873
-0.580377315481504
-0.57559605439504
-0.554371279974779
-0.518090295294921
-0.468622520565987
-0.408082361022631
-0.338694632053375
-0.262757837772369
-0.182656483103832
-0.1008691523845
-0.0199476058284442
0.0575231744442135
0.128963460524877
0.191847935318947
0.243805145223935
0.282794865469138
0.307349130511284
0.316824271033208
0.311584498733282
0.2930267068247
0.263392017533382
0.225399980942408
0.181823767721653
0.13513407856226
0.0872859780987104
0.0396592979474614
-0.00688065864960663
-0.0518443636440982
-0.0949435530540844
-0.13593009673059
-0.174493869145711
-0.210236966609955
-0.242708024879297
-0.271465793251991
-0.296143361677726
-0.316493588189284
-0.33240273843209
-0.343861819555362
-0.350894431273143
-0.353461438169082
-0.351391126712163
-0.344388112425804
-0.332137369240324
-0.314456460997462
-0.291416505351663
-0.263380093189577
-0.230956998032828
-0.194911676148574
-0.156059774259726
-0.115182673713813
-0.072972189867869
-0.0300029035036763
0.0132763020713658
0.0565296895802021
0.0995018226094544
0.141979065102836
0.183773347642273
0.224749739437054
0.264892475058635
0.304383263612787
0.343654463067651
0.38339260717233
0.424486418565114
0.467921992142995
0.514640542368094
0.565390614171823
0.620616418619951
0.68041634062926
0.744578366478284
0.812660162647565
0.88406262298425
0.95806326965491
1.03382665415605
1.11042592922846
1.18690577646097
1.26237365603447
1.33607791860898
1.40744287769
1.47605650623639
1.54165803392728
1.60415354371071
1.66365673144658
1.72050388654073
1.77520693341891
1.82833737134933
1.88035745422045
1.93145274122556
1.98142573237419
2.02970504760742
2.07545629143715
2.11774296561877
2.1556741197904
2.18850767612457
2.21569980184237
2.2369159857432
2.25202083587646
2.26106129089991
2.26424634456635
2.26192464431127
2.25454785426458
2.24262690544128
2.22668757041295
2.20724777380625
2.18482138713201
2.15993469953537
2.13313315312068
2.10496491193771
2.07593397299449
2.04643334945043
2.01668447256088
1.98669835925102
1.95627064506213
1.92499315738678
1.89227230350177
1.85735208789508
1.8193591038386
1.77737679084142
1.73055161039035
1.67821503678958
1.61999610066414
1.55591407418251
1.4864374101162
1.41249718268712
1.33545320232709
1.25701653957367
1.17913137873014
1.10382964213689
1.03306884566943
0.96858124434948
0.911751672625542
0.863538344701131
0.824445178111394
0.794540027777354
0.77351147433122
0.760748853286107
0.755436822772026
0.756654004255931
0.763458545009295
0.77494145433108
0.790236259500186
0.8084963063399
0.828861226638158
0.850436940789223
0.872292483846347
0.893474891781807
0.913041785359383
0.930116474628448
0.943960949778557
0.954048017660777
0.960113063454628
0.962175433834394
0.960525701443354
0.95567532380422
0.948271825909615
0.938997993866603
0.928484320640564
0.917258267601331
0.905741040905317
0.894283667206764
0.883217727144559
0.8728945205609
0.863689879576365
0.855971917510033
0.850037336349487
0.846046090126038
0.843975509206454
0.843622207641602
0.844660967588425
0.846755847334862
0.849690030018489
0.853472113609314
0.858386064569155
0.864974384506544
0.873959784706434
0.886120880643527
0.902153233687083
0.922550027569135
0.94751080373923
0.976868410905202
1.01003502309322
1.04598443210125
1.08329328894615
1.12024159232775
1.15495837728182
1.18558325370153
1.21042409539223
1.22809596856435
1.23762442668279
1.2384886542956
1.23060256242752
1.21424382925034
1.18994685014089
1.15836066007614
1.12008819977442
1.07551085948944
1.02461915711562
0.966866334279378
0.90107403198878
0.8254184871912
0.737524275978406
0.634695142507553
0.514300554990768
0.374310391644637
0.213924961785475
0.034194708801806
-0.161493888124824
-0.367183056970437
-0.574438512325287
-0.772816851735115
-0.950736378630002
-1.09673498074214
-1.20097674926122
-1.25671085715294
-1.26132856806119
-1.21673732995987
-1.12897574901581
-1.00720945994059
