2.04505560547113
2.3517929315567
2.65693029761314
2.95289619266987
3.23172096908092
3.48516124486923
3.70481675863266
3.8823190331459
4.00969064235687
4.07986915111542
4.08734256029129
4.02877309918404
3.90353047847748
3.71405822038651
3.46602840721607
3.1682542860508
2.83235250413418
2.47214424610138
2.102798178792
1.73973048478365
1.39734944701195
1.08783116936684
0.820158094167709
0.599617134779692
0.427822893485427
0.303206994198263
0.221823845990002
0.178298024926335
0.166742101777345
0.181496400851756
0.217592938337475
0.270912438631058
0.338072925806046
0.416145330294967
0.502327116206288
0.593699876219034
0.687153600156307
0.779493220150471
0.867678500711918
0.949118565768003
1.02193762362003
1.0851538553834
1.13873846828938
1.18355818837881
1.22123150527477
1.25393745303154
1.28420647233725
1.3146972283721
1.34796143323183
1.38620373606682
1.4310629889369
1.48343809694052
1.54338531196117
1.61010356247425
1.68201967328787
1.75697521865368
1.83248565346003
1.90603054314852
1.975326128304
2.03854291886091
2.09443897008896
2.14239028096199
2.18231505155563
2.21451687812805
2.23948587477207
2.25771363079548
2.26955750584602
2.27517533302307
2.27453096210957
2.26745633780956
2.25374348461628
2.23324263095856
2.20592893660069
2.17191800475121
2.13142734020948
2.08470668643713
2.03197843581438
1.97340954840183
1.90912301838398
1.83925851434469
1.76405999809504
1.68397533148527
1.59973494708538
1.51238843798637
1.42327647656202
1.33393366634846
1.24594119936228
1.1607694029808
1.07964008301497
1.00342954322696
0.932614758610725
0.867271076887846
0.80711929500103
0.751614458858967
0.700054548680782
0.651688877493143
0.605807546526194
0.561806606128812
0.519230393692851
0.477788582444191
0.43734304793179
0.397873150184751
0.359438326209784
0.322154516354203
0.286183875985444
0.251728692092001
0.219018410891294
0.188283891882747
0.159719263436273
0.133442450780421
0.109462845488451
0.0876584766665474
0.0677598240145016
0.0493450704234419
0.0318577005527914
0.0146500032678887
-0.00295287600602023
-0.0215797281416599
-0.0417435511590156
-0.0637856295797974
-0.0878408295102417
-0.113831062335521
-0.141492763417773
-0.170433948980644
-0.20020120870322
-0.230335246771574
-0.260404856875539
-0.290024004876614
-0.318862050771713
-0.346653388813138
-0.373205648735166
-0.398399822413921
-0.422177266329527
-0.44452090933919
-0.465442268177867
-0.484985867515206
-0.503250699490309
-0.520416606217623
-0.536757368594408
-0.552627369761467
-0.568425234407187
-0.584544565528631
-0.601323813199997
-0.618997726589441
-0.637652240693569
-0.657181229442358
-0.677247289568186
-0.697245128452778
-0.716272749006748
-0.733124110847712
-0.74631092697382
-0.754117734730244
-0.754688475281
-0.746152520179749
-0.726805124431849
-0.695338282734156
-0.651093177497387
-0.59429107606411
-0.526199359446764
-0.449197376146913
-0.366707697510719
0
0
0
0
0
0
0
0
0
0
0
0
0
0
0
0
0
0
0
0
0
0
0
0
0
0
0
0
0
0
0
0
0
0
0
0
0
0
0
0
0
0
0
0
0
0
0
0
0
0
0
0
0
0
0
0
0
0
0
0
0
0
0
0
0
0
0
0
0
