0.333130336121509
0.300047443885552
0.264597288087795
0.225945886812712
0.183670907036254
0.13790529907534
0.0894152259356097
0.0395890626027004
-0.00967728192182748
-0.0561917112453988
-0.0977347483368296
-0.132329648262576
-0.158469502863131
-0.175276682565087
-0.182575942262223
-0.180864486255144
-0.171183088892385
-0.154921411683685
-0.133616694102162
-0.108803540468216
-0.0819393157664882
-0.0543863905446702
-0.0274058716665757
-0.0021247216255257
0.0205306853780425
0.0399126000618133
0.0557211064365938
0.0680524021001092
0.0774130893405527
0.0846804790688973
0.0909980772259204
0.0976140575581475
0.105684832228642
0.116076377349121
0.129207135766352
0.144972020662145
0.162760687109671
0.181554329630576
0.200079681057679
0.217002725130633
0.231140580616499
0.24165899188895
0.248216709808299
0.251029006744686
0.250841711696826
0.248827358609752
0.246417557722644
0.245087598499499
0.246125132629746
0.25043041298264
0.258393927624351
0.269879043886536
0.284304772552691
0.300802430039958
0.318410004440107
0.33627203969579
0.353814034869796
0.370864651705089
0.387703572448931
0.405026288408982
0.423833332563701
0.445267154982215
0.470429776530517
0.500211839613162
0.535154833605415
0.575360578925986
0.620455015646784
0.669611566945126
0.721627028364884
0.775036127943742
0.828258279122804
0.879767295561339
0.928256985388304
0.97276275722604
1.01271980687192
1.04796953264036
1.07873058319092
1.10554708305158
1.12920929256238
1.15064100529018
1.17075676980772
1.19030422599692
1.20971999356621
1.22903372739491
1.24785131843467
1.2654353662541
1.28086516731664
1.29322100626795
1.30174791812897
1.30596037287461
1.30567591441305
1.30098200471778
1.29216623306274
1.27965038701108
1.26395113844621
1.24567211301703
1.22550988197327
1.20425516680667
1.18277997092197
1.16200688010768
1.14285712493093
1.12618496543483
1.11270175482097
1.10289830283115
1.09698116779327
1.09483063220978
1.09600045179066
1.0997614546826
1.1051854208896
1.11125980552874
1.11701110162233
1.12162442583787
1.12453958862706
1.12550611245005
1.12459030904268
1.1221311029635
1.11865534594184
1.11476934897272
1.11104616679643
1.10793094885977
1.10566761305458
1.10424344163192
1.10335514106249
1.10240442501871
1.10053971566652
1.0967479505037
1.08997662130155
1.07926033045116
1.0638282016704
1.04318091430162
1.01714232093409
0.985882542635265
0.949916447463788
0.910069352702091
0.86742040044383
0.823232769966125
0.778876571278823
0.735740749459518
0.695139568102987
0.658223265095761
0.625904359315571
0.598806961586601
0.57723405486659
0.5611603793345
0.55025062121843
0.543910522209971
0.541360787655178
0.541719146465
0.544081313045401
0.547600981436278
0.551561252066964
0.555424936507877
0.5588517628218
0.561681854097467
0.563893515812723
0.565547798809252
0.566734153973429
0.567529192096309
0.567972512621629
0.568063720276481
0.567772695892735
0.567060003155156
0.565894029642406
0.564258641318271
0.562151858681127
0.559586092045433
0.556591162556096
0.553218229820854
0.549536617178666
0.545622882090117
0.541545580876501
0.5373541461794
0.533076929418664
0.528729790135434
0.524327648313422
0.5198952539971
0.515477166364067
0.511154212449726
0.507057542863645
0.503362978759565
0.500256229388086
0.497876979802784
0.496262950332541
0.495316648169568
0.494805008172989
0.494390824907704
0.493681578259719
0.492277970439509
0.489810159331874
0.485958588750739
0.480463186376973
0.473130825318788
0.463852912187576
0.452641623584848
0.439677294931914
0.425348308525587
0.410261836491133
0.395215617982965
0.381137902799406
0.369008505030682
0.359770181931947
0.35422998039346
0.352954456680699
0.356174069015603
0.363713389948795
0.374952708420001
0.388812830573634
0.40374282473012
0.41770128827346
0.428140190086867
0.432018869801572
0.425882080667897
0.406025724975686
0.368760832046208
0.310774640817391
0.229580910582291
0.124034907472761
-0.00513309326120897
-0.154841651649852
-0.319345543259069
-0.490218283314454
-0.656757862944352
-0.806892664808976
-0.928558553520002
-1.01136835311588
-1.04825089479748
-1.036661355119
-0.979031139298489
-0.371309343137239
-0.318414807319641
