0.425233180324237
0.535763017833233
0.654357219735781
0.784301916758219
0.928079769015312
1.0868785927693
1.26021406054497
1.44573766986529
1.63929038246473
1.83519269029299
2.02670497695605
2.20655382672946
2.36747268835704
2.50274588664373
2.6067281961441
2.67527820666631
2.70603515704473
2.6985250711441
2.65409483512243
2.5757016936938
2.46759261687597
2.33495100339254
2.1835719148318
2.01963999867439
1.8496133685112
1.68016831080119
1.51811495423317
1.37019201119741
1.24271123607953
1.1410836627086
1.069309314092
1.02951381603877
1.02161737283071
1.04320212701956
1.08962733546893
1.15441781282425
1.22993557651838
1.30828120311101
1.38227427005768
1.44628907243411
1.49677533904711
1.5324105322361
1.55392222603162
1.56367708245913
1.56514012813568
1.56230409940084
1.55916021267573
1.5592485666275
1.56530457735062
1.57900141676267
1.60081126292547
1.63001252214114
1.66485410928726
1.70284387469292
1.74110812942187
1.77675819396973
1.80721395214399
1.8304438094298
1.84509136279424
1.85048710306485
1.84656500816345
1.83373347918193
1.81274222334226
1.78457280000051
1.75034828980764
1.71125319600105
1.66845322648684
1.62301687399546
1.57584510246913
1.52761587500572
1.47875889142354
1.42947047948837
1.37977051734924
1.32958569129308
1.27884250879288
1.22754378120104
1.17581210533778
1.12389070789019
1.07210803031921
1.02082464595636
0.970382392406464
0.921069790919622
0.873099505901337
0.826597054799398
0.781596889098485
0.738050068418185
0.69584333896637
0.654826690753301
0.614843750993411
0.575760558247566
0.537494689226151
0.500044537087282
0.463512976964315
0.428117468953133
0.39418371518453
0.362124306460222
0.332402134935061
0.305475314458211
0.281738099952539
0.261476465811332
0.244852961351474
0.231916703283787
0.222629501173894
0.216896186272303
0.214587487280369
0.215548767397801
0.219596526275078
0.22650995850563
0.236015508572261
0.247760709375143
0.261278964579105
0.275964938104153
0.291083227843046
0.30582537005345
0.319406109551589
0.331168954571088
0.340665429830551
0.347684745987256
0.352230615913868
0.354462824761868
0.354630433022976
0.353018422921499
0.349922075867653
0.34564599643151
0.340515447159608
0.334882644315561
0.329118798176448
0.323592034478982
0.318633561333021
0.314497344195843
0.311326225598653
0.309137197832267
0.307835896809896
0.307253879805406
0.307196090618769
0.307478720943133
0.307950280606747
0.308492297927539
0.309013982613881
0.309453390538692
0.309790556629499
0.310063327352206
0.31037208934625
0.310861942668756
0.311683038870494
0.312942375739415
0.314666209121545
0.316788290937742
0.319166677693526
0.321615127225717
0.323932637770971
0.325920455157757
0.327386302252611
0.328145064413548
0.328025239209334
0.326882814367612
0.324616327881813
0.321175796290239
0.316561174889406
0.31081622838974
0.304029069840908
0.296347404519717
0.287995085120201
0.279270991683006
0.27051941677928
0.262085980425278
0.254276389877001
0.24732851733764
0.241397500038147
0.236545061071714
0.23272455856204
0.229760977129141
0.227337725460529
0.225004280606906
0.222206527988116
0.218327987939119
0.212733053912719
0.204811160763105
0.194024533033371
0.17995627472798
0.162349776675304
0.141126712163289
0.116382449865341
0.088367326805989
0.0574678770499304
0.0241963234196495
-0.0108116338224136
-0.0467936880110453
-0.0828521282722553
-0.117935826070607
-0.150819240137935
-0.18009452149272
-0.204195724179347
-0.221469614654779
-0.230304159224033
-0.229314592977365
-0.205944444984198
-0.186136112858852
-0.14249655790627
-0.107614736072719
-0.0547819276883577
-0.0277192643843591
-0.00234168733004481
0.0177525502319137
0.00537241746981939
0.0108817045887311
0
0
0
0
0
0
0
0
0
0
0
0
0
0
0
0
0
0
0
0
0
0
0
0
