-0.0821663990397664
-0.102143168449402
-0.122440982774338
-0.143152303884135
-0.16398177887587
-0.184179306687678
-0.202544169610038
-0.217519191696363
-0.22737380117178
-0.23044413152863
-0.225374798345215
-0.211303444743595
-0.187951909761657
-0.155618497334859
-0.11508562487057
-0.0674672663650092
-0.0140300465419012
0.0439658654744134
0.105356188819689
0.169064644614563
0.2340213634512
0.299071789664381
0.362938848488471
0.424274853047203
0.481810764354818
0.534580242984435
0.582159266752355
0.624838983311373
0.663655877113342
0.700243013746598
0.736522520289702
0.774314319386202
0.814949649221757
0.858975336832159
0.906014481011559
0.954823578105253
1.00355051545536
1.05014388350879
1.09281813046511
1.13045545185314
1.1628576446982
1.19080166956958
1.21589595430038
1.24026483647964
1.26611938897301
1.29530839359059
1.32894865204306
1.36722413231345
1.40938242743997
1.45389722375309
1.49871979040258
1.54154080503127
1.58001253885381
1.61192818950204
1.63537925832412
1.64890948463889
1.65165706241832
1.64345230775721
1.62483861867119
1.59700800390805
1.56166536667768
1.52084991511177
1.47673422448775
1.431416136377
1.38671568912618
1.34400431198232
1.30408964788212
1.26718496575075
1.23297629636877
1.20076812716091
1.16967322896509
1.13880038962645
1.10740663374172
1.0750005069901
1.04139823773328
1.00674295425415
0.971496718771317
0.936403099228354
0.902422210749458
0.8706375430612
0.842140948071199
0.817903536207536
0.798646783127504
0.784734522595125
0.776105863206527
0.772270339376786
0.772376151645885
0.775345598950106
0.780043079572565
0.785429933491875
0.790667824885424
0.795164416818058
0.798576674040626
0.800794429638807
0.801916115424212
0.80221584965201
0.802100258715012
0.802060256986057
0.802618955864626
0.804277023848365
0.807459543733036
0.812474513755125
0.819481740979587
0.828469402649823
0.839240684228785
0.851421475410461
0.864494372816647
0.877847268300898
0.890830155681161
0.902813192676095
0.913242799394271
0.921691224855535
0.92788812342812
0.931726318948409
0.93323732474271
0.932543060358833
0.929797673926634
0.925138922298656
0.918657537768869
0.910389602184296
0.900327195139492
0.888444048516891
0.874733574250165
0.859247232184691
0.842126299353207
0.823614565765156
0.804048366406385
0.78382515556672
0.763363697949578
0.743067927220288
0.723297872964074
0.704343406593098
0.686403768904069
0.669581918155446
0.653897047042847
0.639308284310734
0.625737940563875
0.613085424198824
0.601238706532647
0.590090285329258
0.579560676041771
0.56962230275659
0.560311427887748
0.551719551577288
0.543957040590398
0.537092098418404
0.531085980289123
0.525753778569839
0.520766380955191
0.515690658022376
0.510051909615012
0.503403989707722
0.495391114669688
0.485786418704426
0.474506560493918
0.461607144159429
0.447267013437608
0.431764993597479
0.415452047305949
0.398724924115574
0.38200344934183
0.365710375940098
0.350251332801931
0.335993721204645
0.323248624801636
0.312259032445795
0.303188595701666
0.296104490756989
0.290957782198401
0.287575865493101
0.285675099667381
0.284888698774226
0.284807122805539
0.285026039270794
0.285195919520715
0.285061130628866
0.284484248827485
0.283454359454267
0.282079378471655
0.280561687315212
0.279158369583242
0.278130140374689
0.277685148751034
0.277925653492703
0.278811499476433
0.28015334027655
0.281636869206148
0.282868613215054
0.283435250029844
0.282969928839627
0.281214664087576
0.278064067749416
0.273580846541068
0.267988178659888
0.261649598970133
0.255046219510191
0.248752363464412
0.243403735406259
0.239651075180839
0.238099458463052
0.239234561429304
0.24334165278603
0.25042290372007
0.260119455702165
0.271642490344889
0.283716187757604
0.294542575583738
0.301801746382433
0.302705798078986
0.294120636056451
0.272764752892887
0.235491013702224
0.179647720911924
0.103506034349694
0.00672283582389355
-0.109222672222292
-0.240710429408971
-0.381885793279199
-0.524876831208958
-0.660367643131929
-0.778523795744952
-0.870185206918155
-0.336271531441632
-0.286598545663497
-0.0546737663886126
-0.0520802631097681
0
0
0
0
