2.18306168488094
2.41918621744428
2.65240091369266
2.8763473374503
3.08378265017555
3.26674376215254
3.41686075074332
3.52584033920651
3.58609324409848
3.59146624519711
3.53796381042117
3.42435524577186
3.25256516819909
3.02781191326323
2.75848422731672
2.45576782453628
2.13299138773055
1.80469987505958
1.4854934102013
1.18877016930353
0.925586586906796
0.703853479453496
0.528006115130016
0.399161978846505
0.315672650223687
0.273909929252806
0.269112994273504
0.296141873512949
0.350031888201123
0.426302296774728
0.521034392572585
0.630784026214055
0.752426397232782
0.883026250771114
1.01978179102852
1.16004612899962
1.30140179679507
1.44175423326946
1.57941322667258
1.71313007672628
1.84207285585858
1.96573504947481
2.08379819279625
2.19598796254113
2.30196368126642
2.4012751465752
2.49338100070045
2.57770506540934
2.65369923909505
2.72088445935931
2.77886457670303
2.82731425194513
2.86594717843192
2.89448353222438
2.91261168888637
2.91995658193316
2.91606495493934
2.90042158535549
2.872497013637
2.83181483404977
2.77803627649943
2.71106604167393
2.63116650354295
2.53906682559422
2.43602083978199
2.32379444440206
2.20457584517343
2.08081466243381
1.95502649034773
1.82957512991769
1.70647427013942
1.58723761354174
1.47279713267372
1.36349797816504
1.25916273253305
1.15921604065668
1.06285757110232
0.969265807242621
0.877804543290819
0.788203395548321
0.700673949150812
0.615931039764768
0.53510545974686
0.459561470009032
0.390648465780985
0.329434260016396
0.276476527963366
0.231682811464582
0.194283127784729
0.162908531725407
0.135751387193089
0.110780070757582
0.0859760643825645
0.0595631320694728
0.0302069562132515
-0.00282925770928462
-0.0395872966099497
-0.0793935649895242
-0.120935805031054
-0.162443339747066
-0.201949878196631
-0.237594205531336
-0.267907217854545
-0.292038780947526
-0.309884983159247
-0.322094272289957
-0.329956850125676
-0.335204058459827
-0.339753696606273
-0.345438002120881
-0.35375565361409
-0.365683254031908
-0.381563033376421
-0.401066310348965
-0.423232602221625
-0.446586336408343
-0.46931932369868
-0.48951467871666
-0.505376180013021
-0.515433510144552
-0.518694558313915
-0.514733305999211
-0.503716562475477
-0.486379299845014
-0.463946524120512
-0.43799221941403
-0.410251452809288
-0.382423925967444
-0.355996134735289
-0.332094805581229
-0.311392995573225
-0.294095108906428
-0.280004717054821
-0.268644818947429
-0.259391976254327
-0.251596230836142
-0.244674922454925
-0.238178875474703
-0.231834243450846
-0.225558043235824
-0.219446301460266
-0.213734149932861
-0.208734338482221
-0.204766860320455
-0.202088913037663
-0.200826583873658
-0.200904897281102
-0.201977253669784
-0.203368206818899
-0.204053716290565
-0.202703555425008
-0.197798364219211
-0.187813539590154
-0.171442915995916
-0.147823308195387
-0.116720661520958
-0.0786469401348205
-0.0348910031219323
0.0125427440174722
0.0610900631263143
0.107884923971835
0
0
0
0
0
0
0
0
0
0
0
0
0
0
0
0
0
0
0
0
0
0
0
0
0
0
0
0
0
0
0
0
0
0
0
0
0
0
0
0
0
0
0
0
0
0
0
0
0
0
0
0
0
0
0
0
0
0
0
0
0
0
0
0
0
0
0
0
0
