0.201266152055367
0.136463986790699
0.068477355753598
-0.00288705986357577
-0.0771405299639572
-0.152966423527054
-0.22818706864896
-0.299866740470347
-0.364564592423646
-0.418726459793423
-0.45916386143021
-0.483525219170944
-0.490644816471183
-0.480682328991268
-0.455033250477003
-0.416058510541916
-0.366706287731295
-0.31010231051756
-0.249188935951046
-0.186480398735274
-0.123955680108022
-0.0630600696996502
-0.00476803240978726
0.0503348145360613
0.10198039205178
0.150173175270143
0.195170872885248
0.2374798985927
0.277854530059773
0.317288516656212
0.35697640672974
0.39821383357048
0.442216574497845
0.489868828783865
0.54145043829213
0.596416722173276
0.653300123370212
0.709778491569602
0.76293209583863
0.809678233188132
0.847332874070043
0.874200243016948
0.890058196109274
0.89640147012213
0.896353200725887
0.89423455103584
0.894872574702553
0.902795180030491
0.921473251736682
0.952750856461732
0.996565144994984
1.05100286006927
1.11267322042714
1.17730591867281
1.2404396508051
1.29805515641751
1.34705479767012
1.38554552327032
1.41292167746502
1.42976746351823
1.4376154827035
1.43860936164856
1.43513025408206
1.42944376883299
1.4234183974888
1.41834916239199
1.41489268385846
1.41308920279793
1.41244599093562
1.4120549896489
1.41073202050251
1.40717643240224
1.40015180214592
1.38867483450019
1.37217829020127
1.35059771848762
1.32436746618022
1.29434240900952
1.261680048445
1.2276993782624
1.19373648062996
1.16101103761922
1.13051539918651
1.10294278549111
1.07865466501402
1.05768451742504
1.03976834079494
1.02440038193827
1.01090717056523
0.998540601004725
0.986573167469191
0.974380840425906
0.961505185002866
0.94769899741463
0.932969228081081
0.917619798494422
0.902275855126588
0.8878555064616
0.875474634377853
0.866299038347991
0.861374632171963
0.861471523409304
0.866966473019641
0.877781974232715
0.893390826556994
0.912883325763371
0.935085353643998
0.958705917648647
0.982494152110556
1.00538504123688
1.02661245802174
1.04577000503955
1.0628203464591
1.07805693149567
1.09202793888424
1.10542130470276
1.11892689310986
1.13309280768685
1.1482056690299
1.1642097649367
1.18067408126333
1.19680680917657
1.21150842956875
1.22346305847168
1.23125850117725
1.23353155281233
1.22912254022515
1.21722055518109
1.19747263970582
1.17003597383914
1.13557607194652
1.09522012523983
1.0504706994347
1.00308047947676
0.954893526823624
0.90768303560174
0.863009108149487
0.82211274686067
0.785851724769758
0.754671379275944
0.728612876456717
0.707357753878054
0.69030529519786
0.67667495686075
0.665621024111043
0.656345807987711
0.648190355819205
0.640683464382006
0.633546165798021
0.626663669295933
0.620043441005375
0.613768328791079
0.607952872048254
0.602707056895546
0.598111204479052
0.594198154366535
0.590938244176948
0.588219393854556
0.585829975812332
0.583458187787429
0.580712422080662
0.577157554419144
0.57235923020736
0.565936632778334
0.557625218578007
0.547336759774581
0.535198678141055
0.521549385526906
0.506890869658926
0.491814346417137
0.476918935775757
0.462732790604882
0.449651299611382
0.437907493632773
0.427575218936671
0.418592796377514
0.410798260699148
0.403971192629441
0.397872958494269
0.392273112483647
0.386958590020304
0.381735817245815
0.376437082238819
0.370934910100439
0.365158014971277
0.359097629785538
0.352795931308166
0.346318584421407
0.339722945638325
0.333036729822988
0.326252748136935
0.319335158752358
0.312231290599574
0.304885351139566
0.297253860079724
0.289320300454679
0.281108736991882
0.272697729908902
0.264245134332906
0.25602766741877
0.248479642945787
0.242200677161631
0.237912324459656
0.236365811332412
0.238218159779258
0.243897268305654
0.253475875958152
0.266567325462466
0.2822447185931
0.298980605343114
0.31461194805477
0.326347424932148
0.33084174601928
0.32436271465343
0.303070092978685
0.263410118610963
0.202600701347641
0.119158464929332
0.013410375342178
-0.11207608408902
-0.252226588518723
-0.399460051370704
-0.544060344281404
-0.675006070862646
-0.747872557329095
-0.816840389500494
-0.768540750379148
-0.759800193102463
-0.210781284000563
-0.189912337323894
