0.800515266981992
1.36084838347002
1.90747657689181
2.42171231183139
2.88665071400729
3.28818139162931
3.61555305394259
3.86143929308111
4.02167363600297
4.09491738406095
4.0824463150718
3.98807796564969
3.81816133585843
3.58153659647161
3.28939906033603
2.95502823049372
2.59330987930298
2.22000223940069
1.85075706785375
1.50001955032349
1.17999398708344
0.899850487709045
0.665300510146401
0.478589868003672
0.338876667347821
0.242902422493154
0.185821704566479
0.162042604928667
0.165936589241028
0.192318364977837
0.236673886125738
0.295188156041232
0.364661864259026
0.442394798452204
0.526083648204803
0.613748436624354
0.703690816055645
0.794482214884324
0.884985100139271
0.974396662278609
1.06228770992973
1.1485988443548
1.23356839743527
1.3175995241512
1.40108971162276
1.48427073522048
1.56709080392664
1.64915360103954
1.72970901836048
1.80767746405168
1.88169568235224
1.95017682422291
2.01137525385076
2.0634649775245
2.10463257269426
2.13320123065602
2.14779589392922
2.14750605279749
2.13202200152657
2.10170025175268
2.05753795667128
2.00106751918793
1.93418860435486
1.85899123278531
1.77759232304313
1.69201215830716
1.60409643433311
1.5154751105742
1.42755262418227
1.34151152047244
1.25832075964321
1.17873852903193
1.10330723632466
1.03233622962778
0.965879033912312
0.903719912875782
0.845388163219799
0.790216917341406
0.73744763027538
0.686355162750591
0.636359195817601
0.587090186097405
0.538408268581737
0.490389864553105
0.443297974087975
0.397531700405208
0.353552670641379
0.311792419715361
0.272556468844414
0.235947476191954
0.201822748746384
0.169792969287796
0.139265105064789
0.109522654039955
0.0798211561685259
0.0494726486504078
0.0178990793488496
-0.0153399536555464
-0.0505208657546477
-0.0877097750251943
-0.126700763463635
-0.166968770325184
-0.207667041908611
-0.247682949782095
-0.28574582003057
-0.320572708310051
-0.351030652495948
-0.376291309568015
-0.395952906798233
-0.410107237371531
-0.419337735934691
-0.424649562348019
-0.427349579605189
-0.428898780183359
-0.430756219408729
-0.434224692257968
-0.440313404256647
-0.449638862501491
-0.462381319566206
-0.478301018476486
-0.49680326201699
-0.517032401128249
-0.537984631278298
-0.558630144054239
-0.578026489777999
-0.595396762544459
-0.610167720101096
-0.621975822882219
-0.630651598626917
-0.63618709824302
-0.638693668625572
-0.638366590846669
-0.635460100390694
-0.630271754481576
-0.623126523061232
-0.614360050721602
-0.604307694868608
-0.593308454210108
-0.58171727440574
-0.569913408973
-0.558294816450639
-0.547257415272973
-0.537163962017406
-0.528303230350668
-0.52084694667296
-0.514815858819268
-0.51006791266528
-0.506310037591241
-0.503127680583434
-0.500019393183968
-0.496436677195809
-0.491829219189557
-0.485685806382786
-0.477551885626533
-0.467023299498992
-0.453737044876272
-0.437381505966187
-0.417733325199647
-0.39471094716679
-0.368420007553968
-0.339165459979664
0
0
0
0
0
0
0
0
0
0
0
0
0
0
0
0
0
0
0
0
0
0
0
0
0
0
0
0
0
0
0
0
0
0
0
0
0
0
0
0
0
0
0
0
0
0
0
0
0
0
0
0
0
0
0
0
0
0
0
0
0
0
0
0
0
0
0
0
0
