0.0516624747274014
-0.0450749590706367
-0.138870035226528
-0.228124988193695
-0.310608679285416
-0.383491205481382
-0.443564218970446
-0.487619090538759
-0.512916911106843
-0.517653894539063
-0.501310225146321
-0.464783295075624
-0.410265313891264
-0.340905584681493
-0.260364157076065
-0.172398554304471
-0.0806008858176378
0.0116833995741147
0.10134328987736
0.185535570463309
0.261820145846846
0.328342891513155
0.383981712735616
0.428413843879333
0.462117263903985
0.486334041907237
0.502989601630431
0.514534081404026
0.523683701570217
0.533085045906214
0.544954941822932
0.560766380566817
0.581056377062431
0.605418106684318
0.632690652058675
0.661300780681463
0.689658873356306
0.716496559289786
0.741068608485735
0.763195519263928
0.783159824518057
0.801494139891404
0.818726392892691
0.835159840492102
0.850742154396497
0.865036971293963
0.877294506017978
0.886596837869057
0.892043971098386
0.892932790976304
0.888888400334578
0.879927685627571
0.86645626104795
0.84921265565432
0.829166637017177
0.807383326383737
0.784868079882402
0.762429393254794
0.740594006501711
0.719597247930673
0.699440167500423
0.679987290730843
0.661074317418612
0.642604596339739
0.624622516907178
0.607349019784194
0.59117203950882
0.576587413366024
0.564106579010303
0.55416103051259
0.547040285972448
0.5428829399439
0.541714450487724
0.543504419235083
0.548213241192011
0.555816583908521
0.566302246772326
0.579645716227018
0.595773618954879
0.614524836723621
0.6356161236763
0.658621434982006
0.682970794347616
0.707976070734171
0.732888895731706
0.756992486807016
0.779714057078728
0.800731764389918
0.820050789759709
0.838028522638174
0.855338197488051
0.872880559701186
0.891664069432479
0.912682735002958
0.936810933626615
0.964721358739413
0.996813315611619
1.03314753679129
1.0733911211674
1.1167973279953
1.16224442995512
1.20834668783041
1.25362740113185
1.29671080295856
1.33648118605981
1.37217241067153
1.40338607934805
1.4300664296517
1.45244983526377
1.47099541700803
1.48629147272844
1.4989572763443
1.50954283200777
1.51843944879679
1.52581674319047
1.53160659166483
1.53553227277902
1.53716652209942
1.53600591879625
1.53156141134409
1.52345762803004
1.51151832250448
1.49580968343295
1.47661974796882
1.45439039743864
1.4296330672044
1.4028641810784
1.37457318489368
1.34521140502049
1.31518250245314
1.2848223722898
1.25438195925493
1.22402009597191
1.1938259601593
1.16386704261486
1.13425537256094
1.10520729651818
1.07707277628092
1.05031617329671
1.02546340685624
1.00302913555732
0.983451513143686
0.967041698785929
0.953947117695442
0.944127183694106
0.937345596460196
0.933179644437937
0.931048608743227
0.930255633134108
0.930040767559638
0.929647757456853
0.928399828764109
0.925771749936617
0.921428024768829
0.915218875958369
0.907133854352511
0.897233710839198
0.885584166416755
0.872217302138989
0.857143076566549
0.840397018652696
0.822086691856384
0.802408287158379
0.781627577084761
0.760042479405036
0.737950902718764
0.715636684344365
0.693374294501085
0.67144053715926
0.650124100538401
0.629732599625221
0.610596519250136
0.593072350208576
0.577537600810711
0.564378687968621
0.553971061339745
0.546645797215975
0.542636000193082
0.542011398535508
0.544627693983225
0.550116185958569
0.557925444382888
0.567404293096982
0.57789991910641
0.588845995756296
0.599823438204252
0.610591475780194
0.621094336876502
0.631441221787379
0.641856798758874
0.652606574388651
0.663917967906365
0.675914360926701
0.688577509843386
0.701748935075907
0.715176119254186
0.728596641467168
0.741832976157849
0.75487062564263
0.767890416658842
0.781239683811481
0.795338493127089
0.810531703325418
0.826907465091118
0.844106729214008
0.861150691142449
0.876307560847356
0.887019583812127
0.889911110584553
0.880899974933037
0.855435073375702
0.808870095473069
0.736963487588442
0.63646518267118
0.505730461615783
0.345275963728244
0.158185806985085
-0.0497066512560615
-0.269880911478629
-0.491433072548646
-0.701669284930596
-0.887086937060723
-1.03479480743408
-1.13424132420466
-1.17887396078843
-1.16724522297199
-1.10323577660781
-0.995383519392747
-0.659424327887022
-0.53738332253236
