1.52462033872251
1.70817759301927
1.8914351021802
2.07123901225902
2.24322700500488
2.40179872512817
2.54034516546461
2.65172883316323
2.72894808981154
2.7658833221153
2.75799330075582
2.70284385151333
2.60041169767027
2.45314175111276
2.26582603101377
2.0453512845216
1.80032972494761
1.54059091320744
1.27652427002236
1.01831966859323
0.77520227211493
0.554778429093184
0.362588655065607
0.201924312652813
0.0739162703544867
-0.0221479807730281
-0.0883646251965763
-0.127712718745763
-0.143589536693913
-0.139424486982602
-0.118397076062306
-0.0832720321551379
-0.0363419668800715
0.0205527396734666
0.0859567270510727
0.158702276371143
0.237792018938948
0.322276136389485
0.411151001850764
0.503308106351782
0.597547659167537
0.692641655604045
0.787412455788365
0.880793926892457
0.971879733933343
1.0599835757856
1.14473191455558
1.22616642051273
1.30479011270735
1.3814968003167
1.45736889044444
1.53339808075516
1.61020580927531
1.68783836011533
1.7656707101398
1.84242792482729
1.91630642943912
1.98517419673778
2.04680998678561
2.09914947439123
2.14049801120052
2.1696913683856
2.18617319177698
2.18996694352892
2.18157039748298
2.16181325912476
2.13172871095163
2.09246534329874
2.04523163371616
1.99127235235991
1.93183623861384
1.86810162773839
1.80106310491209
1.73142012401863
1.65951878494687
1.58538354326178
1.50882781876458
1.42960889251144
1.34758068014074
1.26281592139491
1.17568298180898
1.08687560646622
0.997398608260684
0.908510751194424
0.821625438001421
0.738173420782442
0.659448455881189
0.58646712479768
0.519866657477838
0.459852830127433
0.406199981768926
0.35830138237388
0.315258865003233
0.275996914616338
0.239384603169229
0.204352903145331
0.169991886726132
0.135615536736117
0.100792428961507
0.0653505283925268
0.0293685501803541
-0.00683914504393383
-0.0427450789483609
-0.077647123761751
-0.110735553558226
-0.141195606578279
-0.16833677087669
-0.191723320219252
-0.211274032791456
-0.227303838840237
-0.240493220311624
-0.251790314912796
-0.262270743096316
-0.272991844901332
-0.284871632854144
-0.298605491717656
-0.314620068779698
-0.3330545966272
-0.353765571558917
-0.376353592784316
-0.40020896770336
-0.424569560421838
-0.448590421014362
-0.471426496903102
-0.492329414244051
-0.510743940318072
-0.526377360026042
-0.53921459780799
-0.549471669726902
-0.55751073801959
-0.563747368477009
-0.568577965100606
-0.572339799669054
-0.575301530184569
-0.577671494748857
-0.579610504485943
-0.581240393497326
-0.582648873329163
-0.583892347636046
-0.584995519231867
-0.585953703633061
-0.586739564383471
-0.587320215172238
-0.587681935893165
-0.58785582251019
-0.58793090890955
-0.588047614804021
-0.588371385026861
-0.589061241458963
-0.590254618061913
-0.592073815840262
-0.594646321402656
-0.598119033707513
-0.602652240682531
-0.608399501553288
-0.615483286204161
-0.623976517606665
-0.633882030292794
-0.645100255807241
-0.657383486076638
-0.670288066069285
-0.0267609755198161
0
0
0
0
0
0
0
0
0
0
0
0
0
0
0
0
0
0
0
0
0
0
0
0
0
0
0
0
0
0
0
0
0
0
0
0
0
0
0
0
0
0
0
0
0
0
0
0
0
0
0
0
0
0
0
0
0
0
0
0
0
0
0
0
0
0
0
0
