-0.686025706204501
-1.10834044759924
-1.44744384288788
-1.66004420410503
-1.70592469518835
-1.55165668509223
-1.17409705844792
-0.563400483944199
0.274683605540882
1.31750592860309
2.52562765641646
3.84497486461293
5.21172913638028
6.56000440770929
7.83085263859142
8.98004375804554
9.98244302923029
10.8323444019664
11.5404927513816
12.1292650049383
12.6271631934426
13.0633084557273
13.4626530733975
13.8427515029907
14.2125714908947
14.5733111988414
14.920581297441
15.2471270994707
15.5453123612837
15.8089569265192
16.0343288941817
16.220442945307
16.3688051917336
16.482832475142
16.5670611641624
16.6262909282338
16.6647460243919
16.6853734796697
16.6893646933816
16.6760030226274
16.6428276408802
16.5861440138383
16.5017544139515
16.3857911716808
16.2354399941184
16.0495153773915
15.8286663402211
15.5753852670843
15.2937260541049
14.9888582229614
14.6665011319247
14.3323851498691
13.991776119579
13.6491865678267
13.308201009577
12.9714410955256
12.6405760158192
12.3164073770696
11.9990075718273
11.6879405975342
11.3825756419789
11.0824222564697
10.7874647487294
10.4983437278054
10.2164062153209
9.94360429590399
9.68233403292569
9.43523606387052
9.20497365431352
8.993990464644
8.80421109633012
8.63683275742964
8.49220778725364
8.36982089822943
8.26829970966686
8.1854829788208
8.11853595213457
8.06413516131314
8.01869682832198
7.97862967577848
7.94051868265325
7.90128101002086
7.85826115174727
7.80927801132202
7.75264583934437
7.68714237213135
7.61196305535056
7.52668944272128
7.43126756494696
7.32596982609142
7.21133370832963
7.0880650173534
6.95697775754062
6.81894852898338
6.67490469325672
6.52576338161122
6.3723372112621
6.2152363170277
6.05481126091697
5.89114765687422
5.72409989617088
5.55333414944735
5.37837631052191
5.19868568940596
5.01372606104071
4.82304794138128
4.6263636675748
4.42361940037121
4.21507154811512
4.00133770162409
3.7833968075839
3.56253877553073
3.34028458595276
3.11828249151056
2.89821324565194
2.68169284950603
2.47018763152036
2.26493334770203
2.06687838380987
1.87664876200936
1.69453514164144
1.52050153775649
1.35422599857504
1.19518859549002
1.04279121485623
0.896474952047521
0.755828639323061
0.620692934502255
0.491239045111632
0.367967690256509
0.251612880690531
0.142982707612894
0.0427999164570462
-0.0484101109376008
-0.130366311577911
-0.203026361086152
-0.266559243879535
-0.321317355741154
-0.367812118747018
-0.406673680652272
-0.438578050244938
-0.464147424156016
-0.483867748217149
-0.498077712275765
-0.50704319097779
-0.511093854904175
-0.510796335610476
-0.507147092710842
-0.501740062778646
-0.496859872883016
-0.495478995821693
-0.501171537420966
-0.517931626601653
-0.549853170459921
-0.600640746680173
-0.672985802997242
-0.767915872010318
-0.884254796938463
-1.01829372752797
-1.16374063491821
-1.31205317107114
0
0
0
0
0
0
0
0
0
0
0
0
0
0
0
0
0
0
0
0
0
0
0
0
0
0
0
0
0
0
0
0
0
0
0
0
0
0
0
0
0
0
0
0
0
0
0
0
0
0
0
0
0
0
0
0
0
0
0
0
0
0
0
0
0
0
0
0
0
