0.0212472115490527
-0.134797982871532
-0.255969350226223
-0.31742355634924
-0.291233420837671
-0.148175075029333
0.139760752518972
0.596202249328295
1.23678428928057
2.06546455621719
3.07130630811056
4.22642699877421
5.48594661553701
6.79091004530589
8.07495216528575
9.27430311838786
10.3385438919067
11.2383630275726
11.968110481898
12.5433542728424
12.99502881368
13.3619582653046
13.6833555698395
13.9926954905192
14.3137812614441
14.6592688560486
15.0313177108765
15.4236323833466
15.8241546948751
16.2177735964457
16.5886804262797
16.9221782684326
17.2058583895365
17.4302738507589
17.5890693664551
17.6787447929382
17.6981099446615
17.6476672490438
17.529160340627
17.3452774683634
17.0995395978292
16.7962902386983
16.4407103061676
16.0388246377309
15.5975183645884
15.1244610150655
14.6280420621236
14.1171809037526
13.6011061668396
13.0890390872955
12.5897743701935
12.1113012631734
11.6604155699412
11.2423892815908
10.8607354958852
10.5171465873718
10.2116521994273
9.94294675191244
9.70875302950541
9.5062001546224
9.3321723540624
9.18365021546682
9.05804121494293
8.95344066619873
8.86875156561534
8.80363794167837
8.75829831759135
8.73312175273895
8.72829949855804
8.74348775545756
8.77759714921316
8.82873225212097
8.89422599474589
8.97074059645335
9.05434803167979
9.14068269729614
9.22512690226237
9.30307992299398
9.37025078137716
9.42293683687846
9.45823685328166
9.47420446077983
9.46992516517639
9.4454980691274
9.40196752548218
9.34113852183024
9.26534732182821
9.17718855539958
9.07924111684163
8.97380097707113
8.86264133453369
8.74686368306478
8.62683876355489
8.50228969256083
8.37247065703074
8.23639571666718
8.09304718176524
7.94155597686768
7.78132236003876
7.61206042766571
7.43377947807312
7.24672031402588
7.05126512050629
6.84786240259806
6.63698939482371
6.41912583510081
6.19475964705149
5.96441225210826
5.72869376341502
5.48835444450378
5.24433449904124
4.99780305226644
4.75017233689626
4.50304508209229
4.25809343655904
4.01690292358398
3.78082299232483
3.55084578196208
3.32756402095159
3.11120388905207
2.90174625317256
2.69905730088552
2.50299688180288
2.3134660522143
2.13040179014206
1.95374205708504
1.78340616822243
1.61932622392972
1.46151009202003
1.31009149551392
1.1653484304746
1.02768575896819
0.897606283426285
0.775662135332823
0.662407362212737
0.558357310170929
0.463933756109327
0.379357836461471
0.304512455283354
0.238839608927568
0.18132401118055
0.130564503371716
0.0848881203758841
0.0424884045496583
0.00156899665792783
-0.0394959147864332
-0.0819992247658471
-0.126767920640608
-0.174090677251418
-0.223716312708954
-0.274911592404048
-0.326554162272563
-0.377232769193749
-0.42533635860309
-0.469114389891426
-0.506715825758874
-0.53623519744724
-0.555796661724647
-0.56368627701886
-0.558502790518105
-0.539279097574763
0
0
0
0
0
0
0
0
0
0
0
0
0
0
0
0
0
0
0
0
0
0
0
0
0
0
0
0
0
0
0
0
0
0
0
0
0
0
0
0
0
0
0
0
0
0
0
0
0
0
0
0
0
0
0
0
0
0
0
0
0
0
0
0
0
0
0
0
0
