-0.626131930771996
-0.816300539409413
-0.989082578350516
-1.13234131827074
-1.23150413877824
-1.27040522940019
-1.2327449461993
-1.10414794963949
-0.874728876001695
-0.541941195945529
-0.113278709790286
0.391838528270669
0.941829485051772
1.4953176203896
2.00684340561137
2.43543539327734
2.75335811166202
2.95142954938552
3.0391678389381
3.04077987109914
2.98918719151441
2.91994663547067
2.86614494463977
2.85466396808624
2.90387432014241
3.02270159300636
3.21096974961898
3.46085437606363
3.7590679841883
4.0892931433285
4.43445916736827
4.77862515169031
5.108391270918
5.41376750609454
5.68849131640266
5.9297694458681
6.13756193834193
6.31358839483822
6.46026692670934
6.57980329850141
6.67357357810525
6.74185155419742
6.78382054497214
6.79776309518253
6.78140769285314
6.73241957496194
6.6489782333374
6.5303072087905
6.37700768078075
6.19114544812371
5.97608594333424
5.73610934089212
5.47594039580401
5.20034562840181
4.91390231076409
4.6209353278665
4.32555028971504
4.03166667152854
3.74300503730774
3.46301771612728
3.19478632422055
2.94094308684854
2.70365107059479
2.48464183947619
2.28529871912564
2.10674829342786
1.94993194061167
1.81561671635684
1.70435802024953
1.6164415899445
1.55182892084122
1.51011267129113
1.49049778545604
1.49183174091227
1.51269009183435
1.55149877071381
1.60665995233199
1.67665170571383
1.7600772450952
1.85565784398247
1.96218974450055
2.07848564316245
2.20331199028913
2.33532580207376
2.47302781133091
2.61475939610425
2.75874039706062
2.90313399539274
3.04610753059387
3.1858938441557
3.32084710457746
3.44950532913208
3.57065241477069
3.68337242743548
3.78707141034743
3.88145863308626
3.96649449011859
4.04232942356783
4.10926755736856
4.16774432799395
4.2183139183942
4.26162878204794
4.29839888740988
4.32934027559617
4.35511256666744
4.37625192193424
4.39312392122605
4.40589851491591
4.41457160781412
4.41901742710787
4.41902711812188
4.41431969754836
4.40451533654157
4.38909762045916
4.36738822039436
4.33854226505055
4.30155086517334
4.25526248707491
4.19841118419872
4.12968178356395
4.04780028848087
3.95164186814252
3.84033377030317
3.71335075883304
3.57059389002183
3.4124514355379
3.23983782880446
3.05421213542714
2.85756857254926
2.65239200872533
2.4415625333786
2.22820396283094
2.01548093907973
1.80637700417463
1.60348664662417
1.40885441092884
1.22388438968097
1.04932272960158
0.88530890380635
0.731482504921801
0.587117842289017
0.451263598878594
0.322863953872858
0.200852916849887
0.0842258413048352
-0.0278940200805664
-0.136179337387576
-0.241015845800147
-0.342435389483238
-0.440091814188396
-0.53329926575808
-0.62113305882496
-0.70257722893182
-0.77669559506809
-0.842791385510389
-0.900530590730555
-0.950013034483966
-0.991802411920884
-1.02692248190151
-1.05683801454656
-1.08342938914019
-1.10894703514436
-1.13593627424801
-1.16711758515414
-1.20523270789315
-1.2528710084803
-1.3122939712861
-1.38526375153485
-1.47285200567806
-1.57519986348994
-1.69125607434441
-1.81857503161711
-1.95329490829917
-2.0904001418282
-2.22430544039782
-2.34968674884123
-2.46233553044936
-2.5597720637041
-2.64145269113428
-2.70858321470373
-2.76364716361551
-2.8097843282363
-2.85013751422658
-2.88730694265927
-2.92298322565415
-2.9577973169439
-2.99138735322391
-3.02267412578358
-3.05028807415682
-3.07304253297694
-3.09035340477439
-3.10252670680775
-3.1108776401071
-3.11766530485714
-3.12584754999946
-3.13869591320262
-3.15930790059707
-3.19005301419426
-3.23196998764487
-3.2841452851015
-3.34314786686617
-3.40263304990881
-3.45323726710151
-3.48285366507138
-3.4773362384123
-3.42159931799945
-3.3010347590727
-3.10313097168418
-2.8191626773161
-2.44580521303065
-1.75504824694465
-1.28258106287788
-0.564566664835986
-0.156676141654744
0.117893954410272
0.263314124415903
0.0757830774082857
0.0984112164553474
0
0
0
0
0
0
0
0
0
0
0
0
