-1.65806653350592
-1.86426001787186
-2.02510686218739
-2.10967271029949
-2.08643172681332
-1.92566154152155
-1.60203811526299
-1.09728348627687
-0.402730410918593
0.478366125898901
1.52907970920205
2.71815027296543
4.00107672810555
5.32353976368904
6.6272853910923
7.85781806707382
8.97216838598251
9.94430822134018
10.7665771245956
11.4475170373917
12.0077095627785
12.4748641848564
12.8786566257477
13.2458359599113
13.5963851809502
13.9415469765663
14.283999145031
14.6197927594185
14.9411083459854
15.2389172315598
15.5050309300423
15.7334979176521
15.9215241074562
16.0700075626373
16.1836476325989
16.2704700231552
16.3407489061356
16.4054697751999
16.4746123552322
16.555680513382
16.6526945829391
16.7658268213272
16.8916966915131
17.0241680145264
17.1554453372955
17.2772485017776
17.3818057775497
17.462593793869
17.5146911144257
17.5348280668259
17.5211539268494
17.472828745842
17.3896150588989
17.2715373039246
17.1187353134155
16.9315356016159
16.7106257677078
16.4573045969009
16.1736811995506
15.8627768754959
15.5285382866859
15.1757478713989
14.809848845005
14.4367517232895
14.0626133680344
13.6936021447182
13.3356273174286
12.9940097928047
12.6731325984001
12.376127243042
12.1046451926231
11.8587667942047
11.6370685696602
11.4368533492088
11.2544953227043
11.0858494639397
10.9266872406006
10.773083627224
10.6217241883278
10.4701099395752
10.3166404366493
10.1606681346893
10.0025062561035
9.84338462352753
9.68531620502472
9.5308433175087
9.38272947072983
9.24360531568527
9.11565512418747
9.00036317110062
8.89835000038147
8.80933624505997
8.73219984769821
8.66512316465378
8.60576802492142
8.55146187543869
8.49936652183533
8.44664245843887
8.39060580730438
8.32885098457336
8.25932705402374
8.18037322163582
8.09069982171059
7.98933520913124
7.87552836537361
7.74865293502808
7.60813400149345
7.45344594120979
7.28416335582733
7.10008433461189
6.9013654589653
6.68863689899445
6.46308141946793
6.22644200921059
5.980967015028
5.72928074002266
5.47419872879982
5.21852308511734
4.96484851837158
4.71540123224258
4.47191581130028
4.23555147647858
4.00687322020531
3.78588429093361
3.57212975621223
3.36485935747623
3.16323268413544
2.96654756367207
2.77443307638168
2.58696039021015
2.40462020039558
2.22818276286125
2.05850469321012
1.89634628593922
1.74223053455353
1.59635822474957
1.45858474820852
1.32845192402601
1.20523840934038
1.08800118044019
0.97561202198267
0.866820830851793
0.760375376790762
0.655189840123057
0.550534296780825
0.446216225624084
0.342722568660975
0.241290581412613
0.14387275572517
0.0529831378953531
-0.0285475299169775
-0.097854760591872
-0.152309053170029
-0.189732840284705
-0.208553169388324
-0.207916819490492
-0.187817465513945
-0.149258951889351
-0.0944315074011683
-0.0268428672570735
0.0486780874198303
0
0
0
0
0
0
0
0
0
0
0
0
0
0
0
0
0
0
0
0
0
0
0
0
0
0
0
0
0
0
0
0
0
0
0
0
0
0
0
0
0
0
0
0
0
0
0
0
0
0
0
0
0
0
0
0
0
0
0
0
0
0
0
0
0
0
0
0
0
