-0.935059265699238
-0.846962516963044
-0.699782487004995
-0.485475020373569
-0.197012187803493
0.170122453395058
0.616127639132388
1.13493211129132
1.71231358892777
2.3245023208506
2.93803935892442
3.51182139621061
4.00182893696953
4.36792823847602
4.58082984475528
4.62682979247149
4.50900736977072
4.2451546051923
3.86364785362692
3.39862496712629
2.8854928297155
2.35732834479388
1.8424265945659
1.36300176031449
0.934859615914962
0.56773434141103
0.265986640663708
0.0294571107814965
-0.145621812388794
-0.265678952721988
-0.33883600813501
-0.37395857537494
-0.379803326967008
-0.364347787026097
-0.334362958283985
-0.295243026359993
-0.251069773536395
-0.204868559670799
-0.15898606707068
-0.115486868821523
-0.0764142710934667
-0.0438019869958653
-0.0194622920278241
-0.00470886554788141
-0.00018672677962219
-0.00587817204787451
-0.0212360315353555
-0.0453255097655689
-0.076885540257482
-0.114299397696467
-0.155523202436812
-0.198058857199024
-0.239032694960342
-0.275399596594712
-0.304210730992696
-0.322841829455951
-0.329111232477076
-0.321292225052329
-0.298085718470461
-0.258618688539547
-0.202484667739447
-0.129788410795086
-0.041161365368787
0.0622621963129324
0.178913383251604
0.306906444404055
0.444192079936757
0.58870534905616
0.738471671938896
0.891663808923434
1.04662803187966
1.20191730997142
1.35634117266711
1.50900840058046
1.65931733566172
1.80686805178137
1.951300424688
2.09213041557985
2.22865107480217
2.35996382376727
2.48511963030871
2.60332065470078
2.71408229715684
2.81729995503145
2.91319467039669
3.00217904764063
3.08469287086936
3.16106430222006
3.23141440223245
3.29559790386873
3.3531986545114
3.403572881923
3.44595395817476
3.47958187495961
3.50382911457735
3.51828990263097
3.52283493210288
3.51761732381933
3.50304555892944
3.47972934386309
3.44841731295866
3.40993370729334
3.36511686268975
3.31476787959828
3.2595948752235
3.20017075538635
3.13692331314087
3.07017904169419
3.00023599231944
2.92742999862222
2.85215818180757
2.77486299065983
2.69599168440875
2.6159566710977
2.53510012346156
2.45368259093341
2.37188099412357
2.28980053172392
2.20748953959521
2.12494757596184
2.04212585617514
1.95891851537368
1.87516116394716
1.79063926023595
1.7051135932698
1.61836569449481
1.53025644667008
1.4407958353267
1.35019709783442
1.25888679658665
1.16745400078156
1.07655018918654
0.986772488145267
0.898557445582222
0.812114315874436
0.727409820346271
0.644202021991505
0.56211250669816
0.480716740383821
0.399635003770099
0.318616048378103
0.237609212451121
0.15681691467762
0.0767183904125191
-0.0019463309470345
-0.078234422212357
-0.151093319496688
-0.219475120744284
-0.282457258771448
-0.339353724437601
-0.38979974564384
-0.433795676511877
-0.471707223092808
-0.504233898485408
-0.532356462057899
-0.557266999693478
-0.580277179970461
-0.602701958488016
-0.625736380324644
-0.650350553147933
-0.677220702171326
-0.70669979207656
-0.738826797289007
-0.773377197630265
-0.8099524659269
-0.848101517733406
-0.887461374787723
-0.927898768116446
-0.969613036688636
-1.01316049519707
-1.05937854682698
-1.10922221927082
-1.16354312966852
-1.22285471593632
-1.28715133316377
-1.35584210648256
-1.4278204090455
-1.50163214346942
-1.57568616025588
-1.64845142644994
-1.71861004128176
-1.7851502124001
-1.84740235525019
-1.90503244540271
-1.95800043554867
-2.00651290136225
-2.05099023089689
-2.09208816640517
-2.13078200817108
-2.16849860724281
-2.20722034398247
-2.24947885905995
-2.29818798513973
-2.35633061212652
-2.42655676953933
-2.51074921383577
-2.60960946363561
-2.72228176453534
-2.84600329399109
-2.97577075397267
-3.10406861585729
-3.22076049972983
-3.31325690886554
-3.36702349606682
-3.36644635480993
-3.29601039605982
-3.14174642282374
-2.89288669473985
-2.54364598498625
-2.09499766546137
-1.55620736234328
-0.945787256254869
-0.29140270156238
0.371834945015828
1.00515415738611
1.57165156041875
2.04179959437426
2.3966869466445
2.62822987051571
2.73744426054113
2.73230807921466
2.62603975744808
0.876004261129043
0.653517975526698
0.118326074936811
0.0978237250271966
0
0
0
0
