-1.90046503146489
-1.91511111458143
-1.82364776730537
-1.58994229634603
-1.17941043277582
-0.563158494187519
0.277170278131962
1.34444163739681
2.62173704306285
4.0695599714915
5.6254647175471
7.20698857307434
8.71859339872996
10.0625063578288
11.1519020398458
11.9233546257019
12.3450418313344
12.4184994697571
12.1741735140483
11.6630624930064
10.9469571908315
10.0891246000926
9.1467452843984
8.166015625
7.18032519022624
6.21117528279622
5.27094312508901
4.3662539323171
3.50093438227971
2.67801982164383
1.90076816082001
1.17292763789495
0.498513619105021
-0.118680462551614
-0.675592857102553
-1.17019812266032
-1.60149682561557
-1.96922624111176
-2.27342842022578
-2.51405421892802
-2.69074652592341
-2.80289836724599
-2.85006437699
-2.83270653088888
-2.75307395060857
-2.61588315169017
-2.42854851484299
-2.20091662804286
-1.94456755121549
-1.67183731993039
-1.39475440979004
-1.12408969302972
-0.868632564942042
-0.63471511999766
-0.42596573382616
-0.243292063474655
-0.0851201550103724
0.0520900865861525
0.173095367848873
0.28301066160202
0.386507789293925
0.487207936743895
0.587319863339265
0.68750973045826
0.786983226736387
0.883775035540263
0.975203906496366
1.05840061604977
1.1307986676693
1.19052317241828
1.23668020963669
1.26956800619761
1.29078120986621
1.30314300457637
1.31045656402906
1.31714977820714
1.32787831624349
1.34713067611059
1.37886548042297
1.42620329062144
1.49116793274879
1.57445707917213
1.67526922623316
1.79126224915187
1.91872941454252
2.05304506421089
2.18932795524597
2.32316531737645
2.45119380950928
2.57140203317006
2.68313362201055
2.78686847289403
2.88387008508046
2.97580349445343
3.06435805559158
3.15093064308167
3.23640308777491
3.32107335329056
3.4047510822614
3.48697034517924
3.56723417838415
3.64519860347112
3.72075625260671
3.79401934146881
3.86526735623678
3.93491446971893
4.00350328286489
4.07169485092163
4.14022926489512
4.20986417929331
4.28130392233531
4.35511316855748
4.431614001592
4.5108074148496
4.59235090017319
4.67563235759735
4.75990750392278
4.84445536136627
4.92868612209956
5.01219383875529
5.09475060304006
5.17624886830648
5.25660487016042
5.33565318584442
5.41307326157888
5.48835988839467
5.56085197130839
5.62978915373484
5.69436546166738
5.75377186139425
5.8072171608607
5.85392872492472
5.89315096537272
5.92416429519653
5.94632498423258
5.95913064479828
5.96228321393331
5.95572904745738
5.93965657552083
5.91444849967957
5.88059584299723
5.83860452969869
5.78893009821574
5.73194706439972
5.66794999440511
5.59718437989553
5.51987997690837
5.43627635637919
5.34662981828054
5.25120230515798
5.15024284521739
5.04395910104116
4.93249094486237
4.81587449709574
4.69404431184133
4.56688956419627
4.43438037236532
4.29676202932994
4.15477820237478
4.00988958279292
3.86445665359497
3.72183229525884
3.58633889754613
3.46311004956563
3.35776762167613
3.27591760953267
3.22246793905894
3.20081681013107
3.21199862162272
3.25392595926921
3.32091710964839
3.40371253093084
3.49020411570867
3.56694279114405
3.62121117115021
3.643135090669
3.62719857692719
3.57273147503535
3.48333754142125
3.36560402313868
3.22752982378006
3.07704587777456
2.92086847623189
2.76381675402323
2.60858496030172
2.45586222410202
2.30466715494792
2.15277307232221
1.99713288744291
1.83425263563792
1.66048118472099
1.47221672038237
1.26604214807351
1.03883475561937
0.78791801755627
0.511319262286027
0.208163173558811
-0.120812072108189
-0.472673588121931
-0.841731272637844
-1.2190652936697
-1.59219492475192
-1.94493655363719
-2.25752534468969
-2.50711796681086
-2.66879818836848
-2.71716092030207
-2.6284662882487
-2.38328184684118
-1.96948365370433
-1.38537555932999
-0.642574809491634
0.231936855552097
1.19546950856845
2.19197112321854
3.15768059094747
4.02973222732544
4.75587852795919
5.30215263366699
5.65562864144643
5.82208108901978
5.8208255370458
5.67906208833059
5.42679305871328
5.09268879890442
4.70127284526825
4.2717098792394
3.81818310419718
3.35138253370921
2.88038448492686
