-1.78466524018182
-1.8903026536659
-1.96519069759934
-1.99306908360234
-1.95534110510791
-1.83227409256829
-1.60480054219564
-1.25684951411353
-0.77801216200546
-0.166176449369501
0.570406795789798
1.4122845199373
2.32983756506885
3.28656394393356
4.24435362109431
5.16956534209075
6.0378630956014
6.83609116518939
7.5613063706292
8.21855327818129
8.81857144391095
9.37543703008581
9.90384324391683
10.4162332393505
10.9204787854795
11.4188635437577
11.908634185791
12.3837331136068
12.8368992982087
13.2613832685683
13.6519303498445
14.0051440839414
14.3194624936139
14.5949377483792
14.8328939367224
15.035518222385
15.2053935792711
15.3450543085734
15.4565848950987
15.5413568637989
15.5999054378933
15.6320106718275
15.6369141119498
15.6136599999887
15.5614360173543
15.4798443758929
15.3690501319038
15.2298064055266
15.0634326934814
14.8717435554222
14.6569535997179
14.4215792549981
14.1683057149251
13.8998063052142
13.6185682084825
13.3267649897823
13.0262635902122
12.7187222728023
12.4057889514499
12.0893169332434
11.7715487303557
11.4552004425614
11.1434067620171
10.83956389957
10.5471329865632
10.2694383197361
10.0095216609814
9.77002083813703
9.55306883211489
9.36019431220161
9.19224728478326
9.04932838016086
8.930766776756
8.83513369383635
8.76031137395788
8.70358772631045
8.66173514613399
8.63110665921812
8.60777190879539
8.58771898128368
8.56715981165568
8.54285127145273
8.51238206580833
8.47433296839396
8.42830304746275
8.37478021339134
8.31490673842253
8.2501947261669
8.18225963027389
8.11258969483552
8.04235970532453
7.97230192467018
7.90262856306853
7.8330460830971
7.76283345399079
7.69095157693934
7.61616358933625
7.53712641751325
7.45247282805266
7.36086933701127
7.26106334615637
7.15192132525974
7.03247903894495
6.90198250170107
6.75994537494801
6.60618815598664
6.44086433340002
6.26444945511995
6.07769427476106
5.88154141108195
5.6770273314582
5.46518491815638
5.24695820278592
5.02317156615081
4.79455034821122
4.56179855487965
4.325702852673
4.08721514984413
3.84750790066189
3.60797055562337
3.37016481823391
3.13574082763107
2.90633324340538
2.68345667697765
2.46842540635003
2.26230860197986
2.06591271029578
1.87976800070869
1.70412220778289
1.53894953816025
1.38398130514004
1.23875331878662
1.10266057208732
0.975018320260225
0.855135427580939
0.742394190143656
0.636320430923391
0.536620788000248
0.443178193988623
0.356014192656234
0.275241524257042
0.201022968144604
0.133534057410779
0.072919932021587
0.0192565352923271
-0.0274602237838769
-0.067300597274745
-0.10039393576207
-0.126952669410794
-0.147330403879837
-0.16211190957714
-0.172232758943681
-0.179108400035788
-0.184733949325703
-0.191713654608638
-0.203196819181795
-0.22271270332513
-0.253908453716172
-0.300200694689044
-0.364362399887156
-0.448076716175786
-0.020088568881706
0
0
0
0
0
0
0
0
0
0
0
0
0
0
0
0
0
0
0
0
0
0
0
0
0
0
0
0
0
0
0
0
0
0
0
0
0
0
0
0
0
0
0
0
0
0
0
0
0
0
0
0
0
0
0
0
0
0
0
0
0
0
0
0
0
0
0
0
