-1.65248543307895
-1.75526412895748
-1.77583449795133
-1.68542244888487
-1.45842736675626
-1.07540325323741
-0.525963326295217
0.188674837173451
1.05386378367742
2.04089940729595
3.10818839073181
4.2048624924251
5.27724604379563
6.2773402759007
7.17055093674433
7.93943586803618
8.58277838570731
9.11191213698614
9.54642972492036
9.91010207221622
10.2270266215007
10.5180775324504
10.7981343496413
11.0748184749058
11.3490041551136
11.6166840507871
11.8713685444423
12.1061553046817
12.3149840037028
12.4930825460525
12.6368480409895
12.743519737607
12.8108712605068
12.8369704201108
12.8199760346186
12.7579121362595
12.6484915869577
12.4890997750419
12.2770239966256
12.0099050885155
11.6863296599615
11.3063792274112
10.8720164980207
10.3872143427531
9.85780034746442
9.29112098330543
8.69557330721901
8.08017394656227
7.45415044966198
6.82659775870187
6.20612221672421
5.60052887598674
5.01654468263899
4.4596414906638
3.93399310112
3.44262145814441
2.98764392307826
2.57053681782314
2.19230228378659
1.85354057380131
1.55445597852979
1.29486422595524
1.07424378395081
0.89184163014094
0.746816873550415
0.638373088978586
0.565825545362064
0.528566823473999
0.525934202862637
0.557014970197564
0.620435701949256
0.714187828557832
0.835506010623205
0.980810605344318
1.14573046990803
1.32522181953703
1.51377955504826
1.7056990918659
1.89535387357076
2.07746804895855
2.24738168148767
2.40128675528935
2.53641221069154
2.65111690475827
2.74485347384498
2.81801353182111
2.87167561621893
2.90732814016796
2.92660456611997
2.93106166521708
2.92199834187826
2.9003358227866
2.86656161717006
2.82075505029588
2.76268401600066
2.69194266909645
2.60810250327701
2.51084552492414
2.40006788571676
2.27596237545922
2.13907736823672
1.99035894303095
1.83116984367371
1.66326582999457
1.48873200870696
1.30987341631026
1.1290726803598
0.948633741764795
0.770621566545396
0.596716049171629
0.428097886343797
0.265381243124249
0.108590380333009
-0.0428336279111959
-0.190000878247832
-0.334498543824468
-0.478240237349556
-0.623213678598404
-0.771135232278279
-0.923066221532368
-1.07907587005979
-1.23803719736281
-1.39762095042637
-1.55450407663981
-1.70475761095683
-1.84433787209647
-1.96959845225016
-2.07775550796872
-2.16726024377914
-2.23801968211219
-2.29140026228768
-2.3299769560496
-2.35708168574742
-2.37628852753412
-2.39096507571992
-2.40396987824213
-2.41752594993228
-2.4332557178679
-2.45229473568144
-2.47540028889974
-2.50298806599208
-2.53510483105977
-2.57136957986014
-2.61091789745149
-2.65238228298369
-2.69393246514457
-2.73339281763349
-2.76843886148362
-2.79684056554522
-2.81669737043835
-2.82661394845872
-2.82577334131513
-2.81390041396731
-2.7911247298831
-2.75780533608936
-2.71437816392808
-2.66130589303516
-2.5991561185746
-2.52876625742231
-2.45137071609497
-2.36855480784462
0
0
0
0
0
0
0
0
0
0
0
0
0
0
0
0
0
0
0
0
0
0
0
0
0
0
0
0
0
0
0
0
0
0
0
0
0
0
0
0
0
0
0
0
0
0
0
0
0
0
0
0
0
0
0
0
0
0
0
0
0
0
0
0
0
0
0
0
0
