-0.572396762255165
-0.684115756303072
-0.751305289566517
-0.748705546371639
-0.64942161539673
-0.427044316298432
-0.0584255402079887
0.472919512126181
1.17305505938
2.03403581513299
3.03111451201969
4.12141576078203
5.24487460984124
6.32842752668593
7.29424415694343
8.07143126593696
8.60798072814941
8.87855739063687
8.88573723369175
8.65581986639235
8.23156348864237
7.66384071773953
7.00373087988959
6.29629529847039
5.57682667838203
4.86963253551059
4.18896604908837
3.54142618179321
2.92895216412014
2.35156610276964
1.80932075447506
1.30332848098543
0.836006111568875
0.410751966552602
0.0312731300170223
-0.29923522989783
-0.578824523836374
-0.807217573126157
-0.98581934803062
-1.11739086111387
-1.20557189815574
-1.25442431867123
-1.26808452937338
-1.25054056942463
-1.20553546978368
-1.13660624292162
-1.04726635995838
-0.94129364978936
-0.823021363466978
-0.697494160797861
-0.570356385057999
-0.447427468581332
-0.334059493202302
-0.234470756103595
-0.151218459631006
-0.0848803665851139
-0.0339781829000761
0.00482734727362792
0.036283968637387
0.0659315259092384
0.0994562897831202
0.142127975045393
0.198362899659615
0.271405560973411
0.363122969037957
0.473944220277998
0.602999301420318
0.748473586307632
0.908106363481946
1.0796918604109
1.26144112149874
1.45212386051814
1.65097568101353
1.85743178923925
2.07081070211199
2.29007338152991
2.51373068491618
2.73987696568171
2.96630165312025
3.19063466125064
3.41049895021651
3.62366631295946
3.82820023430718
4.02256527211931
4.20568188031514
4.37691484557258
4.53599149650998
4.68288679917653
4.81768759091695
4.94051358434889
5.05148116747538
5.1506978140937
5.23826313018799
5.31426360872057
5.37878719965617
5.43192704518636
5.47381443447537
5.5046554936303
5.52475958400303
5.53452301025391
5.53435079256694
5.52454683515761
5.50521696938409
5.47624365488688
5.4373501141866
5.38821970091926
5.32864904403687
5.25868678092957
5.17871271239387
5.08946312798394
4.9919853872723
4.887575507164
4.77769937780168
4.66390895843506
4.54775412877401
4.43070685863495
4.31409909990099
4.19908424218496
4.08661267492506
3.97741991943783
3.87203322516547
3.77079012658861
3.67387150393592
3.58136004871792
3.49330425262451
3.40978414482541
3.33094737264845
3.25701273812188
3.18823642200894
3.12484729290009
3.06697849432627
3.01462862226698
2.96767189767626
2.92590998278724
2.88913796345393
2.85719619194667
2.83000140719944
2.80754090680016
2.78983485036426
2.77686176697413
2.7684616777632
2.76424331797494
2.76352526744207
2.76532687081231
2.76840251021915
2.77129774623447
2.77242125405206
2.77012301815881
2.76277985837724
2.74887673060099
2.7270786497328
2.69628398948246
2.65567045741611
2.60474141438802
2.54338098896874
2.47191158930461
2.39114317629072
2.30240797996521
2.20757361915376
2.10903467734655
2.00968016518487
1.91283563110563
1.82218272156186
1.74165215757158
1.67526529232661
1.6268844736947
1.59985979398092
1.59659073087904
1.61805776755015
1.66337923871146
1.72946316666073
1.81083817614449
1.89978508816825
1.98692012495465
2.06234837902917
2.11728617880079
2.1456843747033
2.14522051811218
2.11734460459815
2.06650128629473
1.99886336591509
1.92088662253486
1.83800494670868
1.75375934441884
1.66951209968991
1.58468667003844
1.4973266058498
1.40471914741728
1.30390630496873
1.1920200586319
1.06648075911734
0.925129327509138
0.766338441107008
0.589107118546963
0.393123213046541
0.178799097943637
-0.0526921134442091
-0.29932225909498
-0.558003240161472
-0.824250628550847
-1.09174453218778
-1.35185877482096
-1.59325863917669
-1.80167447858387
-1.95996831523048
-2.04860914415783
-2.04665538337496
-1.933322985967
-1.69012573692534
-1.303507934014
-0.767779431409306
-0.0880242755843533
0.717526718974113
1.61631976895862
2.56224242846171
3.49908395608266
4.36714384290907
5.11210788620843
5.69326006041633
6.08772219551934
6.28994048966302
6.30841408835517
6.16187185711331
5.8756689230601
5.47841389973958
4.99895577960544
4.46415540907118
3.89778889550103
3.32053883870443
2.75058073467678
