2.08063352108002
2.16809870694813
2.27862302880538
2.4193552418759
2.59846552422172
2.82432224248585
3.10429128847624
3.44314496140731
3.8411838380914
4.29234140797665
4.78268560610319
5.28980752041465
5.78356047680503
6.22843955692492
6.58761827569259
6.82818445406462
6.92648724505776
6.87214756011963
6.66941956469887
6.33548450469971
5.89639631070589
5.38226943267019
4.82305953377172
4.24558554197613
3.67181558358042
3.11816876812985
2.59554687299226
2.10989634614242
1.66310011713128
1.25400567054749
0.879421491371958
0.53500044973273
0.215991934075167
-0.0821091862591474
-0.362989130576974
-0.62900846726016
-0.880779992592962
-1.11687250200071
-1.33370927760476
-1.52575900366432
-1.68609999669226
-1.80737753604588
-1.88301991788965
-1.90847975329349
-1.88225178342117
-1.8064734120118
-1.68696971629795
-1.53272102694762
-1.3548915605796
-1.16568963935501
-0.977261846787051
-0.800732502027562
-0.645459522186827
-0.518558028301126
-0.424687480063815
-0.366033209389762
-0.342402893657747
-0.351409174403862
-0.388776090094133
-0.448810833849405
-0.524993079273324
-0.610562491573786
-0.699024926674993
-0.784568127832915
-0.862379693671277
-0.928829175861258
-0.981494618089575
-1.01906072465997
-1.04114944840732
-1.0481415343912
-1.04102296146907
-1.02125359552079
-0.990622893564011
-0.951057286246827
-0.904381722996109
-0.852089742884824
-0.795188762835766
-0.73416447953174
-0.669060300839575
-0.599623432284907
-0.525457490872788
-0.446135377731958
-0.361259756903899
-0.270494592032934
-0.173622551129053
-0.0706559317676645
0.0380340924388484
0.151653545467477
0.269051344378998
0.388908113303937
0.509983862848266
0.631341058956949
0.752474209195689
0.873319703497385
0.99416447156354
1.11549469358043
1.23781996965408
1.36149425883042
1.48654942136062
1.61256116942356
1.73856341838837
1.86304140090942
1.98401801209701
2.09924783832149
2.20648372800727
2.30376116853011
2.38964010539808
2.46335360878392
2.52483701705933
2.57463175372074
2.61370124314961
2.64320722379182
2.66431271402459
2.67803760578758
2.68518322392514
2.68630840903834
2.68174275599028
2.67161936508982
2.65592331635325
2.6345611622459
2.60744133748506
2.57454200794822
2.53594744832892
2.49183198025352
2.44241009260479
2.38788589678313
2.32843522021645
2.26423774267498
2.1955473924938
2.12277103725233
2.0465223350023
1.96762500938616
1.88706362247467
1.80589882951034
1.72516927593633
1.64580470637271
1.56856452163897
1.49400864776812
1.4224927550868
1.35419243887851
1.28914960748271
1.22734119390187
1.16874204497588
1.11334384115119
1.06112150142067
1.01195053364101
0.965512233345132
0.921207799723274
0.878114546600141
0.835000874180543
0.790406336909846
0.742781866537897
0.69066306085963
0.632842127429812
0.568507093348001
0.497330106990902
0.419506645516345
0.335750711211739
0.247261114418507
0.15566119512445
0.0629194947939954
-0.0287411720737031
-0.116946592534843
-0.199280252631165
-0.273389800206611
-0.337086847738216
-0.388461941166928
-0.426048647416265
-0.449044218188838
-0.457550444101032
-0.452778582510195
-0.437162669081437
-0.414334177970886
-0.388913862015072
-0.366078762631667
-0.350900916676772
-0.347557422361876
-0.358609880271711
-0.384576061838552
-0.423932477047569
-0.473517480649446
-0.529170282577213
-0.586419262384113
-0.641096551167338
-0.689814457767888
-0.730284217156862
-0.761490206969412
-0.783747939687026
-0.798678181673351
-0.809115911784925
-0.818961504258608
-0.832975277775212
-0.856516938460501
-0.895231309689974
-0.954661968507265
-1.03975324567996
-1.15421106313404
-1.29972836845799
-1.47515255526492
-1.67573299533442
-1.89259763140427
-2.11257208021064
-2.31839836271186
-2.48935392028407
-2.60227918624878
-2.63302726494639
-2.5583840796822
-2.35845866328792
-2.01942677874314
-1.53637916163394
-0.915915140980168
-0.178033820941652
0.643243135590302
1.50121420308163
2.34049380453009
3.10378914130361
3.74035521557457
4.21382304241783
4.50680535718014
4.62082980808459
4.57232470261423
4.3869733057524
4.09451418173941
3.72487748296637
3.30570360233909
2.86099211793197
2.41065544831125
1.97076831365886
0.662989886183488
0.500557328525342
