0.947992898685777
0.866411105770132
0.810177771941475
0.793338718945565
0.832555811690248
0.946037399461088
1.15180287996064
1.46522315429605
1.89594651823458
2.44455899362979
3.09955164660578
3.83529667232348
4.6117580247962
5.37673035911892
6.071367284526
6.63879303310228
7.03358121540235
7.2287537118663
7.21827882269154
7.01530012877091
6.64757778333581
6.15172384096229
5.56748910572218
4.93292847923611
4.2809257818305
3.63725439361904
3.020067702169
2.44049040130947
1.90387868362924
1.41132947672968
0.961134135723114
0.550023869327877
0.17415857217882
-0.170115931931397
-0.485679136670154
-0.77415155586989
-1.03553395167641
-1.26807480013889
-1.46848521543586
-1.63257323658985
-1.75625965387925
-1.83679921212404
-1.8738977857258
-1.87038271841796
-1.8322322835093
-1.76799668436465
-1.68781555735547
-1.60230166238287
-1.52150190654008
-1.45404299964076
-1.40649847362352
-1.3829929103022
-1.38506974344668
-1.41183229114698
-1.4603200684423
-1.52602696937063
-1.60348039865494
-1.68682361426561
-1.77034563603608
-1.8488914033641
-1.91810687210249
-1.97450630042864
-2.01540682626807
-2.03879230955373
-2.04317926323932
-2.02752208709717
-1.99117665705474
-1.93390793126562
-1.85592536045157
-1.75791053150011
-1.64100530614024
-1.50672562355581
-1.35681524613629
-1.19308693901352
-1.01730458333117
-0.831138321886892
-0.636176726254432
-0.433964318231396
-0.226037049018171
-0.013949077738368
0.200720511862765
0.416395376011243
0.631560750629591
0.844828376303548
1.05497641019199
1.26094203928243
1.46176727180896
1.65651702880859
1.84421517537988
2.02384891199029
2.19445138392241
2.35523976968682
2.50574508957241
2.6458827516307
2.77592232952947
2.89636588096619
3.00775530027307
3.11047372610673
3.204603018968
3.28987442928812
3.36572404529737
3.43140588635984
3.48613595962524
3.52922247803729
3.56015503924826
3.57862915163455
3.58450459397357
3.57774699252585
3.55838482276253
3.52651351431142
3.48233057105023
3.4261869451274
3.3586308023204
3.28042795347131
3.19255265982255
3.09615852521813
2.99253416061401
2.88304763254912
2.76909272567086
2.65202236175537
2.53308442364568
2.41335957983266
2.29373112968777
2.17488865230394
2.05736665103746
1.94159179148467
1.82792867266614
1.71673051170681
1.60838252565135
1.50333210178044
1.40208072247713
1.30514448621999
1.21299752204315
1.12601651056953
1.04444339741831
0.968363746352818
0.897697710472604
0.832197431636893
0.771448905053346
0.714878025262252
0.661762980015381
0.611253344494364
0.562405271374661
0.514231585290121
0.465764764210452
0.416120338699092
0.364555071553458
0.310520339595235
0.253707041397043
0.194075911994214
0.131870906638063
0.0676174127375302
0.00209624808200675
-0.063719382195774
-0.128759128041565
-0.191963083070257
-0.252385579049587
-0.309282819861951
-0.362157131018846
-0.41072982808818
-0.454853732948718
-0.494413299405057
-0.529255099918531
-0.559163210184678
-0.58387604744538
-0.603135002695996
-0.616751722667528
-0.624685090521108
-0.627133892930072
-0.62465444855068
-0.618293645589248
-0.609692101893218
-0.601087303265281
-0.595151883104573
-0.594649213811626
-0.601965292640354
-0.618665404941725
-0.645231936288917
-0.681048911550771
-0.724590519200201
-0.773730946623761
-0.826100968796274
-0.879429104535476
-0.93180817624797
-0.981856151767399
-1.02877755787062
-1.07236963251363
-1.11302625614664
-1.15176410778709
-1.19024489236915
-1.23075271689374
-1.27609052865402
-1.32940155008565
-1.39394655434982
-1.47285962104797
-1.56889315791752
-1.68415611204894
-1.81983407165693
-1.97583736025769
-2.15031754452249
-2.33906543773154
-2.53490742393162
-2.72726822936017
-2.90204018095265
-3.04184094719265
-3.12668491446454
-3.13507316423499
-3.04555309337118
-2.83881766899772
-2.50039211563442
-2.02378730670266
-1.41372558863267
-0.688716666853946
0.117934062226635
0.959561412749083
1.78061548523281
2.52417124872622
3.14115892285886
3.59828976962877
3.8814885823623
3.99415665087493
3.95237200156502
3.77965695961662
3.50279762433923
3.01287301726963
2.62695749946263
2.01813770377118
1.63976865229399
0.393317730530449
0.29182025142338
