-0.622630348572364
-0.633397810734235
-0.545520532589692
-0.334533382493716
0.0209253810059566
0.535842087406379
1.21516766456457
2.05021441899813
3.01572269659776
4.06837441371037
5.14767265319824
6.18018575815054
7.08780057613666
7.79926978624784
8.26202950110802
8.45028671851525
8.36714971982516
8.04130968680749
7.5200986128587
6.86088422628549
6.12254018049974
5.3584566116333
4.61200310633733
3.91466485537015
3.28639239531297
2.73733696570763
2.27007572467511
1.88172879585853
1.56574870989873
1.31342127689948
1.11514945901357
0.961487700159733
0.843866834703546
0.75498170649203
0.688858619676186
0.640684189131627
0.60656244880878
0.583372187155944
0.568754331996808
0.561125605152203
0.559643311855885
0.564107771962881
0.574774950384521
0.592049376036112
0.616138134438258
0.646824408895694
0.683442505291448
0.724990792071017
0.770274473497501
0.818025515629695
0.867020338773727
0.916240520202197
0.965066909790039
1.01343405246735
1.06188804828204
1.11154846044687
1.16400715020987
1.22120142900027
1.28526142010322
1.35831501850715
1.44223955502877
1.53839026047633
1.64737573036781
1.76895637695606
1.90209070535807
2.04509957020099
2.19589466315049
2.3522192973357
2.51183660213764
2.67262137853182
2.83255413862375
2.9896869292626
3.14215397834778
3.28826245894799
3.42663152401264
3.55629581671495
3.67671458537762
3.78769564628601
3.88925523024339
3.98147476636446
4.06438242472135
4.13789209952721
4.2018177325909
4.25595298180213
4.3001902286823
4.33463190152095
4.35965517851023
4.37590248768146
4.38421577673692
4.38552746405968
4.38072123894325
4.37049282514132
4.35525864821214
4.33516762806819
4.31019942577069
4.28027250216557
4.24531148030208
4.20527718617366
4.16018099051255
4.11009438221271
4.05516457557678
3.99565258392921
3.93196067443261
3.86463203796974
3.79430015270527
3.72163178370549
3.64728151834928
3.57189183968764
3.49612010442294
3.42067456245422
3.34633049598107
3.27392957760738
3.20435870610751
3.13854591663067
3.07743696066049
3.02193496777461
2.97278501437261
2.93044537764329
2.89498774821942
2.8660456767449
2.84281444549561
2.8240889952733
2.80833295675424
2.79378927670992
2.77861919769874
2.76105435077961
2.73951822060805
2.71270616237934
2.67961419545687
2.63954835671645
2.59210566373972
2.53712513813606
2.47461644502786
2.40468897269322
2.32752183767465
2.24338796505561
2.15272556818449
2.05622114584996
1.95486853672908
1.84997679178531
1.74311029452544
1.63596593875151
1.53020885128241
1.42731090233876
1.3284301081529
1.23435395210981
1.14549499807449
1.06191020401625
0.983321244900043
0.909133686352736
0.83845665363165
0.770136039417524
0.702822134185296
0.635091125499457
0.565616902823632
0.493364226359587
0.417784357515092
0.339013069008405
0.258047063190203
0.176860240932841
0.0984278722451283
0.0266367452075848
-0.0339149523239869
-0.0782286627934529
-0.101321726177747
-0.098739871253761
-0.0671365695217481
-0.00486638110417586
0.0874798389581534
0.20669616608379
0.346871799861009
0.499731878821666
0.655494749546051
0.804179737201104
0.937077155480018
1.04796975392562
1.13377884259591
1.19452607173186
1.23271063657907
1.25232647015498
1.25779658097487
1.25306820869446
1.24101448059082
1.22318563094506
1.19985692317669
1.17026981023642
1.13294134690211
1.08594195659344
1.02709061365861
0.954070843183077
0.864511664097126
0.75607412136518
0.626567822236281
0.47410581432856
0.297324645977754
0.0957027576290644
-0.130032868912587
-0.377468026601351
-0.642095886743986
-0.91698793723033
-1.19256812792558
-1.45650483094729
-1.693735737067
-1.88667238675631
-2.01570360477154
-2.06014712040241
-1.99974826666025
-1.81672513484955
-1.49825834310972
-1.03925627011519
-0.445103075641852
0.266069427705728
1.06227876589848
1.89872382237361
2.72193024708675
3.47695981539213
4.11557505680965
4.60230324818538
4.91696177996122
5.05441342867338
5.0227397771982
4.84045300116906
4.53308916091919
4.12974317257221
3.66012254128089
3.15247599895184
2.63240333703848
2.12226699865781
1.26271865001092
0.925821185112
