-2.87517786026001
-2.63306121826172
-2.35037249326706
-2.02708895206451
-1.66240929365158
-1.25550220608711
-0.806944489479065
-0.320748574472964
0.193421883508563
0.718494845926762
1.22949162125587
1.69510073661804
2.08187389373779
2.36056282520294
2.51248359680176
2.53322694301605
2.43262495994568
2.23195562362671
1.96002551317215
1.64925487041473
1.33227032423019
1.03910454511642
0.794986221194267
0.618723812699318
0.521790275350213
0.508181781135499
0.574998342990875
0.713556384295225
0.910862841829658
1.15131532661617
1.41847075372934
1.69665742814541
1.97220667600632
2.23419250845909
2.47470877170563
2.68882071971893
2.8742710351944
3.03101072311401
3.16060929298401
3.26567463874817
3.34934811592102
3.41490089893341
3.46543545722961
3.50369169712067
3.53195888996124
3.55205564498901
3.56534905433655
3.57275292873383
3.57468054294586
3.57094860076904
3.56073405742645
3.54265339374542
3.51500136852264
3.47608976364136
3.42458581924438
3.35977067947388
3.28168573379517
3.19118044376373
3.08990030288696
2.98023567199707
2.86519863605499
2.74817705154419
2.63258415460587
2.52149817943573
2.41739599704742
2.32202250957489
2.23638001680374
2.16078917980194
2.09499373435974
2.03830562829971
1.98979561328888
1.94851338863373
1.91369980573654
1.8849332690239
1.86218759417534
1.84579437971115
1.83633422851562
1.83447595834732
1.84080179929733
1.85565546751022
1.87904536724091
1.91061819791794
1.94970338344574
1.99541900157928
2.04682910442352
2.10312398672104
2.1637699007988
2.22856817245483
2.297596180439
2.37106003761291
2.44911131858826
2.53167743682861
2.61834828853607
2.70834002494812
2.80052950382233
2.89356067180634
2.98597934246063
3.07637591362
3.1634959936142
3.24630162715912
3.32397971153259
3.39590437412262
3.46157484054565
3.52055315971374
3.5724104642868
3.61669433116913
3.65291197299957
3.68053851127625
3.69904701709747
3.70795180797577
3.7068478345871
3.69545285701752
3.67362270355225
3.64135165214539
3.59873371124268
3.54589648246765
3.48292791843414
3.40982005596161
3.32646074295044
3.23268156051636
3.12834684848785
3.01345076560974
2.88817775249481
2.75291225910187
2.60820333957672
2.4547215461731
2.29324157238007
2.12465267181396
1.94997645616531
1.77037286758423
1.58713065385818
1.40165778398514
1.21548008918762
1.03023563027382
0.84765031337738
0.66949138045311
0.497516426444054
0.333436447381973
0.17889491841197
0.0354456377215683
-0.0954973051324487
-0.212748574465513
-0.315464089810848
-0.403239306807518
-0.476156961917877
-0.534770685434341
-0.580042397975922
-0.61327298283577
-0.636055672168732
-0.650257068872452
-0.657998931407928
-0.661607551574707
-0.663517791032791
-0.666145879030228
-0.671762561798096
-0.682391273975372
-0.69974228143692
-0.725179010629654
-0.759699237346649
-0.80392057299614
-0.858087688684464
-0.922126078605652
-0.995740801095963
-1.07852049469948
-1.17000043988228
-1.26964688301086
-1.37675768136978
-1.49030519723892
-1.6087822675705
-1.73012303113937
-1.85176136493683
-1.97084262371063
-2.08454487323761
-2.19041984081268
-2.28668138980865
-2.37237465381622
-2.44740736484528
-2.51242215633392
-2.56853506565094
-2.61703104972839
-2.65909218788147
-2.69563956260681
-2.72731056213379
-2.7545539855957
-2.77778589725494
-2.79754297733307
-2.81458494663239
-2.82991144657135
-2.84471411705017
-2.86029670238495
-2.87799434661865
-2.89911849498749
-2.92492828369141
-2.95661931037903
-2.99527175426483
-3.04169850349426
-3.09616067409515
-3.15797827243805
-3.22508931159973
-3.29360589981079
-3.35740315914154
-3.40780773162842
-3.43349599838257
-3.42077143192291
-3.35433759689331
-3.2186386346817
-2.99972443580627
-2.68751919269562
-2.27826616764069
-1.77685059309006
-1.19860548973083
-0.570140156149864
0.0583158390596509
0.60832622051239
1.08817798495293
1.46067683696747
0.74771249294281
0.790135490894318
0.544851565361023
0.493751752376556
0
0
0
0
0
0
0
0
0
0
