-1.6487222954079
-1.76443912806334
-1.81885108682844
-1.78828749833284
-1.65040070039255
-1.38650093696736
-0.984070700627786
-0.439162468296234
0.241677237881554
1.040372841888
1.92764944941909
2.86528257970457
3.81069789992438
4.72342060230396
5.57130606969198
6.33405572396738
7.0034100567853
7.58141220940484
8.07815947356047
8.50931086363616
8.89312231982196
9.24714547616464
9.58524573290789
9.91574820765743
10.2411512092308
10.5592483237938
10.8649797439575
11.1523064507378
11.4155638659442
11.6501586348922
11.8526971958302
12.0207676357693
12.1525540528474
12.2464230502093
12.3006064450299
12.3130150547734
12.2812386971933
12.2026906543308
12.0748867105555
11.8958166616934
11.664334791678
11.3805024182355
11.0457821598759
10.6631053288778
10.2367628945245
9.77219786467376
9.27571671097367
8.75416713290744
8.21462807831941
7.66410195385968
7.10926409120913
6.556249583209
6.01049912417376
5.47665892706977
4.95855541582461
4.45924697098909
3.98115435353032
3.52624874644809
3.0962333590896
2.69268072092975
2.31708031230503
1.97083443624002
1.65525383860977
1.37160333439156
1.12118312826863
0.905390384020629
0.725712760731026
0.58364102685893
0.480513512260384
0.417309378998147
0.394409504339651
0.411366940648467
0.46674815427374
0.55810022243747
0.682046639698523
0.834468678191856
1.01072023091493
1.20584916626966
1.41480823799416
1.63264784989534
1.85466945171356
2.07652499057629
2.29426604730112
2.50435145696004
2.70364808153223
2.88942335270069
3.05934308193348
3.21146625942654
3.34424224606267
3.45649884365223
3.54742719508983
3.6165549048671
3.66371621025933
3.68901029339543
3.69275455121641
3.67543412137915
3.6376404232449
3.58000904542428
3.50315456037168
3.40762538380093
3.29389479425218
3.16240438708553
3.0136481391059
2.84828314074764
2.66724710994297
2.47186134479664
2.26391077924658
2.04569512384909
1.82002922340676
1.59016397705785
1.35962797094274
1.13200705801999
0.910680896706051
0.698531149714081
0.497645178326854
0.309063418595879
0.132626804695637
-0.0330414288953223
-0.190406783828857
-0.342760303782092
-0.493840235250968
-0.647355908596957
-0.806441984794758
-0.973110327014217
-1.14781463808484
-1.32927290157036
-1.51465508672926
-1.70015168631518
-1.88179163138072
-2.05627294822975
-2.22155738759924
-2.37707432994136
-2.52351743203622
-2.66234664563779
-2.79520130157471
-2.92341303825378
-3.04773320092095
-3.16828310048139
-3.28465049355118
-3.39607037438287
-3.50163064179597
-3.60048993428548
-3.69206891236482
-3.77616081414399
-3.85294517764339
-3.92290920681424
-3.98670887947083
-4.04498468505012
-4.09818945107637
-4.14647866178442
-4.18969792789883
-4.22745031780667
-4.25919947800813
-4.28434506169072
-4.30223948867233
-4.31214097694114
-4.31311264744511
-4.30391288686682
-4.28289123817726
-4.24794149398804
-4.19657612729956
-4.12618736867551
-3.16066422285857
-3.08013773847509
-2.27747568377742
-2.05009468396505
-1.15898254182604
-1.09891324573093
-0.583438369962904
-0.548594315846761
-0.413175838964957
-0.391748640272352
0
0
0
0
0
0
0
0
0
0
0
0
0
0
0
0
0
0
0
0
0
0
0
0
0
0
0
0
0
0
0
0
0
0
0
0
0
0
0
0
0
0
0
0
0
0
0
0
0
0
0
0
0
0
0
0
0
0
