-0.71230947971344
-0.911400611201922
-1.08337511618932
-1.2151239713033
-1.29238106807073
-1.30073028306166
-1.22706840435664
-1.06148706376553
-0.799394808709621
-0.443549713740746
-0.00554354605264962
0.493806225558122
1.02571819722652
1.55679907401403
2.05449036757151
2.49360396464666
2.86168575286865
3.16086161136627
3.40570106108983
3.6186536749204
3.82500366369883
4.04848968982697
4.30795735120773
4.61511258284251
4.97340047359467
5.37807555993398
5.81744037071864
6.27493039766947
6.7317138115565
7.16933592160543
7.57202045122782
7.92825988928477
8.23155776659648
8.48033833503723
8.67713896433512
8.8273325363795
8.93761670589447
9.01457901795705
9.06354359785716
9.08780781428019
9.08835180600484
9.06403501828512
9.01216133435567
8.92929132779439
8.81208348274231
8.65804441769918
8.46611173947652
8.23692222436269
7.97282314300537
7.67764135201772
7.35634458065033
7.01462797323863
6.65849145253499
6.29383488496145
5.92614221572876
5.5603057940801
5.20060443878174
4.85078219572703
4.51415876547496
4.19373482465744
3.89227197567622
3.61233180761337
3.35626290241877
3.12614558140437
2.92370158433914
2.75021136800448
2.60646641254425
2.49277556935946
2.40899916489919
2.35458078980446
2.3285628358523
2.32959920167923
2.35596678654353
2.40557931860288
2.47601800163587
2.56461218992869
2.6685587366422
2.78506352504094
2.91146324078242
3.04531747102737
3.18446987867355
3.32706946134567
3.47156274318695
3.61665137608846
3.76123809814453
3.90435006221135
4.04506848255793
4.18245273828506
4.31549408038457
4.44308865070343
4.56405222415924
4.67716379960378
4.7812340259552
4.87517114480336
4.95804222424825
5.02911933263143
5.08790103594462
5.13414184252421
5.16787127653758
5.18941791852315
5.19941226641337
5.19874902566274
5.18848272164663
5.1696656147639
5.14315895239512
5.10948777198792
5.06876015663147
5.02066663901011
4.96454632282257
4.89947950839996
4.82439128557841
4.73815810680389
4.63971138000488
4.52812963724136
4.40271633863449
4.26305298010508
4.10904075702031
3.94094487031301
3.75943777958552
3.56563933690389
3.36110591888428
3.1477560599645
2.92774546146393
2.70333760976791
2.47680973013242
2.25039650996526
2.02625375986099
1.80642640590668
1.59279903272788
1.38702499866486
1.19044582297405
1.00402697424094
0.828325591981411
0.663487153671061
0.509264105310043
0.365055376663804
0.229968798191597
0.102908712346107
-0.0173109984025359
-0.131841399862121
-0.241693315220346
-0.347691326402128
-0.450491371254126
-0.55062743773063
-0.648548317452272
-0.744624299307664
-0.839127620061239
-0.932213882605235
-1.02392446001371
-1.11421339213848
-1.20298364758492
-1.29010725518068
-1.37543122967084
-1.45879061023394
-1.5400486489137
-1.61916446685791
-1.69627953569094
-1.77180034915606
-1.84645824631055
-1.92133512099584
-1.99786959091822
-2.07786148786545
-2.16349079211553
-2.25730854272842
-2.36214873194695
-2.48090549310048
-2.61615997552872
-2.76969558000565
-2.94195751349131
-3.13155307372411
-3.3348756035169
-3.54596896966298
-3.75678245226542
-3.95791387557983
-4.1398640871048
-4.29458955923716
-4.41692924499512
-4.50540157159169
-4.56216128667196
-4.5922243197759
-4.60224119822184
-4.599107782046
-4.58867657184601
-4.57480041186015
-4.55886558691661
-4.53988126913706
-4.51502867539724
-4.48048710823059
-4.43230966726939
-4.36716987689336
-4.28289115428925
-4.1787270506223
-4.05543102820714
-3.91514229774475
-3.76114449898402
-3.59754618008931
-3.17196985085805
-3.01391955216726
-2.60256107648214
-2.46860339244207
-1.44017360607783
-1.36330519119898
-0.863298416137695
-0.816008845965068
-0.198953747749329
-0.18388968706131
0
0
0
0
0
0
0
0
0
0
0
0
0
0
0
0
0
0
0
0
0
0
0
0
