-0.170493110703925
-0.0917288973254876
-0.035480401569253
-0.0155386617407203
-0.0466479884667529
-0.14330714299447
-0.318140164431598
-0.579876732495096
-0.931138065126207
-1.36634983826015
-1.87010047501988
-2.41626032855776
-2.96833862198724
-3.48175190554725
-3.90867194864485
-4.20538302262624
-4.34051379892561
-4.30116747485267
-4.09459082285563
-3.74515390396118
-3.28841071658664
-2.76449102825589
-2.21243093411128
-1.66612428426743
-1.15198040339682
-0.688084224445952
-0.284530556243327
0.0554380049515102
0.333858702331781
0.556365367180357
0.7306203233699
0.86499648872349
0.967589353521665
1.04560815460152
1.10513088107109
1.1511578394307
1.18784601655271
1.21881090932422
1.24740414652559
1.27691691948308
1.31066539552477
1.3519577930371
1.40399070249663
1.46974113749133
1.55187761286894
1.65268205106258
1.77395466135608
1.91687264707353
2.08183420366711
2.26831426885393
2.47480027874311
2.698835760355
2.9371843735377
3.18608731031418
3.44158781237072
3.69985187715954
3.95743913120694
4.21146301428477
4.45964133739471
4.70025465223524
4.93206038739946
5.15420377254486
5.36611027187771
5.56739728980594
5.75780190361871
5.93715190887451
6.10536098480225
6.26241064071655
6.40832413567437
6.54317378997803
6.66711931758457
6.78048324584961
6.88383338186476
6.97805534468757
7.06437566545275
7.14431264665392
7.21956743134393
7.29191131061978
7.36308964093526
7.43477609422472
7.50853885544671
7.5858211517334
7.66790111859639
7.75585563977559
7.8504737218221
7.95217837227715
8.06097385618422
8.17644924587674
8.29787098036872
8.42428551779853
8.55464084943136
8.68788660897149
8.82305759853787
8.95934608247545
9.09615654415554
9.23315895928277
9.37033224105835
9.50796688927544
9.64661412768894
9.78697978125678
9.92977137035794
10.075559563107
10.224673377143
10.3771757019891
10.5328909026252
10.6914601325989
10.8523690965441
11.0149461958143
11.1783475346035
11.3415371576945
11.50330013699
11.6622735659281
11.8170097668966
11.9660789701674
12.1081918610467
12.242324034373
12.3678309122721
12.4845433235168
12.592872566647
12.6938647694058
12.7892530229357
12.8814503351847
12.9735080930922
13.0689968003167
13.1718436876933
13.2860935529073
13.4156551361084
13.5639931360881
13.733763800727
13.9264450603061
14.1419605678982
14.3784136772156
14.631992869907
14.8971146477593
15.166779783037
15.4331022368537
15.6879436704848
15.9235731760661
16.1333014700148
16.3120130432977
16.4565534591675
16.5659056769477
16.6411458651225
16.685171339247
16.7022592756483
16.6975494490729
16.6764988899231
16.6443978415595
16.6059667799208
16.5650698873732
16.524589644538
16.486444791158
16.4516660372416
16.4205522537231
16.392831908332
16.3678534825643
16.3447117275662
16.3223542107476
16.2996288405524
16.2753552860684
16.248450756073
16.2180557780796
16.1836601363288
16.1452004644606
16.1031108962165
16.0583150121901
16.0121585528056
15.96626440684
15.922369533115
15.8821933004591
15.847322040134
15.8191957473755
15.7991005049811
15.788168642256
15.7873969078064
15.797676510281
15.8198146290249
15.8545123736064
15.9022962782118
15.9634478357103
16.037989086575
16.1255866686503
16.2254371643066
16.3361760775248
16.4558840857612
16.582303735945
16.7131390041775
16.8464955223931
16.9812501801385
17.1173031065199
17.2556907865736
17.3986074659559
17.5493813620673
17.7124037212796
17.8929032219781
18.096599260966
18.3291158676147
18.5951719284058
18.8975222905477
19.2357420391507
19.6049763361613
19.9946910010444
20.387659072876
20.7593285242716
21.0777977837457
21.3046649297078
21.3970081541273
21.3104989793566
21.0035206476847
20.4419901106093
19.6044687694973
18.4870501624213
17.1072826385498
15.5063268873427
13.748279147678
11.9155162175496
10.0992093086243
8.38599210315281
6.84432901276482
5.51523963610331
4.41000250975291
3.51436695787642
2.79700864685906
2.21938775645362
1.74443738328086
1.34240510728624
0.993375950389438
0.686973730723063
0.420210298564699
0.194487031756176
