0.789389182539547
1.14426660187104
1.50652285358485
1.8773993323831
2.25646426747827
2.6412109487197
3.02709979169509
3.40809512138367
3.77768817368676
4.13033169157365
4.46306610107422
4.77697612257565
5.07804921094109
5.3769915524651
5.68760898533989
6.02370990023893
6.3952068160562
6.80468477922327
7.24576330184937
7.70395752962898
8.15973596011891
8.59261128481697
8.98491113326129
9.32432601031135
9.60489806006936
9.82667154424331
9.99442599801456
10.1159708359662
10.200395528008
10.2566249510821
10.2924477633308
10.3140619502348
10.3260592292337
10.331706608043
10.3333250494564
10.3326246037203
10.3309196584365
10.3292427062988
10.328400106991
10.3289790433996
10.3313362458173
10.3356167288388
10.3418187534108
10.3499020969166
10.3598968281465
10.3719725328333
10.3864232792574
10.4035703434664
10.4236344730153
10.4466045604033
10.472175654243
10.4997311199413
10.5283762987922
10.5570303412045
10.5845548405367
10.6098935744342
10.632160355063
10.6506732491886
10.664909026202
10.6744130639469
10.6787012324614
10.6771552141975
10.6689819448134
10.653244747835
10.6289397407981
10.5950830123004
10.5507683473475
10.4951895545511
10.4276548273423
10.3476506401511
10.2549146764419
10.1495042127721
10.0318256826962
9.90262816934025
9.76299717847039
9.61433792114258
9.45834737665513
9.29694108402028
9.13213443756104
8.96591506284826
8.80011339748607
8.63632392883301
8.47583734287935
8.31963446561028
8.1684359662673
8.02279517229866
7.88319817711325
7.75014403287102
7.62416424470789
7.50580779243918
7.39559179193833
7.29392388287713
7.20102960923139
7.11687912660487
7.04116585675408
6.97331089131972
6.91251165726606
6.85781930474674
6.80821976942175
6.76271988363827
6.72042566187242
6.68062106300803
6.64283376581529
6.60689718583051
6.57298472348382
6.5416166081148
6.51362573399263
6.49007208207074
6.47211689107558
6.46089733348173
6.45744093726663
6.46264323066263
6.47727253857781
6.50201017716352
6.53746790044448
6.58420820797191
6.64273702397066
6.7135160670561
6.79695653915405
6.89344599667717
7.00335718603695
7.12705634622013
7.26486966189216
7.41701050365672
7.58347772149479
7.76394543928259
7.9576763826258
8.16344900692211
8.37950734531178
8.60352527394014
8.8326317282284
9.06346517450669
9.29230499267578
9.51525632072897
9.7284797780654
9.92841462528004
10.1119935091804
10.2768195096184
10.4212788974538
10.5445977940279
10.6468244440415
10.7287561192232
10.7918460509356
10.8380591448616
10.8697182150448
10.8893233467551
10.8993930255665
10.9022935979507
10.9000619439518
10.894256143009
10.8858185936423
10.875
10.8613684598137
10.8439127417172
10.8212323469274
10.7917334051693
10.7538018507116
10.7059164608226
10.6467717114617
10.5753912084243
10.491247177124
10.394325873431
10.2851349325741
10.1646373973173
10.0341262817383
9.89500898473403
9.74856903973748
9.59577577254352
9.43719684376436
9.27300829045913
9.10307906655704
8.92705530278823
8.74445348627427
8.55473341661341
8.35740038927864
8.15213391360115
7.93893693475162
7.718201973859
7.4906678760753
7.25726840075325
7.01893110836253
6.77640390396118
6.53016452228322
6.28043244866764
6.02727912454044
5.77077147539924
5.51111083872178
5.24872075810152
4.98429090836469
4.71882503172931
4.45371789090774
4.19082314827863
3.93247308450587
3.68138787325691
3.44046595517327
3.21249679958119
2.99984356936286
2.8041532460381
2.62612051122329
2.46534111920525
2.32025274108438
2.18814491524416
2.06521304915933
1.94665579234853
1.82683251184576
1.69949993666481
1.55815524213454
1.39649791577283
1.20905505208408
0.991990134996526
0.635955175932716
0.39291531198165
0.0869847959564889
-0.0957136294421028
-0.174513609970317
-0.216632962226868
-0.04919214108411
-0.0562340441872092
0
0
0
0
0
0
0
0
0
0
0
0
