-0.892282719197481
-0.744528447156367
-0.602276935201624
-0.472381498988556
-0.362973099088539
-0.28307968766793
-0.241850966668647
-0.247397049094813
-0.30540576176313
-0.417783317358597
-0.581483685452005
-0.787625223398209
-1.02107709127924
-1.26087094908175
-1.48190291549848
-1.65811836719513
-1.76667317618494
-1.79194057506064
-1.72816967964172
-1.58009153863658
-1.36147643172223
-1.09223996815474
-0.79492561324783
-0.49131959028866
-0.199750926831494
0.0666069952649591
0.300372265441262
0.499646223757578
0.666986022306525
0.807936426090158
0.929454791805019
1.03854243910831
1.14127326270808
1.24224627017975
1.34438719956771
1.44899638061938
1.55599841345911
1.66438318853793
1.77280826672264
1.88025004449098
1.98654208494269
2.09265387576559
2.20066920570705
2.31352482153022
2.43459173389103
2.56715265564297
2.71387210099593
2.87637195379838
3.05501235049704
3.24889927325041
3.45609432718028
3.67393611825031
3.89940888985344
4.12948546202286
4.36139719382576
4.59278374132903
4.82172864416371
5.04673433303833
5.26666730383168
5.48069690621417
5.68820710804151
5.88870301453964
6.08172549372134
6.26680382438328
6.44344810817553
6.61117734079776
6.76955890655518
6.91827498311582
7.05718475839366
7.18636680685956
7.30611071379288
7.41687602582185
7.5192347816799
7.61380519037661
7.70118591059809
7.78187992261804
7.85623253946719
7.92441426152768
7.98645942107491
8.04235732037088
8.09214166972948
8.13596569973489
8.17415237426758
8.20724721576856
8.23606760605522
8.26170305583788
8.28546853687452
8.30881025480187
8.33319460827371
8.36002470099408
8.39055007437001
8.42576292286748
8.46630113021187
8.51236633632494
8.56374085467795
8.61986371745234
8.6799721925155
8.74324213940164
8.8088961476865
8.87630466792895
8.94503477345342
9.01486508742623
9.08575597016708
9.15782799928085
9.23130226135254
9.30643948264744
9.38343118584674
9.46230523482613
9.54283469656239
9.62450898211935
9.70655300306237
9.78800188976785
9.8678092127261
9.944987255594
10.0187532590783
10.0886507448943
10.1546736592832
10.2173296472301
10.2776704871136
10.3373061470363
10.3983883650407
10.4636011123657
10.5360848385355
10.6192777467811
10.716637943102
10.8312972110251
10.9656475315923
11.1209526891294
11.2970080582992
11.4919595718384
11.7022922764654
11.9230109919672
12.1479672970979
12.3702401285586
12.5826071034307
12.778029649154
12.9501720511395
13.0938741435175
13.2055189298547
13.2832703383073
13.3271477740744
13.3389288446178
13.3218660354614
13.2802612055903
13.2189538375191
13.1427762819373
13.056110340616
12.9625804735267
12.8649375749671
12.7651374651038
12.6644985779472
12.5638832838639
12.4638268014659
12.3646581483924
12.2665989087976
12.1698294515195
12.0744895935059
11.980650735938
11.8883205911388
11.7974445923515
11.7079486846924
11.6197673548823
11.5328449995621
11.44714459129
11.3626535664434
11.2793914131496
11.1974236446878
11.116883236429
11.0379874602608
10.961031374724
10.8863847981329
10.8145279677018
10.7460973988409
10.6819327810536
10.6230251892753
10.5703725814819
10.5248017103776
10.4868299235468
10.4566093527752
10.4338882695074
10.4179616596388
10.407610271288
10.4010843194049
10.3961651428886
10.3903324293054
10.3810540489528
10.3661331923112
10.3440737102343
10.3144032851509
10.2779451867808
10.2370141070822
10.1954591585242
10.1584998835688
10.132304440374
10.1233867976976
10.1379500264707
10.1812443111254
10.2569240901781
10.3663384810738
10.5077360816624
10.6754362686821
10.8590952002484
11.0431651654451
11.206683366195
11.3234963209733
11.3630967347518
11.2921908834706
11.0771033660225
10.6869130341903
10.0971211143162
9.29367397142493
8.27709390806115
7.06623504472815
5.70085415632828
4.24194457219995
2.768551805745
1.3699437379837
0.133250203064602
-0.870772111675014
-1.59935433968254
-2.0429006141165
-2.2225767477699
-2.18210252471592
-1.97722264476444
-1.60137295722961
-1.25250815308612
-0.820137985374617
-0.515776302503503
-0.0807938135188559
-0.0172037313813749
