4.95923753579458
5.89890762170156
6.82104404767354
7.70912301540375
8.54667925834656
9.31799109776815
10.0090906620026
10.609038511912
11.1114327907562
11.5159543355306
11.8296246528625
12.0673493544261
12.2512781620026
12.4085738658905
12.5673968791962
12.751576979955
12.9755898316701
13.2418327331543
13.5412830511729
13.8569733301798
14.1688527266184
14.4584577878316
14.7123524347941
14.923836628596
15.0930616060893
15.2259785334269
15.332603931427
15.4250457286835
15.5156466166178
15.6155371665955
15.7337397734324
15.8768242994944
16.0490299860636
16.2526938120524
16.4887801806132
16.7573796908061
17.0580321947734
17.3898447354635
17.7514133453369
18.1405755678813
18.5541292826335
18.9875936508179
19.4351703325907
19.8898606300354
20.3438062667847
20.7887144088745
21.2164050738017
21.6193558375041
21.9911804199219
22.3269406954447
22.623258749644
22.8782879511515
23.0915225346883
23.2635629971822
23.3957769076029
23.4899961153666
23.5482029914856
23.5723247528076
23.564106464386
23.5251115163167
23.4568071365356
23.3606108029683
23.2378975550334
23.0898906389872
22.9175626436869
22.7215140660604
22.5019377072652
22.2586530049642
21.9912333488464
21.6992236773173
21.382407506307
21.0411035219828
20.6763636271159
20.2900991439819
19.8850415547689
19.4646310806274
19.0327580769857
18.5935033162435
18.1508518854777
17.7084442774455
17.2694133122762
16.8363006909688
16.4110317230225
15.9949725468953
15.5889902114868
15.1935892105103
14.8090311686198
14.4354182084401
14.0727137724559
13.7207280794779
13.3791281382243
13.0474488735199
12.7251187165578
12.4114809036255
12.1058200995127
11.8074193000793
11.5156518618266
11.2300957838694
10.9506291548411
10.6774989763896
10.4113334814707
10.1531179745992
9.9041527112325
9.66595641771952
9.44014763832092
9.22829365730286
9.03178882598877
8.85172478357951
8.68881400426229
8.54331560929616
8.41495748360952
8.30291779836019
8.20582381884257
8.12177793184916
8.04841355482737
7.98295680681864
7.92233471075694
7.86330842971802
7.80263225237529
7.73722223440806
7.66430326302846
7.5815486907959
7.4871879418691
7.38007307052612
7.25972354412079
7.12631690502167
6.98063615957896
6.82399626572927
6.65814669926961
6.48515399297078
6.30731582641602
6.12705790996552
5.94685045878092
5.76910491784414
5.59605105717977
5.42959837118785
5.27121424674988
5.12185947100321
4.98196907838186
4.85149476925532
4.7299578388532
4.61651555697123
4.51004906495412
4.4092711408933
4.31286404530207
4.21963020165761
4.1286326845487
4.0393212834994
3.95162862539291
3.86607182025909
3.7838361064593
3.70680562655131
3.63751206795375
3.57901714245478
3.53472546736399
3.50811648368835
3.50241702795029
3.52019878228505
3.56294135252635
3.63059888283412
3.72124844789505
0
0
0
0
0
0
0
0
0
0
0
0
0
0
0
0
0
0
0
0
0
0
0
0
0
0
0
0
0
0
0
0
0
0
0
0
0
0
0
0
0
0
0
0
0
0
0
0
0
0
0
0
0
0
0
0
0
0
0
0
0
0
0
0
0
0
0
0
0
