5.7457511538551
6.59203742799305
7.40044432594663
8.15188255764189
8.82872413453602
9.41606798626128
9.90323166620164
10.2853131067185
10.5646104358491
10.7515740167527
10.8648643039522
10.9300107955933
10.9762328011649
11.0315795171829
11.117591040475
11.2452473413377
11.413640839713
11.6116988772438
11.8221300215948
12.0261157353719
12.2073084059216
12.3543336050851
12.4616823196411
12.5293914249965
12.5620665323167
12.5676429385231
12.5561114719936
12.5382605961391
12.5245504379272
12.524219921657
12.5446924936204
12.5912916092646
12.6672086261568
12.7736731029692
12.9102695101783
13.0753529866536
13.2665009271531
13.4809115273612
13.7157150450207
13.9681902840024
14.2358299437023
14.5162421181088
14.8068814050584
15.104731241862
15.4060221172514
15.7060976936704
15.999460311163
16.2800012316023
16.5414237976074
16.7777277628581
16.9837725503104
17.1557108561198
17.2912983667283
17.3899299076625
17.4524790445964
17.4810158865792
17.478341057187
17.4475153968448
17.3913490658715
17.3119940076556
17.2107083456857
17.0877924419585
16.9426890781948
16.7742296854655
16.5808912004743
16.3610789889381
16.1133525030954
15.8366593406314
15.5305355616978
15.195237886338
14.8318549110776
14.4423391705468
14.0295036406744
13.5969512122018
13.1489283243815
12.6900780541556
12.2251674561273
11.7588113603138
11.2953027089437
10.8385008403233
10.3917796271188
9.95798160916283
9.53937476021903
9.13759935469854
8.75366047450474
8.38795153299967
8.04034889312017
7.71032578604562
7.39706316448393
7.09953394390288
6.81654185340518
6.54673337936401
6.2885920433771
6.04046219871158
5.80060245877221
5.56728753589448
5.33893221900577
5.11422531945365
4.89223711831229
4.67249768120902
4.45503073646909
4.24034291221982
4.02937696093605
3.82342622393654
3.62402786527361
3.43287016096569
3.25169849395752
3.08222090630304
2.92598480270022
2.78424149467832
2.6578183287666
2.54701746077765
2.4515559957141
2.37053420430138
2.30244026865278
2.24519916943141
2.19628234136672
2.1528760989507
2.11209751878466
2.07123070103782
2.0279567128136
1.98054346584138
1.9279822849092
1.87006310054234
1.8073708159583
1.74118953659421
1.67331571238382
1.60580889667783
1.54070482083729
1.47972256512869
1.42402085519972
1.37405385573705
1.32953992627916
1.28953648181189
1.25258302404767
1.21689770335243
1.1806043159394
1.14197305554435
1.09963830879756
1.05275604554585
1.00107317027592
0.944910946346465
0.885081135091327
0.822781156925928
0.759493768215179
0.696910469304948
0.636881333021891
0.581389641477948
0.53255817152205
0.492686028991427
0.46430409238452
0.45021911462148
0.453501018739882
0.477366356622605
0.524920703399749
0.598756040845599
0.700443639641716
0.830007987362998
0.985501363163903
1.16280193555923
1.35575875214168
0
0
0
0
0
0
0
0
0
0
0
0
0
0
0
0
0
0
0
0
0
0
0
0
0
0
0
0
0
0
0
0
0
0
0
0
0
0
0
0
0
0
0
0
0
0
0
0
0
0
0
0
0
0
0
0
0
0
0
0
0
0
0
0
0
0
0
0
0
