6.00741216540337
6.93043887615204
7.83582347631454
8.70579707622528
9.52253425121307
10.2688660621643
10.9292642474174
11.4910960197449
11.9460735917091
12.2917112708092
12.5325286984444
12.6806529760361
12.7555439472198
12.7825729846954
12.7902507185936
12.8061147928238
12.8517971634865
12.9387509822845
13.06640625
13.223563015461
13.3923565149307
13.5532033443451
13.6890810132027
13.7881778478622
13.8447586894035
13.8586740493774
13.8341324925423
13.7782452702522
13.6996644735336
13.6074910759926
13.5104560852051
13.4163736104965
13.3318775892258
13.2623813152313
13.212234377861
13.1849695444107
13.1835238933563
13.210345864296
13.2673726081848
13.3558391928673
13.4760910272598
13.6274059414864
13.8079431653023
14.0148003101349
14.2441672682762
14.4915524721146
14.7520585656166
15.0206731557846
15.2926047444344
15.563592672348
15.8302172422409
16.0900943875313
16.3419272899628
16.5853892564774
16.8208926916122
17.0493277311325
17.2717617750168
17.4891508817673
17.7020337581635
17.9103318452835
18.113218665123
18.3091449737549
18.4959820508957
18.671205163002
18.8321590423584
18.9763277769089
19.1015875339508
19.2063834667206
19.2898170948029
19.3516731262207
19.3923895359039
19.4130100011826
19.4150658845901
19.4004189968109
19.3710235357285
19.3286341428757
19.2745679616928
19.2095671892166
19.1337324380875
19.0466023683548
18.9472515583038
18.8344502449036
18.7068444490433
18.5631388425827
18.4022843837738
18.2236359119415
18.0270696878433
17.8130171298981
17.5824189186096
17.3366379737854
17.0773332118988
16.8063555955887
16.5256686210632
16.2372484207153
15.9430198073387
15.6448084712029
15.3442956209183
15.0430243015289
14.7423835396767
14.4435930848122
14.1477239131927
13.8557067513466
13.5683536529541
13.2863485813141
13.0102379322052
12.7404219508171
12.4771612286568
12.2205520868301
11.970530629158
11.7268633246422
11.4891444444656
11.2567999958992
11.0290704369545
10.8050307631493
10.5836102366447
10.3636370897293
10.1438806056976
9.92310750484467
9.70011579990387
9.47378069162369
9.24304914474487
9.00692671537399
8.76445972919464
8.51471972465515
8.25682562589645
7.99000298976898
7.71366885304451
7.42754879593849
7.13177010416985
6.82692021131516
6.51405966281891
6.19468653202057
5.87066081166267
5.54408317804337
5.21716061234474
4.89206102490425
4.57078152894974
4.25502449274063
3.94613452255726
3.64508892595768
3.35255570709705
3.06898355484009
2.79471661150455
2.53011593222618
2.27569510042667
2.03227438777685
1.80116795003414
1.58439756184816
1.3849249407649
1.20684982836246
1.05550703033805
0.937377832829952
0.859764888882637
0.830215465277433
0.855732291936874
0.941833894699812
1.09154131636024
1.30438709259033
1.57556694000959
1.89541693031788
2.24945792555809
0
0
0
0
0
0
0
0
0
0
0
0
0
0
0
0
0
0
0
0
0
0
0
0
0
0
0
0
0
0
0
0
0
0
0
0
0
0
0
0
0
0
0
0
0
0
0
0
0
0
0
0
0
0
0
0
0
0
0
0
0
0
0
0
0
0
0
0
0
