5.03165073747988
5.86695072386
6.64836194780138
7.35425039573952
7.96568492606834
8.46815794485587
8.85344311043068
9.12133089701335
9.28095951786748
9.3513459806089
9.3605853539926
9.3431762765955
9.33503613648591
9.36672772301568
9.45705360836453
9.60978320792869
9.81480531339292
10.052661118684
10.3003542864764
10.5365186620642
10.7448349352236
10.9153937940244
11.0444038179186
11.1329652291757
11.1855896490592
11.2088945176866
11.2106100364968
11.1988533161305
11.1815950252392
11.1662884818183
11.1595883899265
11.1671384882044
11.1933958618729
11.2415464189317
11.3134917506465
11.409920445195
11.5304209744489
11.6736645521941
11.8376726574368
12.0201104482015
12.2185918313486
12.4308999026263
12.655127454687
12.8896705486156
13.1330767384282
13.3837369636253
13.6395474539863
13.8976462328876
14.1543473844175
14.4052323588619
14.6453923119439
14.869781670747
15.0736563647235
15.2530104672467
15.4049453735352
15.5278756883409
15.6215265415333
15.6867620680067
15.72527023598
15.7391729354858
15.7306002864131
15.7012798874467
15.6522399407846
15.583642076563
15.4947854148017
15.3842248916626
15.2499883439806
15.089862258346
14.9016960638541
14.6837301960698
14.4349003897773
14.1551009637338
13.8453607205991
13.5079221372251
13.146200745194
12.7646219465468
12.3683683607313
11.9630315568712
11.5542008435285
11.1470585929023
10.7460321850247
10.3545655851011
9.97503489035147
9.60881890190972
9.2564811706543
8.91802720670347
8.59317391007035
8.28155337439643
7.98284283390752
7.69679124267013
7.42320191418683
7.1618775261773
6.91255878519129
6.67485304231997
6.44817679016678
6.23174388320358
6.024614210482
5.82576492097643
5.634167265009
5.44883906399762
5.26890530409636
5.09366971475107
4.92270854667381
4.7559691535102
4.59383576004593
4.43713426589966
4.2870995733473
4.14529903729757
4.01354679354915
3.89378375477261
3.78791595388342
3.69760846208643
3.62405681610107
3.56777721864206
3.52844489945306
3.50482460304543
3.49480015260202
3.49550022902312
3.50349434216817
3.51504677313345
3.52638265821669
3.53394946345577
3.53464181334884
3.52598995632595
3.50629652871026
3.47470751515141
3.4312041953758
3.37648218649405
3.31173894140455
3.23838185381006
3.15774159961277
3.07087054076018
2.97848208745321
2.88101428526419
2.77876205797549
2.67202990143387
2.56125948164198
2.4471385302367
2.33066316004153
2.21315084563361
2.09618230660756
1.9814884574325
1.87080471162443
1.76571265414909
1.66747638472804
1.57688673778817
1.49414854579502
1.41886386164912
1.35012782944573
1.28670792226438
1.22726498709785
1.17057931423187
1.11575854266131
1.06240842077467
1.0107623802291
0.961771655965734
0.917157232761383
0.879398977314984
0.851631583990874
0.837412436803182
0.840357795909599
0.863675857031787
0.680774474585498
0.727442913585239
0.598837357980234
0.619165923860338
0.431667460335626
0.476978765593635
0.28663800822364
0.312688293280425
0.269989565566734
0.284440292252435
0
0
0
0
0
0
0
0
0
0
0
0
0
0
0
0
0
0
0
0
0
0
0
0
0
0
0
0
0
0
0
0
0
0
0
0
0
0
0
0
0
0
0
0
0
0
0
0
0
0
0
0
0
0
0
0
0
0
