6.4520020051436
7.47958248311823
8.48860385201194
9.46401674097235
10.3905647451227
11.2533574537797
12.0389456315474
12.7366889606823
13.3402593786066
13.8489555879073
14.2685300653631
14.6110755747015
14.8936223983765
15.1354002519087
15.3541446165605
15.5624284744263
15.7652461312034
15.9597487883134
16.1372334740379
16.2865197441795
16.3974372690374
16.4634620493109
16.4830329201438
16.4596689397638
16.4012287313288
16.3187052119862
16.2248197902333
16.1326756043868
16.0545621351762
16.0010256333785
15.9802280772816
15.9975631887263
16.0555512688377
16.1539134112271
16.2898853475397
16.4587547995827
16.6545335596258
16.8707124536688
17.1009155620228
17.3394548242742
17.5816152746027
17.8238367600874
18.0636475302956
18.2995317632502
18.5306564677845
18.7565647472035
18.9768848419189
19.1910337968306
19.3980298475786
19.5963942787864
19.7841352982955
19.9588227705522
20.1176539334384
20.2576037320224
20.375563361428
20.4685708826238
20.5340805053711
20.5702101967551
20.5759306820956
20.5511070598256
20.4964597875422
20.4134871742942
20.3043802434748
20.1718647696755
20.0190400210294
19.849138433283
19.6652870178223
19.4702654751864
19.2662265084007
19.0545799948952
18.8359636826949
18.610372543335
18.3773907748136
18.1364135742188
17.8868815682151
17.6284101659601
17.3608417510986
17.0842253945091
16.79878876426
16.5048705014316
16.2029190930453
15.8934750990434
15.5771267630837
15.2544757669622
14.9260973496871
14.5925343253396
14.2543269070712
13.9120615178888
13.566423589533
13.2182517485185
12.8685369491577
12.518367507241
12.168797492981
11.8207312497226
11.4748399907892
11.1315513957631
10.7910968607122
10.4535538933494
10.1189202395352
9.78717145052823
9.45835278250954
9.13264855471524
8.81048380244862
8.49256138368086
8.17985963821411
7.87355860796842
7.57495043494485
7.28532630747015
7.00589110634544
6.73768199573864
6.48149772123857
6.23787299069491
6.00705311515115
5.78900111805309
5.58337137915871
5.38950354402716
5.20642590522766
5.03292137926275
4.86763165213845
4.70918002995578
4.5562781420621
4.40782024643638
4.26294693079862
4.12108232758262
3.98191900686784
3.84536654298956
3.71147203445435
3.58035720478405
3.45218389684504
3.32713930173354
3.20543276179921
3.08728250590238
2.97290550578724
2.86251498352398
2.75632551583377
2.65456807613373
2.55748368393291
2.465292356231
2.37814043868672
2.29605895822698
2.21894915537401
2.14658291773363
2.07861977273768
2.01464456861669
1.9542511918328
1.8971793868325
1.8434921503067
1.79374797777696
1.74913184209303
1.71149645068429
1.68329800258983
1.66743584112688
1.66701835935766
1.68509486588565
1.72437214851379
1.78690847483548
1.87377879836343
1.98471503907984
2.1177886724472
2.26924358714711
2.43360909548673
0
0
0
0
0
0
0
0
0
0
0
0
0
0
0
0
0
0
0
0
0
0
0
0
0
0
0
0
0
0
0
0
0
0
0
0
0
0
0
0
0
0
0
0
0
0
0
0
0
0
0
0
0
0
0
0
0
0
0
0
0
0
0
0
0
0
0
0
0
