5.47146549931279
6.34770283875642
7.1967396206326
8.00073720790722
8.74090297133834
9.39844583581995
9.95618096104375
10.4006568060981
10.7245824601915
10.9292508937694
11.0263914178919
11.038878582142
10.9997166174429
10.9487533569336
10.9266581358733
10.9667431513468
11.087402732284
11.2887477874756
11.5547222208094
11.8589782361631
12.1718538072374
12.4665121502346
12.7231348179005
12.9307574872617
13.087003743207
13.1963827698319
13.2679537667169
13.3129582934909
13.3427733315362
13.3674011583681
13.3945850089744
13.4295592131438
13.4753389358521
13.5333379816126
13.6040879708749
13.6879170029252
13.785457999618
13.8978958836308
14.0269514719645
14.1746751997206
14.3431267561736
14.5339994783755
14.748250219557
14.9857685654252
15.2451592198125
15.5236620726409
15.8172234429253
16.1207220995868
16.4282960538511
16.733763023659
17.0310757954915
17.3147766678422
17.5804046348289
17.8248153969094
18.0463437680845
18.2447521774857
18.4209858223244
18.5767791182907
18.7142191992866
18.8353329411259
18.9417220928051
19.0343144028275
19.1132250185366
19.1777160079391
19.226297237255
19.2569322232847
19.2673061512135
19.2551391036422
19.2184136708577
19.1555922472918
19.0657533716272
18.9486865997314
18.8049185717547
18.6356331154152
18.4425674014621
18.2278478410509
17.9938741613317
17.7431848314073
17.4783163423891
17.2016756976092
16.9154396763554
16.6215387273718
16.3216712033307
16.017323811849
15.7097784678141
15.4001109864977
15.0892335397226
14.7779523708202
14.4670405564485
14.157284312778
13.8495177163018
13.5446264832108
13.243511694449
12.9470253343935
12.6558738284641
12.3705439037747
12.0912830564711
11.8181258307563
11.5509317186144
11.2894645267063
11.0334647496541
10.7827280892266
10.5371385150486
10.2966449525621
10.0611813509906
9.83058653937446
9.60453005190249
9.38249051129377
9.16379056153474
8.94766535582366
8.73337881653397
8.5203199033384
8.30807337937532
8.09645317218922
7.88550662994385
7.67550473743015
7.46691389437075
7.26035912831624
7.05657729396114
6.85636297861735
6.6604839430915
6.46957263240108
6.28399568133884
6.10375505023532
5.92845314520377
5.75734428123192
5.58944442537096
5.42367645546242
5.25900812502261
5.09456897664953
4.9297331350821
4.76416229318689
4.59780629475911
4.43087201648288
4.26375355543914
4.09694738741274
3.93095324657581
3.76618655522664
3.60291226704915
3.44120089213053
3.28090719823484
3.12168706787957
2.96307383643256
2.8046305709415
2.64617412178605
2.48804639886927
2.33140427094919
2.17849473158518
2.03286249549301
1.89944697750939
1.78452743865826
1.69551142939815
1.64055177017494
1.62798436482747
1.66556585718084
1.75952263231631
1.913462250321
2.12727331673657
2.39621532404864
2.71046611114785
3.05541832358749
0.122538760856346
0
0
0
0
0
0
0
0
0
0
0
0
0
0
0
0
0
0
0
0
0
0
0
0
0
0
0
0
0
0
0
0
0
0
0
0
0
0
0
0
0
0
0
0
0
0
0
0
0
0
0
0
0
0
0
0
0
0
0
0
0
0
0
0
0
0
0
0
