1.21570907533169
1.77611780166626
2.32291508714358
2.84944728016853
3.34834698836009
3.81183089812597
4.23249546686808
4.60458878676097
4.9256251056989
5.1981149315834
5.43098747730255
5.64015005032222
5.8476490577062
6.07897885640462
6.35841226577759
6.70308991273244
7.11791964371999
7.59361259142558
8.10873297850291
8.63464593887329
9.14145874977112
9.60321259498596
10.0013616085052
10.3262042204539
10.5764842033386
10.7577084700267
10.8798136711121
10.9548523426056
10.9950795173645
11.0116752783457
11.0140825907389
11.0098771254222
11.0049352645874
11.0037291844686
11.0095772743225
11.0248672962189
11.0512189070384
11.0896615187327
11.1407845815023
11.2048980394999
11.2821269035339
11.3724540869395
11.4756948947906
11.5914097627004
11.7187812328339
11.8564953009288
12.0026571750641
12.154821395874
12.3101204236348
12.465531428655
12.6181488831838
12.7654377619425
12.9053742090861
13.0364883740743
13.1578138669332
13.268741051356
13.3688138326009
13.4575073719025
13.5340096950531
13.5971358617147
13.6453420321147
13.6768561204275
13.6898720264435
13.682782570521
13.6543751557668
13.6039346059163
13.5312720139821
13.4367274443309
13.3211929003398
13.1861465771993
13.0336049397786
12.8659410476685
12.6856188774109
12.4949185053507
12.2957620620728
12.0896603266398
11.8777635892232
11.6609846750895
11.4401401678721
11.2160810629527
10.9897583325704
10.7622621059418
10.5347967942556
10.3086693286896
10.0852359930674
9.86586674054464
9.65191205342611
9.44464031855265
9.24517544110616
9.05443088213603
8.87304242451986
8.70133837064107
8.53935368855794
8.38686565558116
8.24345751603444
8.10858762264252
7.9816437959671
7.86198329925537
7.74896514415741
7.64196733633677
7.54041413466136
7.44381050268809
7.35178450743357
7.26413162549337
7.18085221449534
7.10218906402588
7.02867110570272
6.96114166577657
6.90077388286591
6.84903291861216
6.80758202075958
6.77815004189809
6.76239212354024
6.76175999641418
6.77738054593404
6.80995559692383
6.85966102282206
6.92607072989146
7.00811632474263
7.10409231980642
7.21171935399373
7.32824695110321
7.45060404141744
7.57556462287903
7.69992089271545
7.82064684232076
7.93502799669902
8.04073862234751
8.13587915897369
8.21899330615997
8.28909667332967
8.34569748242696
8.38881707191467
8.41897948582967
8.43717034657796
8.44476127624512
8.44336501757304
8.43465971946716
8.42020157972972
8.401291847229
8.37890458106995
8.35368470350901
8.3259703318278
8.29583263397217
8.26312589645386
8.22754104932149
8.18864492575327
8.14592623710632
8.09880379835765
8.04665549596151
7.98885901769002
7.92486790815989
7.85430804888407
7.77703921000163
7.69314932823181
7.60289708773295
7.50660940011342
7.40458520253499
7.29704837004344
7.18414974212646
7.06598667303721
6.9426212310791
6.81404292583466
6.68010640144348
6.54045939445496
6.39447581768036
6.2412580649058
6.0797210931778
5.90877536932627
5.72756258646647
5.53566722075144
5.33324162165324
5.12101872762044
4.90024522940318
4.67255359888077
4.43978367249171
4.2038023074468
3.96634455521901
3.72889524698257
3.49258665243785
3.25812470912933
3.02579234043757
2.79554885625839
2.56720356146495
2.34062315026919
2.11596196889877
1.8938804268837
1.67573327819506
1.46370190382004
1.26088031133016
1.07131793598334
0.900010546048482
0.752816672126452
0.636260896921158
0.557190448045731
0.52224563062191
0.486588157713413
0.545311793684959
0.593957821528117
0.734818801283836
0.517110054691633
0.63434961438179
0.499064306418101
0.575193633635839
0.149116466442744
0.15872597694397
0
0
0
0
0
0
0
0
0
0
0
0
0
0
0
0
0
0
0
0
0
0
0
0
