1.61252851170652
1.43995854959768
1.22472762184985
0.967205008163172
0.667712686692967
0.327356404241394
-0.0507485481417354
-0.460012627655969
-0.8887593592791
-1.31868364179836
-1.72408512409996
-2.07294744603774
-2.33061108168434
-2.46569726046394
-2.45657148080714
-2.29599179239834
-1.99234580993652
-1.56740032925325
-1.05172032468459
-0.479387008968522
0.116680260638104
0.708122314775691
1.27306643303703
1.79665979217081
2.27048736460069
2.6912824827082
3.05939375652986
3.37739502682405
3.64907469468958
3.87883639335632
4.07141737376942
4.23178118817946
4.36508565790513
4.47666178030126
4.57199660469504
4.65664922489839
4.73611366047579
4.81563486772425
4.90000362957225
4.99336105234483
5.09903327156516
5.21938553978415
5.35572859820198
5.50827918333166
5.67621357300702
5.85780025930966
6.05062108881333
6.25180906407973
6.45831007115981
6.66713967042811
6.87558227426866
7.08124592724968
7.28198836831486
7.47579622268677
7.66071159699384
7.83482161690207
7.99629121668199
8.14343345866484
8.2748036665075
8.38934258853688
8.48655380922205
8.56668057161219
8.63079758251415
8.68074610654046
8.71889504264383
8.74781333698946
8.76992781022016
8.78726653491749
8.80129326091093
8.81284051782945
8.82215309143066
8.8289815678316
8.83276103524601
8.83279991149902
8.828476933872
8.81941873887006
8.8056323668536
8.78758969026453
8.76624023213106
8.74294494180118
8.71933639750761
8.69716548919678
8.6781369377585
8.66376994637882
8.65529458663043
8.65358464858111
8.65911764257094
8.67196200875675
8.69180118336397
8.71803076126996
8.74989941540886
8.7866397745469
8.82757304696476
8.87213718189913
8.91989259158864
8.97048866047579
9.02361443463494
9.07894448673024
9.1360736173742
9.19448824489818
9.25354430254768
9.31247699961943
9.37042847801657
9.4265110913445
9.47987949146944
9.52979861988741
9.57568106931799
9.61712461359361
9.65395618887509
9.68630818759694
9.71469318165499
9.74007494309369
9.76393133051255
9.78826281603645
9.8155881096335
9.84887308232924
9.89139040778665
9.94651945899515
10.0174649743473
10.1069139592788
10.2166777779074
10.3473657720229
10.4981309105368
10.6665582095875
10.8487031600055
11.0393190944896
11.2322384329403
11.4208430121927
11.5985392963185
11.7592140085557
11.8976291768691
12.0097068337833
12.0927289513981
12.1454096401439
12.1678911096909
12.1616443185245
12.129295910106
12.074367018307
12.0009487937478
11.9133424758911
11.8157322827507
11.7119343701531
11.6052380169139
11.4983122769524
11.3931573979995
11.291108972886
11.1928538715138
11.0984844319961
11.0075603933895
10.9191755406997
10.8321105171652
10.7449967440437
10.6565204508164
10.5656180662267
10.471630152534
10.3743477428661
10.2739686965942
10.1709526847391
10.0658730899586
9.95932450014002
9.85190812279196
9.74427318572998
9.63716888427734
9.53147114024443
9.42815068188836
9.32817969602697
9.23238973056569
9.14135024126838
9.05528680016013
8.97412305719712
8.89756000743193
8.82520978591021
8.75669344733743
8.69168915468104
8.62991389106302
8.57103701198802
8.51456513124354
8.45971932130701
8.40536297068876
8.34998731052174
8.29180981131161
8.22895664327285
8.15973430521348
8.08287715911865
7.99776363372803
7.90453142278335
7.80415088990155
7.6984925550573
7.5903993213878
7.48370944752413
7.38318673302146
7.29429073894725
7.22282106736127
7.17448116751278
7.15440522923189
7.16660210665535
7.21324180154239
7.29378100002513
7.40398291980519
7.5350035499124
7.67269271962783
7.79730140461641
7.88374109829173
7.90254755581126
7.82161210565006
7.60862914253684
7.2342420465806
6.67573098575368
5.92113750121173
4.97340927404516
3.85400638860815
2.60506665706635
1.28912498056889
-0.014798071454553
-1.2196948769338
-2.2431879604564
-3.02108853003558
-3.51724334324107
-3.72671121709487
-3.67246354327482
-3.39792933183558
-2.95822933140923
-0.819766935180215
-0.495714524213005
-0.0435297138550702
-0.0151679060038398
0
0
0
0
