0.311867441982031
0.252359559759498
0.150470522232354
-0.00354029703885317
-0.218986048557175
-0.503414935742815
-0.860986354450385
-1.29060176511606
-1.78393739461899
-2.32373776038488
-2.88294869661331
-3.42540242274602
-3.90863823890686
-4.28898763656616
-4.52815624078115
-4.59969607988993
-4.49358681837718
-4.21777101357778
-3.79647050301234
-3.26592687765757
-2.66878797610601
-2.04848069945971
-1.44459886352221
-0.889708230892817
-0.407563837865988
-0.0125425506266765
0.289913820723693
0.502035078903039
0.631882578134537
0.69124207397302
0.693569183349609
0.652252212166786
0.579362099369367
0.484939306974411
0.376751455167929
0.260392334312201
0.139611648706098
0.0168090418289163
-0.106360472467107
-0.228349639723698
-0.347148451954126
-0.459875610967477
-0.562608025968075
-0.650495690604051
-0.718174584209919
-0.760430271426837
-0.77297422538201
-0.753131819268068
-0.700260640432437
-0.61580608971417
-0.503009839914739
-0.366369811507563
-0.210989061587801
-0.041948868582646
0.136201593869676
0.31979553696389
0.506230387526254
0.693989740684628
0.882519897073507
1.07199857135614
1.26306677858035
1.45659781992435
1.65353632469972
1.85479271411896
2.06117877364159
2.27338769038518
2.49200078845024
2.71748354037603
2.95015160242716
3.19012157122294
3.43730541070302
3.6914577682813
3.95227525631587
4.21951480706533
4.49308600028356
4.77308930953344
5.0598171154658
5.35372602939606
5.65539900461833
5.96544309457143
6.28433418273926
6.61222946643829
6.94884777069092
7.29349136352539
7.64516337712606
8.00271391868591
8.36492788791656
8.73055986563365
9.0983635187149
9.46711071332296
9.83561420440674
10.2027359803518
10.5674051443736
10.9286716779073
11.285734574
11.6379221280416
11.9845918019613
12.3250478108724
12.658505042394
12.9841307799021
13.3011274337769
13.6088052590688
13.9066194693247
14.1941467126211
14.4710161685944
14.7368583679199
14.9912398656209
15.2336632410685
15.463604927063
15.6806290149689
15.8844845294952
16.0751798947652
16.2529292901357
16.4181063175201
16.5711828072866
16.7127069632212
16.843318939209
16.9638299942017
17.0752994219462
17.1791593233744
17.2773021062215
17.3721415201823
17.466626962026
17.5641921361287
17.6686833699544
17.7841862042745
17.9148082733154
18.0643765131632
18.2360905011495
18.4321053822835
18.6531484921773
18.8982264200846
19.1645081837972
19.4474285443624
19.7410281499227
20.0384259223938
20.3323713938395
20.6157380739848
20.8819255828857
21.1252285639445
21.3411224683126
21.5264925956726
21.6797959009806
21.801083723704
21.8919506072998
21.9553244908651
21.9951895078023
22.0161566734314
22.0230231285095
22.0203822453817
22.0123772621155
22.0025747617086
21.9939792950948
21.9890454610189
21.9896858533223
21.9972214698792
22.0123047828674
22.0349245071411
22.0644036928813
22.0994809468587
22.1384023030599
22.1791302363078
22.2195534706116
22.2577795982361
22.2923310597738
22.3223176002502
22.3475216229757
22.3684206008911
22.3861536979675
22.4023927052816
22.4191501935323
22.4384903907776
22.4623448053996
22.4923761685689
22.5300024350484
22.5764446258545
22.6327654520671
22.6998596191406
22.7783856391907
22.8686210314433
22.9703674316406
23.0828876495361
23.2049005826314
23.3346815109253
23.470183690389
23.6092267036438
23.7497177124023
23.8899180094401
24.0288244883219
24.1664751370748
24.3042375246684
24.4448084831238
24.5920270284017
24.7503743171692
24.9242496490479
25.1171660423279
25.3309310277303
25.565033753713
25.8161538441976
26.0777694384257
26.3397076924642
26.5876844724019
26.8028437296549
26.9615739186605
27.0358789761861
26.9943674405416
26.8039248784383
26.4318583806356
25.8485131263733
25.0303675333659
23.9634337425232
22.646769841512
21.0954410235087
19.3422368367513
17.4372200965881
15.4445094267527
13.4361947377523
11.4841383298238
9.65126323699951
7.98440357049306
6.51047873497009
5.23680639266968
4.15494547287623
3.24635312954585
2.48801179726919
1.85681051015854
1.33228934804598
0.897938887278239
0.541435554623604
0.254134239008029
