0.827030819654465
0.933378165960312
0.989116597175598
0.989886617660522
0.933585530519485
0.821539098396897
0.659930268116295
0.461254703998566
0.245493035623804
0.0405336081981659
-0.118766811490059
-0.193590450286865
-0.146642960608006
0.050541278719902
0.410776903480291
0.927798688411713
1.5775760576129
2.32349338531494
3.12327892780304
3.93562750816345
4.72517488002777
5.46533994674683
6.13915247917175
6.73854193687439
7.26258563995361
7.71529693603516
8.10344381332397
8.43472595214844
8.71654076576233
8.95530004501343
9.15626087188721
9.32370738983154
9.4613130569458
9.57246427536011
9.6604793548584
9.728675365448
9.78034076690674
9.81860933303833
9.84626817703247
9.86556901931763
9.87813844680786
9.88502998352051
9.88693084716797
9.88444662094116
9.87830362319946
9.86939401626587
9.85866975784302
9.84690475463867
9.83450517654419
9.82141609191894
9.80712585449219
9.7907751083374
9.77134456634522
9.74789400100708
9.71983480453491
9.6871356010437
9.65038843154907
9.61069593429565
9.56939191818237
9.52770299911499
9.48647794723511
9.4460147857666
9.40604953765869
9.3658561706543
9.3244047164917
9.2805703163147
9.23332386016846
9.18190059661865
9.12593097686768
9.06549873352051
9.00114154815674
8.93378295898438
8.86462907791138
8.79499750137329
8.72615737915039
8.6592095375061
8.59502029418945
8.53416652679443
8.47687950134277
8.42299194335937
8.37194046974182
8.32284917831421
8.27468566894531
8.22642707824707
8.17721228599548
8.12642025947571
8.07371869087219
8.01909265518188
7.96285443305969
7.90561089515686
7.84819374084473
7.7915807723999
7.73683805465698
7.68509297370911
7.63749938011169
7.59519672393799
7.55922179222107
7.53042912483215
7.50943365097046
7.49658007621765
7.49193615913391
7.49529457092285
7.50618147850037
7.52388091087341
7.54748249053955
7.57596397399902
7.60829801559448
7.64357056617737
7.68109788894653
7.72052531242371
7.76191558837891
7.80582909584045
7.85340957641602
7.90645108222961
7.96739687919617
8.03925552368164
8.12538290023804
8.22920818328857
8.3539044380188
8.5020302772522
8.67518291473389
8.87367315292358
9.09629611968994
9.34025402069092
9.60127582550049
9.87389116287232
10.1518287658691
10.4284355163574
10.6970576286316
10.9513816833496
11.1856969833374
11.3951426506042
11.5759119987488
11.7254526138306
11.8426142692566
11.927690410614
11.9823274612427
12.0093012809753
12.0121885299683
11.9950035095215
11.9618761062622
11.9167887687683
11.8633939743042
11.8048027038574
11.7434153556824
11.6807520866394
11.6174210548401
11.553227519989
11.4874093055725
11.4188839912415
11.3464878082275
11.2691456794739
11.1859632492065
11.0962864875793
10.999665927887
10.8957863807678
10.7843803405762
10.6651749610901
10.5378776550293
10.4022241592407
10.258043384552
10.1053740501404
9.94457750320435
9.77643823623657
9.60218687057495
9.42342395782471
9.24197196960449
9.05967025756836
8.87816200256348
8.69870338439941
8.52199592590332
8.34808807373047
8.17633180618286
8.00546016693115
7.83376021385193
7.65929398536682
7.48013200759888
7.2945764541626
7.1013644695282
6.89983458518982
6.69000482559204
6.47250552177429
6.24838209152222
6.01886038780212
5.78517003059387
5.54852075576782
5.31026043891907
5.07221827507019
4.83712115287781
4.60895233154297
4.39310956001282
4.196306848526
4.02618083953857
3.89058973789215
3.79660196304321
3.74920544624329
3.74983410835266
3.79489750862122
3.87449345588684
3.97149083614349
4.06115953922272
4.11151411533356
4.0845410823822
3.93842837810516
3.63084630966187
3.12317705154419
2.38557679653168
1.4025962471962
0.178915067389607
-1.2555402636528
-2.84209940433502
-4.49270734786987
-5.48883934020996
-6.7704357624054
-7.77453303337097
-8.40405292510986
-3.7974597454071
-3.68711576461792
-2.39469599723816
-2.08046851158142
0
0
0
0
0
0
0
0
0
0
