0.183856966009793
0.23640501126647
0.223518293718091
0.132913199468301
-0.0443883159985909
-0.312064018673622
-0.666385255180872
-1.09430015774874
-1.57210028171539
-2.06515709711955
-2.52931573757759
-2.91460009721609
-3.17166040493892
-3.26028954982758
-3.15746502692883
-2.86166345614653
-2.39198677585675
-1.78318890241476
-1.07884446287958
-0.324654819873663
0.436897442891048
1.17010384626113
1.84789240131011
2.45230694000538
2.9739354298665
3.41059549955221
3.7656210569235
4.04614252310533
4.26159247985253
4.42253164144663
4.53976680682256
4.62373744524442
4.68414346988385
4.72975668540368
4.76832380661598
4.80646414023179
4.84953962839567
4.90152138930101
4.96492484899668
5.04084528409518
5.12911152839661
5.22855404707102
5.33731519258939
5.45311482136066
5.57343948804415
5.69568978823148
5.81730758226835
5.93586699779217
6.04914182883043
6.15519358561589
6.25246994311993
6.33989572525024
6.41693537051861
6.48362211080698
6.54055089216966
6.58882273160494
6.62990852502676
6.66544628143311
6.69703483581543
6.72607344847459
6.75367967899029
6.78064562724187
6.80742168426514
6.83414041079008
6.86070651274461
6.88696553156926
6.91288298826951
6.93866131855891
6.96473319713886
6.99166573010958
7.02001674358661
7.05021197979267
7.08249055422269
7.11692340557392
7.15351115740263
7.19230552820059
7.23351940741906
7.27757501602173
7.32507122479952
7.37668525255643
7.43305620780358
7.4946801845844
7.56182373487032
7.63446242992695
7.71226530808669
7.79467901816735
7.88108172783485
7.97094348760752
8.06390953063965
8.15980357390184
8.25857808039739
8.36025751554049
8.46489535845243
8.57255143385667
8.68326403544499
8.79702612069937
8.91375020834116
9.03325462341309
9.15528436807486
9.27953485342172
9.40569342099703
9.53345790276161
9.66254425048828
9.79263731149527
9.92331152695876
10.0539243404682
10.1835602246798
10.3110380906325
10.4349915431096
10.5539877231304
10.6666476176335
10.7717169981736
10.8680912898137
10.9548223202045
11.0311260956984
11.0964455971351
11.1505452669584
11.1936269173255
11.2264278118427
11.2502650481004
11.2670488357544
11.279278241671
11.2900306261503
11.3029336195726
11.3220566969651
11.3517337945791
11.3962755936843
11.4596369083111
11.5450595708994
11.654754785391
11.7896739519559
11.949417921213
12.1322619364812
12.3352850400485
12.5545401206383
12.7852555054885
13.0220663364117
13.2592657529391
13.4911117553711
13.7121401566726
13.9174712254451
14.1030589617216
14.2658613645113
14.4038856212909
14.5162082085243
14.6029340303861
14.6651455805852
14.704789014963
14.7244928066547
14.7273403314444
14.7166663683378
14.6958862451407
14.6683809573834
14.6373870556171
14.6058495594905
14.5762344507071
14.5503270809467
14.5290665259728
14.5124564537635
14.4995956420898
14.4888427440937
14.4781116338877
14.4652448067298
14.4484023314256
14.4263876401461
14.3988538155189
14.3663325676551
14.3301181059617
14.2920444195087
14.2542371016282
14.218868622413
14.1879378098708
14.1630721459022
14.1453900704017
14.1354230734018
14.1331123205332
14.1378959509043
14.1489127966074
14.1653035237239
14.1865110397339
14.2125116494986
14.2439683767465
14.2822760068453
14.3295056269719
14.3882392002986
14.4612693053025
14.5512781876784
14.6606198090773
14.7913024608906
14.9451918235192
15.1243294202364
15.3311464603131
15.5684917156513
15.8394193649292
16.1467533111572
16.4924613512479
16.8767855717586
17.2971206078163
17.7467528123122
18.2135970775898
18.6791748633751
19.1180174900935
19.4974658672626
19.7780920175406
19.9150418501634
19.860807125385
19.5694578610934
19.0019221672645
18.1317440913274
16.9507280496451
15.4738223736103
13.7422118553748
11.8235230079064
9.80786022773156
7.79850574640127
5.89767239643977
4.19083896050086
2.73499527344337
1.55424699416527
0.642773518195519
-0.0271623112404576
-0.495171352074696
-0.803418214504535
-0.989906489849091
-1.08506031678273
-1.11125045097791
-1.08428957829109
-1.01577767042013
-0.709372983529018
-0.614328870406518
