-1.37712280373824
-1.41756373957584
-1.45027657559043
-1.46988780247538
-1.47263115958164
-1.45683230851826
-1.42309982525675
-1.3741850915708
-1.31451070622394
-1.24941178058323
-1.18421935407739
-1.12334431158869
-1.06942606285999
-1.02260457528265
-0.980128937645962
-0.93666136735364
-0.885479331016541
-0.820397516614512
-0.73780226001614
-0.638029363594557
-0.525535478403694
-0.407833080175088
-0.293645097996647
-0.190972632385398
-0.105613319399325
-0.0403514289983401
0.00517040260724331
0.0339995481465992
0.0510212854531251
0.0619256864056775
0.072185408716139
0.0861795974993392
0.106559056102445
0.133922262411369
0.166834624778283
0.202187995769476
0.235853569484071
0.263536372975642
0.281696461631279
0.288363030670505
0.283683994784951
0.270107115667902
0.252170615486409
0.235956488863418
0.228292180127219
0.235810513559141
0.264015989868264
0.31652737237317
0.394656262586068
0.49740918725729
0.621910045217527
0.764120497201618
0.919676144656382
1.08462415714013
1.25591751933098
1.43161818541979
1.61084382157577
1.79354259528612
1.98019443060222
2.17152585481343
2.36830227625997
2.57121651423605
2.78083592339566
2.99754157819246
3.22144914928236
3.45234015113429
3.68963006923073
3.9323673248291
4.17926793349417
4.42877498425935
4.67914799640053
4.92855804844906
5.17516153737118
5.41715210362485
5.65280605617322
5.88054842697947
6.09904309322959
6.30730498464484
6.50478129637869
6.69136551806801
6.86733720177098
7.03327211580778
7.18992777874595
7.33814231972945
7.47871855685585
7.61231562965795
7.73935483631335
7.85996868735866
7.97403463564421
8.08129340723941
8.18151509134393
8.27468229594984
8.36111440156635
8.44151346307052
8.51693504735043
8.58867951443321
8.65814786208303
8.72670088316265
8.7955369447407
8.8656073118511
8.93755501195004
9.01170208579616
9.08807613975123
9.16644517998946
9.24638055500231
9.32729374734979
9.40852481440494
9.48940016094007
9.56928755107679
9.64763505835282
9.72398933611418
9.79799938201904
9.86943305166144
9.93817013188412
10.0041819120708
10.0675605472765
10.1285542939839
10.1876630783081
10.2457614195974
10.3042120682566
10.3649689021863
10.430584154631
10.5041427612305
10.5890771966231
10.6888881482576
10.8067849811755
10.9452810789409
11.1058058487742
11.2883816769249
11.4914467460231
11.7118573439749
11.9450710196244
12.1855134462055
12.4270205246775
12.6633112054122
12.8884437962582
13.0971876445569
13.285288158216
13.4496038838437
13.5881460089433
13.7000449833117
13.7855070013749
13.845757082889
13.8829668446591
13.9001204842015
13.9007776661923
13.8887822502538
13.8678972846583
13.8414996297736
13.8123462576615
13.7824635254709
13.7531352796053
13.7249688600239
13.6980169697812
13.6719301123368
13.6460979863217
13.6197469108983
13.5920067837364
13.5619546990646
13.5286594190096
13.4912375399941
13.4489146282798
13.4010691391794
13.3472557067871
13.2872358623304
13.2210652702733
13.1492321114791
13.072774234571
12.9933004881206
12.9128666426006
12.8337827983655
12.7584160754555
12.6890586551867
12.6278405440481
12.5765981674194
12.5367163106015
12.5089546504774
12.4933466158415
12.4892171558581
12.4953128915084
12.5099815067492
12.5313918465062
12.5577142113133
12.587271740562
12.618630710401
12.6506668893914
12.6826366625334
12.7142808813798
12.7459581776669
12.7788130107679
12.8149368888453
12.8574867248535
12.9106524618048
12.979401989987
13.0690156033165
13.1844480916073
13.329569766396
13.506268149928
13.7134666944805
13.9461237254896
14.1944093704224
14.4431829954449
14.6718345441316
14.854514473363
14.9607587111624
14.9566812013325
14.8068975649382
14.4773346248426
13.9389155538459
13.1719100851762
12.1704972417731
10.9469226034064
9.53452065116481
7.98859172118338
6.38392079503913
4.80781866374769
3.34875987705431
2.08260683636916
1.0602754213308
0.300959255546331
-0.20714674607581
-0.499702047752707
-0.62569982166353
-0.636929781029099
-0.57981675392703
-0.490637142407267
-0.394028924797711
-0.304076499452716
-0.0951724913167326
-0.0701464244507645
